100622971	1	1272	1134876	1	1245
100622971	1	1272	190217911	1	1245
100622971	1	1272	79120054	1	1245
100622971	1	1272	262903207	1	1260
100622971	1	1272	364510580	1	1266
100622971	1	1272	248350468	1	1266
100622971	1	1272	451677941	1	1266
100622971	1	1272	181193082	1	1266
100622971	1	1272	306219151	1	1266
100622971	1	1272	422694827	1	1266
100622971	1	1272	44601617	1	1266
100622971	1	1272	102641204	1	1266
100622971	1	1272	146243295	1	1266
100622971	1	1272	160809959	1	1266
100622971	1	1272	219213844	1	1266
100622971	1	1272	262576975	1	1266
100622971	1	1272	364418214	1	1266
100622971	1	1272	1098289	1	1266
100622971	1	1272	44573463	1	1266
100622971	1	1272	59076004	1	1266
100622971	1	1272	102734205	1	1266
100622971	1	1272	175394678	1	1266
100622971	1	1272	190187858	1	1266
100622971	1	1272	218961632	1	1266
100622971	1	1272	219138730	1	1266
100622971	1	1272	248162293	1	1266
100622971	1	1272	262675386	1	1266
100622971	1	1272	320999286	1	1266
100622971	1	1272	335302142	1	1266
100622971	1	1272	408062879	1	1266
100622971	1	1272	422654401	1	1266
100622971	1	1272	437166259	1	1266
100622971	1	1272	451621453	1	1266
100622971	1	1272	452013209	1	1266
100622971	1	1272	15376052	1	1266
100622971	1	1272	30148140	1	1266
100622971	1	1272	30282463	1	1266
100622971	1	1272	117235466	1	1266
100622971	1	1272	132069112	1	1266
100622971	1	1272	189941056	1	1266
100622971	1	1272	204560855	1	1266
100622971	1	1272	248119540	1	1266
100622971	1	1272	277436954	1	1266
100622971	1	1272	306343784	1	1266
100622971	1	1272	321185314	1	1266
100622971	1	1272	437193506	1	1266
100622971	1	1272	30128930	1	1266
100622971	1	1272	59390364	1	1266
100622971	1	1272	73786758	1	1266
100622971	1	1272	88221670	1	1266
100622971	1	1272	277384703	1	1266
100622971	1	1272	306343366	1	1266
100622971	1	1272	321128187	1	1266
100622971	1	1272	379157160	1	1266
100622971	1	1272	422628886	1	1266
100622971	1	1272	422687651	1	1266
100622971	1	1272	451803887	1	1266
100622971	1	1272	248303658	1	1266
100622971	1	1272	335655432	1	1266
100622971	1	1272	103049004	1	1266
100622971	1	1272	292044394	1	1266
100622971	1	1272	306333690	1	1269
100622971	1	1272	306263595	1	1269
100622971	1	1272	1019360	1	1269
100622971	1	1272	277572527	1	1269
100622971	1	1272	349957598	1	1269
100622971	1	1272	175544155	1	1269
100622971	1	1272	248100706	1	1269
100622971	1	1272	44705393	1	1269
100622971	1	1272	175576102	1	1269
100622971	1	1272	408449650	1	1269
100622971	1	1272	985437	1	1269
100622971	1	1272	44714934	1	1269
100622971	1	1272	422617513	1	1269
100622971	1	1272	233691260	1	1269
100622971	1	1272	393739952	1	1269
100622971	1	1272	229037466	1	1272
100622971	1	1272	422603316	1	1272
100622971	1	1272	182379672	1	1272
100622971	1	1272	379248156	1	1272
100622971	1	1272	233483315	1	1272
100622971	1	1272	102958144	1	1272
100622971	1	1272	88320874	1	1272
100622971	1	1272	393570561	1	1272
100622971	1	1272	44668790	1	1272
100622971	1	1272	444973587	1	1272
100622971	1	1272	374540932	1	1272
100622971	1	1272	117183858	1	1272
100622971	1	1272	248507303	1	1272
100622971	1	1272	100622971	1	1272
100622971	1	1272	262598962	1	1272
100622971	1	1272	277488337	1	1272
100622971	1	1272	290345821	1	1272
100622971	1	1272	449450474	1	1272
100622971	1	1272	113532100	1	1272
100622971	1	1272	218133496	1	1272
100622971	1	1272	117634980	1	1272
100622971	1	1272	159731803	1	1272
100622971	1	1272	246524433	1	1272
100622971	1	1272	271734450	1	1272
100622971	1	1272	30344071	1	1272
100622971	1	1272	146293253	1	1272
100622971	1	1272	181650760	1	1272
100622971	1	1272	292082016	1	1272
100622971	1	1272	300112792	1	1272
100622971	1	1272	1280268	1	1272
100622971	1	1272	72255056	1	1272
100622971	1	1272	83471801	1	1272
100622971	1	1272	261325544	1	1272
100622971	1	1272	361857303	1	1272
100622971	1	1272	88067539	1	1272
100622971	1	1272	161224479	1	1272
100622971	1	1272	358163838	1	1272
100622971	1	1272	44791221	1	1272
100622971	1	1272	160834969	1	1272
100622971	1	1272	196149525	1	1272
100622971	1	1272	204787125	1	1272
100622971	1	1272	204885215	1	1272
100622971	1	1272	230270966	1	1272
100622971	1	1272	277585096	1	1272
100622971	1	1272	23706581	1	1272
100622971	1	1272	233636520	1	1272
100622971	1	1272	262599353	1	1272
100622971	1	1272	303474510	1	1272
100622971	1	1272	371162389	1	1272
100622971	1	1272	231061757	1	1272
100622971	1	1272	342371948	1	1272
100622971	1	1272	82930625	1	1272
100622971	1	1272	132088430	1	1272
100622971	1	1272	248254641	1	1272
100622971	1	1272	262740721	1	1272
100622971	1	1272	408446268	1	1272
100622971	1	1272	57638184	1	1272
100622971	1	1272	391236325	1	1272
100622971	1	1272	144170180	1	1272
100622971	1	1272	175267373	1	1272
100622971	1	1272	190132628	1	1272
100622971	1	1272	196935657	1	1272
100622971	1	1272	258935045	1	1272
100622971	1	1272	88158534	1	1272
100622971	1	1272	216669588	1	1272
100622971	1	1272	248292808	1	1272
100622971	1	1272	313533341	1	1272
100622971	1	1272	378950760	1	1272
100622971	1	1272	401953423	1	1272
100622971	1	1272	422809437	1	1272
100622971	1	1272	29868010	1	1272
100622971	1	1272	37851167	1	1272
100622971	1	1272	88021663	1	1272
100622971	1	1272	98455136	1	1272
100622971	1	1272	161225331	1	1272
100622971	1	1272	215705747	1	1272
100622971	1	1272	321140155	1	1272
100622971	1	1272	332683617	1	1272
100622971	1	1272	349772775	1	1272
100622971	1	1272	42205299	1	1272
100622971	1	1272	44451333	1	1272
100622971	1	1272	146178852	1	1272
100622971	1	1272	233728498	1	1272
100622971	1	1272	233826553	1	1272
100622971	1	1272	257637658	1	1272
100622971	1	1272	291961537	1	1272
100622971	1	1272	262559986	1	1272
100622971	1	1272	458006090	1	1272
100622971	1	1272	29992557	1	1272
100622971	1	1272	30161134	1	1272
100622971	1	1272	69492692	1	1272
100622971	1	1272	88292734	1	1272
100622971	1	1272	378931515	1	1272
100622971	1	1272	437079126	1	1272
100622971	1	1272	132102816	1	1272
100622971	1	1272	204378124	1	1272
100622971	1	1272	204634596	1	1272
100622971	1	1272	218931622	1	1272
100622971	1	1272	219001402	1	1272
100622971	1	1272	277310124	1	1272
100622971	1	1272	262593421	1	1272
100622971	1	1272	262998573	1	1272
100622971	1	1272	114801969	1	1272
100622971	1	1272	335237715	1	1272
100622971	1	1272	242323269	1	1272
100622971	1	1272	335553818	1	1272
100622971	1	1272	357154579	1	1272
100622971	1	1272	109312568	1	1272
100622971	1	1272	146375630	1	1272
100622971	1	1272	161020827	1	1272
100622971	1	1272	356875581	1	1272
100622971	1	1272	408268734	1	1272
100622971	1	1272	161155685	1	1272
100622971	1	1272	277370300	1	1272
100622971	1	1272	422687781	1	1272
100622971	1	1272	15524098	1	1272
100622971	1	1272	15589097	1	1272
100622971	1	1272	102771047	1	1272
100622971	1	1272	103066280	1	1272
100622971	1	1272	131966520	1	1272
100622971	1	1272	146185613	1	1272
100622971	1	1272	146354972	1	1272
100622971	1	1272	204381934	1	1272
100622971	1	1272	219426559	1	1272
100622971	1	1272	258757139	1	1272
100622971	1	1272	303749202	1	1272
100622971	1	1272	306191638	1	1272
100622971	1	1272	350075117	1	1272
100622971	1	1272	375506611	1	1272
100622971	1	1272	25249534	1	1272
100622971	1	1272	117564131	1	1272
100622971	1	1272	167703790	1	1272
100622971	1	1272	262674621	1	1272
100622971	1	1272	332072767	1	1272
100622971	1	1272	437066186	1	1272
100622971	1	1272	155630327	1	1272
100622971	1	1272	211107167	1	1272
100622971	1	1272	292046075	1	1272
100622971	1	1272	306254455	1	1272
100622971	1	1272	335461551	1	1272
100622971	1	1272	362859062	1	1272
100622971	1	1272	451574037	1	1272
100622971	1	1272	15492286	1	1272
100622971	1	1272	215550810	1	1272
100622971	1	1272	345571077	1	1272
100622971	1	1272	363128576	1	1272
100622971	1	1272	59000532	1	1272
100622971	1	1272	190111969	1	1272
100622971	1	1272	219294950	1	1272
100622971	1	1272	277233723	1	1272
100622971	1	1272	435157640	1	1272
100622971	1	1272	73700206	1	1272
100622971	1	1272	102854884	1	1272
100622971	1	1272	181948588	1	1272
100622971	1	1272	306435362	1	1272
100622971	1	1272	348411039	1	1272
100622971	1	1272	450600955	1	1272
100622971	1	1272	262999052	1	1272
100622971	1	1272	345005152	1	1272
100622971	1	1272	364559933	1	1272
100622971	1	1272	379067477	1	1272
100622971	1	1272	399961476	1	1272
100622971	1	1272	432178416	1	1272
100622971	1	1272	88202415	1	1272
100622971	1	1272	126030332	1	1272
100622971	1	1272	55734324	1	1272
100622971	1	1272	344943040	1	1272
100622971	1	1272	465161114	1	1272
100622971	1	1272	114996865	1	1272
100622971	1	1272	74011082	1	1272
100622971	1	1272	146644644	1	1272
100622971	1	1272	160917907	1	1272
100622971	1	1272	317019225	1	1272
100622971	1	1272	321137204	1	1272
100622971	1	1272	204708020	1	1272
100622971	1	1272	248420797	1	1272
100622971	1	1272	433646344	1	1272
100622971	1	1272	15761451	1	1272
100622971	1	1272	248210056	1	1272
100622971	1	1272	422729100	1	1272
100622971	1	1272	15344252	1	1272
100622971	1	1272	393666647	1	1272
100622971	1	1272	306602194	1	1272
100622971	1	1272	152528641	1	1272
100622971	1	1272	450080619	1	1272
100622971	1	1272	233814598	1	1272
100622971	1	1272	291798437	1	1272
100622971	1	1272	451589322	1	1272
100622971	1	1272	87102153	1	1272
100622971	1	1272	117341636	1	1272
100622971	1	1272	56189103	1	1272
100622971	1	1272	161094729	1	1272
100622971	1	1272	219367101	1	1272
100622971	1	1272	378935420	1	1272
100622971	1	1272	88404078	1	1272
100622971	1	1272	210864789	1	1272
100622971	1	1272	393735148	1	1272
100622971	1	1272	393784174	1	1272
100622971	1	1272	42548361	1	1272
100622971	1	1272	88088680	1	1272
100622971	1	1272	418299942	1	1272
100622971	1	1272	244157564	1	1272
100622971	1	1272	306278891	1	1272
100622971	1	1272	38179210	1	1272
100622971	1	1272	401339465	1	1272
100622971	1	1272	448658249	1	1272
100622971	1	1272	376090577	1	1272
100622971	1	1272	443733805	1	1272
100622971	1	1272	261605985	1	1272
100622971	1	1272	39325057	1	1272
100622971	1	1272	103003324	1	1272
100622971	1	1272	335270347	1	1272
100622971	1	1272	416997722	1	1272
100622971	1	1272	113959413	1	1272
100622971	1	1272	160765034	1	1272
100622971	1	1272	370869257	1	1272
100622971	1	1272	117131104	1	1272
100622971	1	1272	183526771	1	1272
100622971	1	1272	233765379	1	1272
100622971	1	1272	329304311	1	1272
100622971	1	1272	37196641	1	1272
100622971	1	1272	88084506	1	1272
100622971	1	1272	248080997	1	1272
100622971	1	1272	417867520	1	1272
100622971	1	1272	437187112	1	1272
100622971	1	1272	50690013	1	1272
100622971	1	1272	108805994	1	1272
100622971	1	1272	131958856	1	1272
100622971	1	1272	55316542	1	1272
100622971	1	1272	291645081	1	1272
100622971	1	1272	320689605	1	1272
100622971	1	1272	364770708	1	1272
100622971	1	1272	451733501	1	1272
100622971	1	1272	44856226	1	1272
100622971	1	1272	114678786	1	1272
100622971	1	1272	392195823	1	1272
100622971	1	1272	43634545	1	1272
100622971	1	1272	51807974	1	1272
100622971	1	1272	160753163	1	1272
100622971	1	1272	240949873	1	1272
100622971	1	1272	291906368	1	1272
100622971	1	1272	306279919	1	1272
100622971	1	1272	408450030	1	1272
100622971	1	1272	451733460	1	1272
100622971	1	1272	59466894	1	1272
100622971	1	1272	219106780	1	1272
100622971	1	1272	385733054	1	1272
100622971	1	1272	161129066	1	1272
100622971	1	1272	233651810	1	1272
100622971	1	1272	347684635	1	1272
100622971	1	1272	349877281	1	1272
100622971	1	1272	386124729	1	1272
100622971	1	1272	407948931	1	1272
100622971	1	1272	419977346	1	1272
100622971	1	1272	446093774	1	1272
100622971	1	1272	452091901	1	1272
100622971	1	1272	459065026	1	1272
100622971	1	1272	73663876	1	1272
100622971	1	1272	131688063	1	1272
100622971	1	1272	189984369	1	1272
100622971	1	1272	326972184	1	1272
100622971	1	1272	333060159	1	1272
100622971	1	1272	349924432	1	1272
100622971	1	1272	189812531	1	1272
100622971	1	1272	393422514	1	1272
100622971	1	1272	422683182	1	1272
100622971	1	1272	117259245	1	1272
100622971	1	1272	218972044	1	1272
100622971	1	1272	262932780	1	1272
100622971	1	1272	437291107	1	1272
100622971	1	1272	29066275	1	1272
100622971	1	1272	52032322	1	1272
100622971	1	1272	146306434	1	1272
100622971	1	1272	161000956	1	1272
100622971	1	1272	364302743	1	1272
100622971	1	1272	15617444	1	1272
100622971	1	1272	176564836	1	1272
100622971	1	1272	320989858	1	1272
100622971	1	1272	364659500	1	1272
100622971	1	1272	306304075	1	1272
100622971	1	1272	449530342	1	1272
100622971	1	1272	139251122	1	1272
100622971	1	1272	306581786	1	1272
100622971	1	1272	373461523	1	1272
100622971	1	1272	88403804	1	1272
100622971	1	1272	262645945	1	1272
100622971	1	1272	408305593	1	1272
100622971	1	1272	460541870	1	1272
100622971	1	1272	451744163	1	1272
100622971	1	1272	117425049	1	1272
100622971	1	1272	889525	1	1272
100622971	1	1272	11502400	1	1272
100622971	1	1272	59341618	1	1272
100622971	1	1272	376507439	1	1272
100622971	1	1272	73495888	1	1272
100622971	1	1272	15330452	1	1272
100622971	1	1272	73805311	1	1272
100622971	1	1272	301770125	1	1272
100622971	1	1272	59320800	1	1272
100622971	1	1272	393883605	1	1272
100622971	1	1272	306633463	1	1272
100622971	1	1272	30305715	1	1272
100622971	1	1272	67792890	1	1272
100622971	1	1272	356941440	1	1272
100622971	1	1272	160888138	1	1272
100622971	1	1272	306303663	1	1272
100622971	1	1272	378883507	1	1272
100622971	1	1272	763239	1	1272
100622971	1	1272	422508290	1	1272
100622971	1	1272	451719226	1	1272
100622971	1	1272	58985348	1	1272
100622971	1	1272	80392853	1	1272
100622971	1	1272	233867499	1	1272
100622971	1	1272	241839462	1	1272
100622971	1	1272	189921565	1	1272
100622971	1	1272	230905758	1	1272
100622971	1	1272	378982612	1	1272
100622971	1	1272	159601998	1	1272
100622971	1	1272	175643938	1	1272
100622971	1	1272	262562213	1	1272
100622971	1	1272	15343678	1	1272
100622971	1	1272	73693811	1	1272
100622971	1	1272	125652170	1	1272
100622971	1	1272	403345463	1	1272
100622971	1	1272	190186698	1	1272
100622971	1	1272	130632975	1	1272
100622971	1	1272	320722461	1	1272
100622971	1	1272	29847023	1	1272
100622971	1	1272	175271119	1	1272
100622971	1	1272	245259992	1	1272
100622971	1	1272	402398141	1	1272
100622971	1	1272	181919581	1	1272
100622971	1	1272	391025933	1	1272
100622971	1	1272	15406955	1	1272
100622971	1	1272	171270290	1	1272
100622971	1	1272	320699094	1	1272
100622971	1	1272	189817365	1	1272
100622971	1	1272	117324368	1	1272
100622971	1	1272	287359258	1	1272
100622971	1	1272	429316051	1	1272
100622971	1	1272	22543603	1	1272
100622971	1	1272	199972020	1	1272
100622971	1	1272	331823398	1	1272
100622971	1	1272	262828606	1	1272
100622971	1	1272	277106969	1	1272
100622971	1	1272	146293883	1	1272
100622971	1	1272	215714275	1	1272
100622971	1	1272	375836989	1	1272
100622971	1	1272	400437147	1	1272
100622971	1	1272	103094142	1	1272
100622971	1	1272	446206635	1	1272
100622971	1	1272	73689949	1	1272
100622971	1	1272	248189565	1	1272
100622971	1	1272	330893593	1	1272
100622971	1	1272	333023319	1	1272
100622971	1	1272	15778031	1	1272
100622971	1	1272	357128231	1	1272
100622971	1	1272	80442158	1	1272
100622971	1	1272	161151937	1	1272
100622971	1	1272	330976343	1	1272
100622971	1	1272	1198089	1	1272
100622971	1	1272	29894716	1	1272
100622971	1	1272	98812902	1	1272
100622971	1	1272	108608385	1	1272
100622971	1	1272	131729127	1	1272
100622971	1	1272	415212261	1	1272
100622971	1	1272	141682463	1	1272
100622971	1	1272	273532160	1	1272
100622971	1	1272	332985415	1	1272
100622971	1	1272	190290082	1	1272
100622971	1	1272	292103440	1	1272
100622971	1	1272	204458160	1	1272
100622971	1	1272	460108487	1	1272
100622971	1	1272	350090051	1	1272
100622971	1	1272	160734522	1	1272
100622971	1	1272	190080043	1	1272
100622971	1	1272	349775101	1	1272
100622971	1	1272	189810153	1	1272
100622971	1	1272	15619357	1	1272
100622971	1	1272	126553112	1	1272
100622971	1	1272	131789577	1	1272
100622971	1	1272	422478195	1	1272
100622971	1	1272	461864476	1	1272
100622971	1	1272	420445863	1	1272
100622971	1	1272	14134338	1	1272
100622971	1	1272	42653199	1	1272
100622971	1	1272	117315465	1	1272
100622971	1	1272	227440231	1	1272
100622971	1	1272	330205205	1	1272
100622971	1	1272	132160435	1	1272
100622971	1	1272	233802277	1	1272
100622971	1	1272	20452487	1	1272
100622971	1	1272	262754220	1	1272
100622971	1	1272	331692301	1	1272
100622971	1	1272	128633182	1	1272
100622971	1	1272	321063721	1	1272
100622971	1	1272	68322751	1	1272
100622971	1	1272	117116827	1	1272
100622971	1	1272	168475814	1	1272
100622971	1	1272	131886750	1	1272
100622971	1	1272	15341653	1	1272
100622971	1	1272	130417720	1	1272
100622971	1	1272	175408000	1	1272
100622971	1	1272	262883221	1	1272
100622971	1	1272	350089584	1	1272
100622971	1	1272	379206685	1	1272
100622971	1	1272	59001256	1	1272
100622971	1	1272	364764896	1	1272
100622971	1	1272	422560451	1	1272
100622971	1	1272	379005495	1	1272
100622971	1	1272	422783503	1	1281
100622971	1	1272	291985943	1	1284
100622971	1	1272	437425303	1	1296
100622971	1	1272	306412305	1	1716
100622971	1	1272	233860021	1	1746
100622971	1	1272	175591063	1	1746
100622971	1	1272	393842699	1	1746
100622971	1	1272	248384673	1	1746
100622971	1	1272	44494359	1	1746
100622971	1	1272	277334017	1	1746
100622971	1	1272	233447034	1	1746
100622971	1	1272	216998340	1	1746
100622971	1	1272	204382177	1	1746
100622971	1	1272	242881435	1	1746
100622971	1	1272	422635829	1	1746
100622971	1	1272	55473291	1	1746
100622971	1	1272	214045875	1	1746
100622971	1	1272	88415882	1	1746
100622971	1	1272	451741670	1	1746
100622971	1	1272	342080778	1	1746
100622971	1	1272	131836413	1	1746
100622971	1	1272	262878963	1	1746
100622971	1	1272	306297257	1	1746
100622971	1	1272	320907121	1	1746
100622971	1	1272	422587704	1	1746
100622971	1	1272	73845490	1	1746
100622971	1	1272	393491968	1	1746
100622971	1	1272	58955438	1	1746
100622971	1	1272	437197282	1	1746
100622971	1	1272	393582845	1	1746
100622971	1	1272	117299449	1	1746
100622971	1	1272	320901049	1	1746
100622971	1	1272	15349650	1	1746
100622971	1	1272	277275813	1	1746
100622971	1	1272	73976131	1	1746
100622971	1	1272	80244627	1	1746
100622971	1	1272	15779094	1	1746
100622971	1	1272	175485869	1	1746
100622971	1	1272	95130274	1	1746
100622971	1	1272	422668623	1	1746
100622971	1	1272	102917478	1	1746
100622971	1	1272	59250126	1	1746
100622971	1	1272	408181349	1	1746
100622971	1	1272	350269782	1	1746
100622971	1	1272	364637149	1	1746
100622971	1	1272	306282158	1	1746
100622971	1	1272	379306010	1	1746
100622971	1	1272	241665926	1	1746
100622971	1	1272	243355430	1	1746
100622971	1	1272	42383676	1	1746
100622971	1	1272	29857607	1	1746
100622971	1	1272	233762974	1	1746
100622971	1	1272	243119881	1	1746
100622971	1	1272	68867393	1	1746
100622971	1	1272	190341204	1	1746
100622971	1	1272	451926679	1	1746
100622971	1	1272	28109482	1	1746
100622971	1	1272	19181737	1	1746
335605277	1	1746	21094695	1	1746
335605277	1	1746	442691001	1	1746
335605277	1	1746	335605277	1	1746
335605277	1	1746	9834804	1	1746
335605277	1	1746	23676522	1	1746
335605277	1	1746	73609383	1	1746
335605277	1	1746	326953876	1	1746
335605277	1	1746	795716	1	1746
335605277	1	1746	306226557	1	1746
335605277	1	1746	189965612	1	1746
335605277	1	1746	277215893	1	1746
335605277	1	1746	117288008	1	1746
335605277	1	1746	422668589	1	1746
100622971	1	1272	196902792	1	1752
100622971	1	1272	419324233	1	1752
100622971	1	1272	29991517	1	1752
100622971	1	1272	1118712	1	1752
100622971	1	1272	132117868	1	1752
100622971	1	1272	422719502	1	1752
100622971	1	1272	379276812	1	1791
100622971	1	1272	59287340	1	1791
100622971	1	1272	451921861	1	1791
100622971	1	1272	140952395	1	1791
100622971	1	1272	112580579	1	1797
100622971	1	1272	277100247	1	1797
335605277	1	1746	422569250	1	1797
100622971	1	1272	189965854	1	1800
100622971	1	1272	262697472	1	1800
100622971	1	1272	349897795	1	1809
100622971	1	1272	138728006	1	1812
100622971	1	1272	364547791	1	1812
100622971	1	1272	422918503	1	1812
335605277	1	1746	175585441	1	1812
100622971	1	1272	204794755	1	2037
100622971	1	1272	379155851	1	2037
100622971	1	1272	29891430	1	2037
100622971	1	1272	277430611	1	2037
100622971	1	1272	463301777	1	2037
100622971	1	1272	1013810	1	2037
100622971	1	1272	349831924	1	2037
100622971	1	1272	288802095	1	2037
211213347	1	6252	211213347	1	6252
211213347	1	6252	451689558	1	6264
211213347	1	6252	244149895	1	6285
272315848	1	11490	391650812	1	8853
272315848	1	11490	364174112	1	8865
272315848	1	11490	145951686	1	8865
272315848	1	11490	349274811	1	8874
272315848	1	11490	102344825	1	8880
272315848	1	11490	378578772	1	8880
272315848	1	11490	72981076	1	8883
272315848	1	11490	131455620	1	8883
272315848	1	11490	102261815	1	8883
272315848	1	11490	175279088	1	8889
272315848	1	11490	218902264	1	8889
272315848	1	11490	72921382	1	8889
272315848	1	11490	407585147	1	8895
272315848	1	11490	146240346	1	8895
272315848	1	11490	218821399	1	8895
272315848	1	11490	1178481	1	8895
272315848	1	11490	378903291	1	8895
272315848	1	11490	102357855	1	8898
272315848	1	11490	87638501	1	8898
272315848	1	11490	14946443	1	8898
51353661	1	9109	51353661	1	9109
51353661	1	9109	247698582	1	9109
51353661	1	9109	73888654	1	9109
51353661	1	9109	306552061	1	9109
272315848	1	11490	102210094	1	9286
272315848	1	11490	160576702	1	9286
272315848	1	11490	349722817	1	9286
272315848	1	11490	174926611	1	9286
272315848	1	11490	379376633	1	9286
272315848	1	11490	407597886	1	9286
272315848	1	11490	175106305	1	9286
272315848	1	11490	501168	1	9286
272315848	1	11490	116787540	1	9286
272315848	1	11490	378711609	1	9286
272315848	1	11490	451248408	1	9286
272315848	1	11490	37101944	1	9286
272315848	1	11490	116850763	1	9286
51353661	1	9109	347201996	1	9286
51353661	1	9109	437543565	1	9286
51353661	1	9109	362382482	1	9286
51353661	1	9109	599354	1	9286
51353661	1	9109	305626437	1	9286
51353661	1	9109	15276591	1	9286
51353661	1	9109	233120043	1	9286
51353661	1	9109	262162537	1	9286
51353661	1	9109	314888522	1	9286
51353661	1	9109	320552792	1	9286
51353661	1	9109	375075577	1	9286
51353661	1	9109	186436060	1	9286
51353661	1	9109	233056801	1	9286
51353661	1	9109	291601699	1	9286
51353661	1	9109	364428234	1	9286
51353661	1	9109	451575052	1	9286
51353661	1	9109	335669239	1	9286
51353661	1	9109	145632651	1	9286
51353661	1	9109	334889214	1	9286
51353661	1	9109	393055783	1	9286
51353661	1	9109	29514432	1	9286
51353661	1	9109	276587044	1	9286
51353661	1	9109	262321367	1	9286
51353661	1	9109	59463630	1	9286
51353661	1	9109	218383584	1	9286
51353661	1	9109	291298428	1	9286
51353661	1	9109	407816908	1	9286
51353661	1	9109	222085	1	9286
51353661	1	9109	364049670	1	9286
51353661	1	9109	407412540	1	9286
51353661	1	9109	363969132	1	9286
51353661	1	9109	189471315	1	9286
51353661	1	9109	320467839	1	9286
51353661	1	9109	29513841	1	9286
51353661	1	9109	58383190	1	9286
51353661	1	9109	87681747	1	9286
51353661	1	9109	189471204	1	9286
51353661	1	9109	72924744	1	9286
51353661	1	9109	174931654	1	9286
51353661	1	9109	320347647	1	9286
51353661	1	9109	14974140	1	9286
51353661	1	9109	451219933	1	9286
51353661	1	9109	174992077	1	9286
272315848	1	11490	204068373	1	9289
272315848	1	11490	451055598	1	9289
272315848	1	11490	44364242	1	9289
272315848	1	11490	613230	1	9289
272315848	1	11490	68313418	1	9289
272315848	1	11490	72952662	1	9289
272315848	1	11490	82145238	1	9289
272315848	1	11490	102211118	1	9289
272315848	1	11490	214534035	1	9289
272315848	1	11490	275892364	1	9289
272315848	1	11490	363851692	1	9289
272315848	1	11490	189477065	1	9289
272315848	1	11490	146042549	1	9289
272315848	1	11490	291121672	1	9289
272315848	1	11490	131409241	1	9289
272315848	1	11490	146025315	1	9289
272315848	1	11490	407765860	1	9289
272315848	1	11490	203841262	1	9289
272315848	1	11490	29831312	1	9289
272315848	1	11490	413980737	1	9289
272315848	1	11490	110991163	1	9289
272315848	1	11490	96411637	1	9289
272315848	1	11490	145712688	1	9289
272315848	1	11490	28901769	1	9289
272315848	1	11490	440521747	1	9289
272315848	1	11490	704314	1	9289
272315848	1	11490	38017401	1	9289
272315848	1	11490	175180420	1	9289
272315848	1	11490	247683266	1	9289
272315848	1	11490	436558224	1	9289
272315848	1	11490	80776226	1	9289
272315848	1	11490	189255517	1	9289
272315848	1	11490	214396872	1	9289
272315848	1	11490	451164267	1	9289
272315848	1	11490	116677672	1	9289
272315848	1	11490	436854187	1	9289
272315848	1	11490	15199217	1	9289
272315848	1	11490	84530030	1	9289
272315848	1	11490	112441035	1	9289
272315848	1	11490	247660140	1	9289
272315848	1	11490	257781383	1	9289
272315848	1	11490	283356773	1	9289
272315848	1	11490	320639067	1	9289
272315848	1	11490	363810379	1	9289
272315848	1	11490	436912441	1	9289
272315848	1	11490	254900121	1	9289
272315848	1	11490	349357505	1	9289
272315848	1	11490	422328335	1	9289
51353661	1	9109	72478311	1	9289
51353661	1	9109	174870254	1	9289
51353661	1	9109	218849513	1	9289
51353661	1	9109	160416663	1	9289
51353661	1	9109	131170453	1	9289
51353661	1	9109	436852878	1	9289
51353661	1	9109	131166715	1	9289
51353661	1	9109	233408329	1	9289
51353661	1	9109	233334472	1	9289
51353661	1	9109	436051336	1	9289
51353661	1	9109	43839540	1	9289
51353661	1	9109	373122262	1	9289
51353661	1	9109	73339029	1	9289
51353661	1	9109	320497047	1	9289
51353661	1	9109	400960745	1	9289
51353661	1	9109	330936163	1	9289
51353661	1	9109	145972856	1	9289
51353661	1	9109	403616787	1	9289
51353661	1	9109	29868534	1	9289
51353661	1	9109	73920739	1	9289
51353661	1	9109	103004081	1	9289
51353661	1	9109	103004395	1	9289
51353661	1	9109	161170339	1	9289
51353661	1	9109	349783853	1	9289
51353661	1	9109	378867349	1	9289
51353661	1	9109	393835447	1	9289
51353661	1	9109	393835834	1	9289
51353661	1	9109	161170233	1	9289
51353661	1	9109	233878324	1	9289
51353661	1	9109	196048959	1	9289
51353661	1	9109	430443642	1	9289
51353661	1	9109	334986280	1	9289
51353661	1	9109	393380609	1	9289
51353661	1	9109	116624233	1	9289
51353661	1	9109	407480346	1	9289
51353661	1	9109	276803390	1	9289
51353661	1	9109	58377414	1	9289
51353661	1	9109	320260055	1	9289
51353661	1	9109	233033128	1	9289
51353661	1	9109	254425127	1	9289
51353661	1	9109	189757146	1	9289
51353661	1	9109	189307308	1	9289
51353661	1	9109	160857451	1	9289
51353661	1	9109	262281244	1	9289
51353661	1	9109	451233946	1	9289
51353661	1	9109	87993039	1	9289
51353661	1	9109	203966184	1	9289
51353661	1	9109	189605326	1	9289
51353661	1	9109	301576561	1	9289
51353661	1	9109	349708029	1	9289
51353661	1	9109	203866226	1	9289
51353661	1	9109	291412016	1	9289
51353661	1	9109	364135644	1	9289
51353661	1	9109	457876	1	9289
51353661	1	9109	87944513	1	9289
51353661	1	9109	218463739	1	9289
51353661	1	9109	393835740	1	9289
51353661	1	9109	407551167	1	9289
51353661	1	9109	174724159	1	9289
51353661	1	9109	262098310	1	9289
51353661	1	9109	305951121	1	9289
51353661	1	9109	320189614	1	9289
51353661	1	9109	451492189	1	9289
51353661	1	9109	234171	1	9289
51353661	1	9109	29551615	1	9289
51353661	1	9109	436832028	1	9289
51353661	1	9109	451194386	1	9289
51353661	1	9109	58576389	1	9289
51353661	1	9109	131082726	1	9289
51353661	1	9109	146115889	1	9289
51353661	1	9109	284043565	1	9289
51353661	1	9109	422501	1	9289
51353661	1	9109	58559946	1	9289
51353661	1	9109	73167987	1	9289
51353661	1	9109	204154750	1	9289
51353661	1	9109	262085520	1	9289
51353661	1	9109	87492585	1	9289
51353661	1	9109	407844335	1	9289
51353661	1	9109	436470505	1	9289
51353661	1	9109	416060452	1	9289
51353661	1	9109	160703485	1	9289
51353661	1	9109	218760896	1	9289
51353661	1	9109	407670644	1	9289
51353661	1	9109	430921338	1	9289
51353661	1	9109	73494456	1	9289
51353661	1	9109	247684532	1	9289
51353661	1	9109	392906310	1	9289
51353661	1	9109	363906908	1	9289
51353661	1	9109	407510295	1	9289
51353661	1	9109	451137033	1	9289
51353661	1	9109	349557821	1	9289
51353661	1	9109	276762274	1	9289
51353661	1	9109	393439517	1	9289
51353661	1	9109	364033396	1	9289
51353661	1	9109	393116632	1	9289
51353661	1	9109	43839754	1	9289
51353661	1	9109	233160664	1	9289
51353661	1	9109	102493970	1	9292
51353661	1	9109	247554478	1	9292
51353661	1	9109	116932930	1	9292
272315848	1	11490	58621586	1	9298
51353661	1	9109	364152826	1	9313
51353661	1	9109	315911244	1	9644
272315848	1	11490	320118937	1	11469
272315848	1	11490	272315848	1	11490
272315848	1	11490	898178	1	11490
272315848	1	11490	358934	1	11502
272315848	1	11490	536778	1	11502
272315848	1	11490	320495325	1	11517
272315848	1	11490	160736971	1	11532
272315848	1	11490	73674109	1	11532
272315848	1	11490	44447300	1	11532
272315848	1	11490	262469357	1	11760
272315848	1	11490	335402870	1	11940
272315848	1	11490	436894357	1	11940
272315848	1	11490	72932305	1	11940
272315848	1	11490	291180144	1	11940
272315848	1	11490	407947392	1	11940
272315848	1	11490	204641094	1	12409
912299	1	27078	72546934	1	27063
912299	1	27078	196604081	1	27069
912299	1	27078	64911716	1	27069
912299	1	27078	355740886	1	27069
912299	1	27078	437420026	1	27069
912299	1	27078	129474995	1	27069
912299	1	27078	104445881	1	27069
912299	1	27078	246101181	1	27069
912299	1	27078	68254630	1	27069
912299	1	27078	227604490	1	27069
912299	1	27078	213403160	1	27069
912299	1	27078	51581058	1	27069
912299	1	27078	168600362	1	27069
912299	1	27078	317065276	1	27069
912299	1	27078	422944699	1	27069
912299	1	27078	157216451	1	27069
912299	1	27078	74589540	1	27069
912299	1	27078	95257332	1	27075
912299	1	27078	131675563	1	27075
912299	1	27078	460913576	1	27075
912299	1	27078	912299	1	27078
912299	1	27078	15456210	1	27078
912299	1	27078	73618404	1	27078
912299	1	27078	146326769	1	27078
912299	1	27078	219036968	1	27078
912299	1	27078	408073994	1	27078
912299	1	27078	422617303	1	27078
912299	1	27078	146329961	1	27081
912299	1	27078	270921085	1	27093
306631306	-1	1269	16571437	-1	1263
306631306	-1	1269	364650788	-1	1269
306631306	-1	1269	306631306	-1	1269
306631306	-1	1269	103049863	-1	1269
306631306	-1	1269	277155962	-1	1272
306631306	-1	1269	422593602	-1	1272
306631306	-1	1269	73595612	-1	1272
306631306	-1	1269	44490602	-1	1272
306631306	-1	1269	378946480	-1	1272
306631306	-1	1269	73999805	-1	1272
306600350	-1	1280	306600350	-1	1280
306600350	-1	1280	59199745	-1	1298
306631306	-1	1269	146284702	-1	1305
306631306	-1	1269	118234046	-1	1308
306631306	-1	1269	379827968	-1	1308
306631306	-1	1269	365503279	-1	1314
306631306	-1	1269	233365360	-1	1410
306631306	-1	1269	320614262	-1	1410
306631306	-1	1269	409177524	-1	1440
306631306	-1	1269	45587785	-1	1440
306631306	-1	1269	45640689	-1	1794
306631306	-1	1269	146551644	-1	1797
306631306	-1	1269	146619946	-1	1797
306631306	-1	1269	451796370	-1	1797
156059460	-1	14176	331599767	-1	14176
156059460	-1	14176	175727329	-1	14176
156059460	-1	14176	58058895	-1	14176
156059460	-1	14176	156059460	-1	14176
156059460	-1	14176	433380188	-1	14176
156059460	-1	14176	346433239	-1	14176
156059460	-1	14176	123504740	-1	14176
156059460	-1	14176	99515832	-1	14176
156059460	-1	14176	242120814	-1	14176
156059460	-1	14176	321129249	-1	14176
156059460	-1	14176	463041459	-1	14176
156059460	-1	14176	140152991	-1	14176
156059460	-1	14176	287597883	-1	14176
156059460	-1	14176	190245651	-1	14176
156059460	-1	14176	364495680	-1	14176
156059460	-1	14176	393925430	-1	14176
156059460	-1	14176	376619304	-1	14176
156059460	-1	14176	210691050	-1	14176
156059460	-1	14176	306161884	-1	14176
156059460	-1	14176	346746465	-1	14176
156059460	-1	14176	59389132	-1	14176
156059460	-1	14176	113071705	-1	14176
156059460	-1	14176	350212367	-1	14176
156059460	-1	14176	327867926	-1	14176
156059460	-1	14176	247004425	-1	14176
156059460	-1	14176	451686449	-1	14176
156059460	-1	14176	30362584	-1	14176
156059460	-1	14176	374415352	-1	14176
156059460	-1	14176	101161748	-1	14176
156059460	-1	14176	129766718	-1	14176
156059460	-1	14176	189838918	-1	14176
156059460	-1	14176	51958402	-1	14176
156059460	-1	14176	71518777	-1	14176
156059460	-1	14176	350301009	-1	14176
156059460	-1	14176	306675735	-1	14176
156059460	-1	14176	374869337	-1	14176
156059460	-1	14176	321081235	-1	14176
156059460	-1	14176	103093670	-1	14176
156059460	-1	14176	131692180	-1	14176
156059460	-1	14176	168762260	-1	14176
156059460	-1	14176	88099726	-1	14176
156059460	-1	14176	254436857	-1	14176
156059460	-1	14176	277349598	-1	14176
156059460	-1	14176	335758749	-1	14176
156059460	-1	14176	146683824	-1	14176
156059460	-1	14176	262751541	-1	14176
156059460	-1	14176	302703215	-1	14176
156059460	-1	14176	59451959	-1	14176
156059460	-1	14176	131897651	-1	14176
156059460	-1	14176	245905662	-1	14176
156059460	-1	14176	54615302	-1	14176
156059460	-1	14176	379090002	-1	14176
156059460	-1	14176	68834457	-1	14176
156059460	-1	14176	102715077	-1	14176
156059460	-1	14176	214957097	-1	14176
156059460	-1	14176	291601097	-1	14176
156059460	-1	14176	389935491	-1	14176
156059460	-1	14176	437366746	-1	14176
156059460	-1	14176	160960419	-1	14176
156059460	-1	14176	393665855	-1	14176
156059460	-1	14176	98546851	-1	14176
156059460	-1	14176	421259972	-1	14176
156059460	-1	14176	292051914	-1	14176
156059460	-1	14176	335556061	-1	14176
156059460	-1	14176	242188231	-1	14176
156059460	-1	14176	291840921	-1	14176
156059460	-1	14176	316038466	-1	14176
156059460	-1	14176	152236727	-1	14176
156059460	-1	14176	275277594	-1	14176
156059460	-1	14176	320923889	-1	14176
156059460	-1	14176	364822048	-1	14176
156059460	-1	14176	452071270	-1	14176
156059460	-1	14176	117561073	-1	14176
156059460	-1	14176	358675112	-1	14176
156059460	-1	14176	462590814	-1	14176
156059460	-1	14176	393500591	-1	14176
156059460	-1	14176	400271771	-1	14176
156059460	-1	14176	29961300	-1	14176
156059460	-1	14176	291722202	-1	14176
156059460	-1	14176	28428954	-1	14176
156059460	-1	14176	126689208	-1	14176
156059460	-1	14176	451770899	-1	14176
156059460	-1	14176	9776454	-1	14176
156059460	-1	14176	102721651	-1	14176
156059460	-1	14176	228706511	-1	14176
156059460	-1	14176	82986287	-1	14176
156059460	-1	14176	291854810	-1	14176
156059460	-1	14176	146385456	-1	14176
156059460	-1	14176	73667280	-1	14176
156059460	-1	14176	172369426	-1	14176
156059460	-1	14176	15695779	-1	14176
156059460	-1	14176	443221827	-1	14176
156059460	-1	14176	161132261	-1	14176
156059460	-1	14176	131879660	-1	14176
156059460	-1	14176	422880224	-1	14176
156059460	-1	14176	262903012	-1	14176
156059460	-1	14176	408150553	-1	14176
156059460	-1	14176	298894237	-1	14176
156059460	-1	14176	189843036	-1	14176
156059460	-1	14176	401411631	-1	14176
156059460	-1	14176	189858068	-1	14176
156059460	-1	14176	271269003	-1	14176
156059460	-1	14176	299263110	-1	14176
156059460	-1	14176	408280904	-1	14176
156059460	-1	14176	88332871	-1	14176
156059460	-1	14176	422729445	-1	14176
156059460	-1	14176	219226635	-1	14176
156059460	-1	14176	185668293	-1	14176
156059460	-1	14176	160847450	-1	14176
156059460	-1	14176	233554919	-1	14176
156059460	-1	14176	277180329	-1	14176
156059460	-1	14176	248097074	-1	14176
156059460	-1	14176	364321038	-1	14176
156059460	-1	14176	277124983	-1	14176
156059460	-1	14176	344062109	-1	14176
156059460	-1	14176	36547456	-1	14176
156059460	-1	14176	461418808	-1	14176
156059460	-1	14176	142455324	-1	14176
156059460	-1	14176	452003204	-1	14176
156059460	-1	14176	292099094	-1	14176
156059460	-1	14176	51712355	-1	14176
156059460	-1	14176	420995108	-1	14176
156059460	-1	14176	161185561	-1	14176
156059460	-1	14176	960085	-1	14176
156059460	-1	14176	270323623	-1	14176
156059460	-1	14176	318812698	-1	14176
156059460	-1	14176	154081017	-1	14176
156059460	-1	14176	302693724	-1	14176
156059460	-1	14176	190242763	-1	14176
156059460	-1	14176	146400973	-1	14176
156059460	-1	14176	248190385	-1	14176
156059460	-1	14176	59138041	-1	14176
156059460	-1	14176	408279541	-1	14176
156059460	-1	14176	272471374	-1	14176
156059460	-1	14176	393508419	-1	14176
156059460	-1	14176	277173451	-1	14176
156059460	-1	14176	44853548	-1	14188
156059460	-1	14176	204711896	-1	14194
156059460	-1	14176	117573598	-1	14206
156059460	-1	14176	275262285	-1	14507
156059460	-1	14176	358516658	-1	14507
156059460	-1	14176	67056233	-1	14507
156059460	-1	14176	97435286	-1	14507
156059460	-1	14176	433343361	-1	14507
156059460	-1	14176	450635373	-1	14507
156059460	-1	14176	56922180	-1	14507
156059460	-1	14176	422509027	-1	14507
156059460	-1	14176	59368909	-1	14507
156059460	-1	14176	57143762	-1	14507
156059460	-1	14176	69942967	-1	14507
156059460	-1	14176	42090989	-1	14507
156059460	-1	14176	81791073	-1	14507
156059460	-1	14176	213657695	-1	14507
156059460	-1	14176	129981032	-1	14507
156059460	-1	14176	174211510	-1	14507
156059460	-1	14176	261156684	-1	14507
156059460	-1	14176	415794235	-1	14507
156059460	-1	14176	403617667	-1	14507
156059460	-1	14176	219294945	-1	14507
156059460	-1	14176	26484867	-1	14507
156059460	-1	14176	189914656	-1	14507
156059460	-1	14176	318112117	-1	14507
156059460	-1	14176	15565150	-1	14507
156059460	-1	14176	299532250	-1	14507
156059460	-1	14176	408121269	-1	14507
156059460	-1	14176	405595535	-1	14507
156059460	-1	14176	132141703	-1	14507
156059460	-1	14176	241850489	-1	14507
156059460	-1	14176	175774130	-1	14507
156059460	-1	14176	113948168	-1	14507
156059460	-1	14176	271645586	-1	14507
156059460	-1	14176	39616391	-1	14507
156059460	-1	14176	229114950	-1	14507
156059460	-1	14176	408144031	-1	14507
156059460	-1	14176	161236886	-1	14507
156059460	-1	14176	145416887	-1	14507
156059460	-1	14176	403229524	-1	14507
156059460	-1	14176	190189915	-1	14507
156059460	-1	14176	10049088	-1	14507
156059460	-1	14176	211914603	-1	14507
156059460	-1	14176	188108781	-1	14507
156059460	-1	14176	14360963	-1	14507
156059460	-1	14176	304247528	-1	14507
156059460	-1	14176	15564838	-1	14507
156059460	-1	14176	274159235	-1	14507
156059460	-1	14176	247991333	-1	14507
156059460	-1	14176	335480266	-1	14507
156059460	-1	14176	393924938	-1	14507
156059460	-1	14176	88123806	-1	14507
156059460	-1	14176	128576008	-1	14507
156059460	-1	14176	390143739	-1	14507
156059460	-1	14176	393605127	-1	14507
156059460	-1	14176	360946966	-1	14507
156059460	-1	14176	277313649	-1	14507
156059460	-1	14176	41525203	-1	14507
156059460	-1	14176	175316523	-1	14507
156059460	-1	14176	170501173	-1	14507
156059460	-1	14176	335326200	-1	14507
156059460	-1	14176	1148837	-1	14507
156059460	-1	14176	30231883	-1	14507
156059460	-1	14176	146564495	-1	14507
156059460	-1	14176	262897485	-1	14507
156059460	-1	14176	190190000	-1	14507
156059460	-1	14176	277438817	-1	14507
156059460	-1	14176	451938012	-1	14507
156059460	-1	14176	1148903	-1	14507
156059460	-1	14176	30232343	-1	14507
156059460	-1	14176	73856792	-1	14507
156059460	-1	14176	422854632	-1	14507
156059460	-1	14176	451937925	-1	14507
156059460	-1	14176	161106575	-1	14507
156059460	-1	14176	402592936	-1	14507
156059460	-1	14176	446749754	-1	14507
156059460	-1	14176	59137702	-1	14507
156059460	-1	14176	71615749	-1	14507
156059460	-1	14176	8883147	-1	14507
156059460	-1	14176	204584512	-1	14507
156059460	-1	14176	204506233	-1	14507
156059460	-1	14176	444131250	-1	14507
156059460	-1	14176	204657549	-1	14507
156059460	-1	14176	160937302	-1	14507
156059460	-1	14176	408369457	-1	14507
156059460	-1	14176	161106470	-1	14507
156059460	-1	14176	393772152	-1	14507
156059460	-1	14176	204731300	-1	14507
156059460	-1	14176	59315355	-1	14507
156059460	-1	14176	379230220	-1	14507
156059460	-1	14176	291980970	-1	14507
156059460	-1	14176	291980762	-1	14507
156059460	-1	14176	131917785	-1	14507
156059460	-1	14176	332426803	-1	14507
156059460	-1	14176	132177445	-1	14507
156059460	-1	14176	15809304	-1	14507
156059460	-1	14176	214844911	-1	14507
156059460	-1	14176	432373956	-1	14507
156059460	-1	14176	408432349	-1	14507
156059460	-1	14176	408135290	-1	14507
156059460	-1	14176	386318023	-1	14507
156059460	-1	14176	26737578	-1	14507
156059460	-1	14176	850266	-1	14507
156059460	-1	14176	444396683	-1	14507
156059460	-1	14176	102890661	-1	14507
156059460	-1	14176	248209708	-1	14507
156059460	-1	14176	349006402	-1	14507
156059460	-1	14176	437043115	-1	14507
156059460	-1	14176	190189752	-1	14507
156059460	-1	14176	416541683	-1	14507
156059460	-1	14176	422665573	-1	14507
156059460	-1	14176	173265782	-1	14507
156059460	-1	14176	203062149	-1	14507
156059460	-1	14176	262897142	-1	14507
156059460	-1	14176	437360269	-1	14507
156059460	-1	14176	88547255	-1	14507
156059460	-1	14176	132111892	-1	14507
156059460	-1	14176	451955700	-1	14507
156059460	-1	14176	319442513	-1	14507
156059460	-1	14176	117618539	-1	14507
156059460	-1	14176	186145441	-1	14507
156059460	-1	14176	259578041	-1	14507
156059460	-1	14176	243262700	-1	14507
156059460	-1	14176	117316807	-1	14507
156059460	-1	14176	408149728	-1	14507
156059460	-1	14176	386187052	-1	14507
156059460	-1	14176	364711049	-1	14507
156059460	-1	14176	461250166	-1	14513
156059460	-1	14176	131978447	-1	14513
156059460	-1	14176	275988008	-1	14513
156059460	-1	14176	373140479	-1	14513
156059460	-1	14176	216039776	-1	14513
156059460	-1	14176	363085344	-1	14513
156059460	-1	14176	30022566	-1	14513
156059460	-1	14176	437548019	-1	14513
156059460	-1	14176	304067546	-1	14513
156059460	-1	14176	231247208	-1	14513
156059460	-1	14176	329306975	-1	14513
156059460	-1	14176	320897043	-1	14513
156059460	-1	14176	364371809	-1	14528
156059460	-1	14176	417651001	-1	14570
156059460	-1	14176	233669305	-1	14630
156059460	-1	14176	70121046	-1	14630
156059460	-1	14176	459292157	-1	14693
156059460	-1	14176	117349403	-1	14747
156059460	-1	14176	248199394	-1	15317
156059460	-1	14176	379257925	-1	15317
156059460	-1	14176	284369769	-1	15320
156059460	-1	14176	356447499	-1	15320
156059460	-1	14176	73883121	-1	15326
156059460	-1	14176	132049609	-1	15326
156059460	-1	14176	418773446	-1	15329
156059460	-1	14176	437422104	-1	15329
156059460	-1	14176	335459406	-1	15867
335382158	-1	15876	320839949	-1	15867
156059460	-1	14176	21870926	-1	15873
156059460	-1	14176	272904473	-1	15876
156059460	-1	14176	248319556	-1	15876
335382158	-1	15876	335382158	-1	15876
156059460	-1	14176	378990303	-1	15906
156059460	-1	14176	131986752	-1	16124
156059460	-1	14176	364393782	-1	16130
156059460	-1	14176	30214399	-1	16130
156059460	-1	14176	292075549	-1	16668
156059460	-1	14176	15451783	-1	16674
156059460	-1	14176	88173745	-1	16674
156059460	-1	14176	15777137	-1	16677
156059460	-1	14176	190154799	-1	16677
156059460	-1	14176	291757331	-1	16869
156059460	-1	14176	422491139	-1	16869
 