437146630	1	1189	408062471	1	1180
437146630	1	1189	372352640	1	1186
437146630	1	1189	373879599	1	1189
437146630	1	1189	146315750	1	1189
437146630	1	1189	405902186	1	1189
437146630	1	1189	437146630	1	1189
437146630	1	1189	380055378	1	1303
437146630	1	1189	292318972	1	1303
437146630	1	1189	452355617	1	1303
437146630	1	1189	409146636	1	1303
437146630	1	1189	161804960	1	1303
437146630	1	1189	176393184	1	1303
437146630	1	1189	423598513	1	1303
437146630	1	1189	438139184	1	1303
437146630	1	1189	423410860	1	1303
437146630	1	1189	205427007	1	1303
437146630	1	1189	365092438	1	1303
437146630	1	1189	234660397	1	1303
437146630	1	1189	409171872	1	1303
437146630	1	1189	89253995	1	1303
437146630	1	1189	59765730	1	1303
437146630	1	1189	394217655	1	1303
437146630	1	1189	89178308	1	1303
437146630	1	1189	172765966	1	1306
437146630	1	1189	112014539	1	1306
437146630	1	1189	6943913	1	1306
437146630	1	1189	175575441	1	1306
437146630	1	1189	202004466	1	1306
437146630	1	1189	216923193	1	1306
437146630	1	1189	421412688	1	1306
437146630	1	1189	146492341	1	1306
437146630	1	1189	30813166	1	1306
437146630	1	1189	88997098	1	1306
437146630	1	1189	380001287	1	1327
437146630	1	1189	306301459	1	1825
437146630	1	1189	307412639	1	1846
437146630	1	1189	220162159	1	1846
437146630	1	1189	132885174	1	1846
437146630	1	1189	394630485	1	1846
437146630	1	1189	359581592	1	1846
437146630	1	1189	365468863	1	1846
437146630	1	1189	156136604	1	1846
437146630	1	1189	138302736	1	1846
437146630	1	1189	452294686	1	1846
437146630	1	1189	103534429	1	1846
437146630	1	1189	379976939	1	1846
437146630	1	1189	161611100	1	1846
437146630	1	1189	72160779	1	1846
437146630	1	1189	147387313	1	1846
437146630	1	1189	176503521	1	1849
437146630	1	1189	103796625	1	1849
437146630	1	1189	118259868	1	1849
437146630	1	1189	292839693	1	1849
437146630	1	1189	191051739	1	1849
437146630	1	1189	434678393	1	1855
437146630	1	1189	409169149	1	1858
437146630	1	1189	244877283	1	1867
437146630	1	1189	393723803	1	1867
437146630	1	1189	413601246	1	1867
437146630	1	1189	79473687	1	1867
437146630	1	1189	170308395	1	1867
437146630	1	1189	203259633	1	1870
437146630	1	1189	49412899	1	1873
437146630	1	1189	136672668	1	1873
437146630	1	1189	204347720	1	1909
437146630	1	1189	364798275	1	1909
437146630	1	1189	70865341	1	2137
437146630	1	1189	321621400	1	2574
437146630	1	1189	147455169	1	2601
437146630	1	1189	263398616	1	2604
437146630	1	1189	365139791	1	2604
437146630	1	1189	8813819	1	2604
437146630	1	1189	210935600	1	2604
437146630	1	1189	190994579	1	2604
437146630	1	1189	15513422	1	2604
437146630	1	1189	131846074	1	2604
437146630	1	1189	277080930	1	2604
437146630	1	1189	768160	1	2604
437146630	1	1189	88017615	1	2604
437146630	1	1189	320679206	1	2604
437146630	1	1189	437012585	1	2604
437146630	1	1189	103589193	1	2604
437146630	1	1189	357727902	1	2610
437146630	1	1189	204730537	1	2610
437146630	1	1189	371833975	1	2610
437146630	1	1189	45678655	1	2610
437146630	1	1189	45483856	1	2610
437146630	1	1189	176574369	1	2610
437146630	1	1189	155964313	1	2610
437146630	1	1189	16406955	1	2610
437146630	1	1189	219603872	1	2610
437146630	1	1189	30891053	1	2610
437146630	1	1189	255192724	1	2610
437146630	1	1189	360604144	1	2610
437146630	1	1189	438219788	1	2610
437146630	1	1189	147264972	1	2610
437146630	1	1189	463822207	1	2610
437146630	1	1189	216431670	1	2610
437146630	1	1189	307145804	1	2610
437146630	1	1189	146944271	1	2610
437146630	1	1189	307329192	1	2610
437146630	1	1189	255248528	1	2610
437146630	1	1189	125381873	1	2610
437146630	1	1189	408802050	1	2610
437146630	1	1189	452427280	1	2610
437146630	1	1189	147326301	1	2610
437146630	1	1189	88868176	1	2610
437146630	1	1189	89196961	1	2610
437146630	1	1189	203287891	1	2610
437146630	1	1189	220028151	1	2610
437146630	1	1189	173945657	1	2610
437146630	1	1189	234336813	1	2610
437146630	1	1189	255897284	1	2610
437146630	1	1189	423493470	1	2610
437146630	1	1189	1839973	1	2610
437146630	1	1189	30856349	1	2610
437146630	1	1189	74433824	1	2610
437146630	1	1189	103466454	1	2610
437146630	1	1189	118191937	1	2610
437146630	1	1189	147325865	1	2610
437146630	1	1189	161595171	1	2610
437146630	1	1189	176446118	1	2610
437146630	1	1189	205052967	1	2610
437146630	1	1189	336243269	1	2610
437146630	1	1189	350549041	1	2610
437146630	1	1189	438192470	1	2610
437146630	1	1189	39400430	1	2610
437146630	1	1189	88886019	1	2610
437146630	1	1189	103589584	1	2610
437146630	1	1189	350478932	1	2610
437146630	1	1189	409124918	1	2610
437146630	1	1189	74720597	1	2610
437146630	1	1189	380026705	1	2610
437146630	1	1189	394174097	1	2610
437146630	1	1189	452729470	1	2610
437146630	1	1189	1341	1	2610
437146630	1	1189	45152266	1	2610
437146630	1	1189	176461120	1	2610
437146630	1	1189	190880523	1	2610
437146630	1	1189	205471612	1	2610
437146630	1	1189	248682499	1	2610
437146630	1	1189	45350334	1	2610
437146630	1	1189	86811971	1	2610
437146630	1	1189	89169913	1	2610
437146630	1	1189	118057697	1	2610
437146630	1	1189	205380444	1	2610
437146630	1	1189	437776039	1	2610
437146630	1	1189	132674538	1	2610
437146630	1	1189	176283921	1	2610
437146630	1	1189	423257597	1	2610
437146630	1	1189	321977176	1	2610
437146630	1	1189	220033885	1	2610
437146630	1	1189	59993005	1	2610
437146630	1	1189	45602137	1	2610
437146630	1	1189	83275953	1	2610
437146630	1	1189	350729782	1	2610
437146630	1	1189	365450699	1	2610
437146630	1	1189	230042090	1	2610
437146630	1	1189	1892998	1	2610
437146630	1	1189	45415127	1	2610
437146630	1	1189	74717554	1	2610
437146630	1	1189	74344132	1	2610
437146630	1	1189	74180310	1	2610
437146630	1	1189	219940014	1	2610
437146630	1	1189	263241263	1	2610
437146630	1	1189	1919823	1	2610
437146630	1	1189	118246785	1	2610
437146630	1	1189	463959399	1	2610
437146630	1	1189	205085763	1	2610
437146630	1	1189	74631625	1	2610
437146630	1	1189	103648340	1	2610
437146630	1	1189	408657102	1	2610
437146630	1	1189	16550578	1	2610
437146630	1	1189	1535667	1	2610
437146630	1	1189	394614944	1	2610
437146630	1	1189	103547714	1	2610
437146630	1	1189	144190515	1	2610
437146630	1	1189	190576529	1	2610
437146630	1	1189	307128189	1	2610
437146630	1	1189	205302276	1	2610
437146630	1	1189	307093583	1	2610
437146630	1	1189	336176405	1	2610
437146630	1	1189	350532761	1	2610
437146630	1	1189	307060854	1	2610
437146630	1	1189	332283203	1	2610
437146630	1	1189	249013521	1	2610
437146630	1	1189	278193997	1	2610
437146630	1	1189	379683157	1	2610
437146630	1	1189	452529829	1	2610
437146630	1	1189	30895913	1	2610
437146630	1	1189	146957349	1	2610
437146630	1	1189	161725667	1	2610
437146630	1	1189	234379540	1	2610
437146630	1	1189	292801893	1	2610
437146630	1	1189	350595105	1	2610
437146630	1	1189	409143755	1	2610
437146630	1	1189	437900086	1	2610
437146630	1	1189	118372845	1	2610
437146630	1	1189	176239237	1	2610
437146630	1	1189	205614082	1	2610
437146630	1	1189	394219831	1	2610
437146630	1	1189	446658266	1	2610
437146630	1	1189	16082561	1	2610
437146630	1	1189	147283803	1	2610
437146630	1	1189	161940716	1	2610
437146630	1	1189	205312830	1	2610
437146630	1	1189	234134033	1	2610
437146630	1	1189	321532854	1	2610
437146630	1	1189	336182757	1	2610
437146630	1	1189	30941633	1	2610
437146630	1	1189	45529224	1	2610
437146630	1	1189	59997600	1	2610
437146630	1	1189	74583507	1	2610
437146630	1	1189	103393220	1	2610
437146630	1	1189	103823497	1	2610
437146630	1	1189	176306348	1	2610
437146630	1	1189	219759177	1	2610
437146630	1	1189	234380603	1	2610
437146630	1	1189	248807982	1	2610
437146630	1	1189	249177377	1	2610
437146630	1	1189	278014330	1	2610
437146630	1	1189	278103405	1	2610
437146630	1	1189	307308671	1	2610
437146630	1	1189	336219793	1	2610
437146630	1	1189	365596739	1	2610
437146630	1	1189	423642917	1	2610
437146630	1	1189	25543218	1	2610
437146630	1	1189	98000880	1	2610
437146630	1	1189	118239237	1	2610
437146630	1	1189	161575061	1	2610
437146630	1	1189	263517709	1	2610
437146630	1	1189	16477948	1	2610
437146630	1	1189	103824754	1	2610
437146630	1	1189	118073912	1	2610
437146630	1	1189	132680671	1	2610
437146630	1	1189	190795434	1	2610
437146630	1	1189	306862128	1	2610
437146630	1	1189	409211616	1	2610
437146630	1	1189	16341159	1	2610
437146630	1	1189	278314763	1	2610
437146630	1	1189	292433068	1	2610
437146630	1	1189	336514781	1	2610
437146630	1	1189	452295636	1	2610
437146630	1	1189	176429885	1	2610
437146630	1	1189	103328080	1	2610
437146630	1	1189	216014312	1	2610
437146630	1	1189	161554701	1	2610
437146630	1	1189	30619769	1	2610
437146630	1	1189	45487179	1	2610
437146630	1	1189	438011194	1	2610
437146630	1	1189	74749988	1	2610
437146630	1	1189	138173051	1	2610
437146630	1	1189	336406894	1	2610
437146630	1	1189	350697414	1	2610
437146630	1	1189	263285315	1	2610
437146630	1	1189	243075389	1	2610
437146630	1	1189	249013204	1	2610
437146630	1	1189	54415149	1	2610
437146630	1	1189	234198637	1	2610
437146630	1	1189	147180179	1	2610
437146630	1	1189	161836043	1	2610
437146630	1	1189	147432643	1	2610
437146630	1	1189	307251557	1	2610
437146630	1	1189	261581563	1	2610
437146630	1	1189	162016104	1	2610
437146630	1	1189	409042770	1	2610
437146630	1	1189	408897692	1	2610
437146630	1	1189	249038925	1	2610
437146630	1	1189	45422842	1	2610
437146630	1	1189	314232992	1	2610
437146630	1	1189	286949886	1	2610
437146630	1	1189	292826495	1	2610
437146630	1	1189	219810953	1	2610
437146630	1	1189	307062881	1	2610
437146630	1	1189	360445180	1	2610
437146630	1	1189	219850629	1	2610
437146630	1	1189	39839686	1	2610
437146630	1	1189	42998479	1	2610
437146630	1	1189	74181524	1	2610
437146630	1	1189	225572231	1	2610
437146630	1	1189	423730644	1	2610
437146630	1	1189	45519686	1	2610
437146630	1	1189	161461986	1	2610
437146630	1	1189	307172486	1	2610
437146630	1	1189	132435977	1	2610
437146630	1	1189	275243670	1	2610
437146630	1	1189	156906734	1	2610
437146630	1	1189	394130629	1	2610
437146630	1	1189	1689279	1	2610
437146630	1	1189	379970293	1	2610
437146630	1	1189	365220693	1	2610
437146630	1	1189	239854669	1	2610
437146630	1	1189	71235864	1	2610
437146630	1	1189	278178961	1	2610
437146630	1	1189	226367312	1	2610
437146630	1	1189	292752271	1	2610
437146630	1	1189	263386803	1	2610
437146630	1	1189	234136394	1	2610
437146630	1	1189	45533230	1	2610
437146630	1	1189	301126313	1	2610
437146630	1	1189	31095838	1	2610
437146630	1	1189	103735881	1	2610
437146630	1	1189	249046549	1	2610
437146630	1	1189	60111644	1	2610
437146630	1	1189	365502206	1	2610
437146630	1	1189	126488011	1	2610
437146630	1	1189	205542778	1	2610
437146630	1	1189	263682694	1	2610
437146630	1	1189	263780992	1	2610
437146630	1	1189	321877080	1	2610
437146630	1	1189	219796482	1	2610
437146630	1	1189	234340910	1	2610
437146630	1	1189	336018448	1	2610
437146630	1	1189	416925941	1	2610
437146630	1	1189	103725688	1	2610
437146630	1	1189	263709213	1	2610
437146630	1	1189	129477979	1	2610
437146630	1	1189	147201788	1	2610
437146630	1	1189	306935678	1	2610
437146630	1	1189	331084574	1	2610
437146630	1	1189	336446380	1	2610
437146630	1	1189	394461720	1	2610
437146630	1	1189	72253312	1	2610
437146630	1	1189	88791206	1	2610
437146630	1	1189	117884213	1	2610
437146630	1	1189	350898867	1	2610
437146630	1	1189	30825706	1	2610
437146630	1	1189	452587980	1	2610
437146630	1	1189	791978	1	2610
437146630	1	1189	161703007	1	2610
437146630	1	1189	277109954	1	2610
437146630	1	1189	248026446	1	2610
437146630	1	1189	306942960	1	2610
437146630	1	1189	349819473	1	2610
437146630	1	1189	41213649	1	2610
437146630	1	1189	88071099	1	2610
437146630	1	1189	234411413	1	2610
437146630	1	1189	335976425	1	2610
437146630	1	1189	1858212	1	2610
437146630	1	1189	117816975	1	2610
437146630	1	1189	307425270	1	2610
437146630	1	1189	388871484	1	2610
437146630	1	1189	16139630	1	2610
437146630	1	1189	419899696	1	2610
437146630	1	1189	234352350	1	2610
437146630	1	1189	263806475	1	2610
437146630	1	1189	94139091	1	2610
437146630	1	1189	176386060	1	2610
437146630	1	1189	8729992	1	2610
437146630	1	1189	1587654	1	2610
437146630	1	1189	16118926	1	2610
437146630	1	1189	59700673	1	2610
437146630	1	1189	1570439	1	2610
437146630	1	1189	16110384	1	2610
437146630	1	1189	45619228	1	2610
437146630	1	1189	82887549	1	2610
437146630	1	1189	176067880	1	2610
437146630	1	1189	438055752	1	2610
437146630	1	1189	132853366	1	2610
437146630	1	1189	277899601	1	2610
437146630	1	1189	278009766	1	2610
437146630	1	1189	365257380	1	2610
437146630	1	1189	321490943	1	2610
437146630	1	1189	437489743	1	2610
437146630	1	1189	117112930	1	2610
437146630	1	1189	219086893	1	2610
437146630	1	1189	248171769	1	2610
437146630	1	1189	262529385	1	2610
437146630	1	1189	408098471	1	2610
437146630	1	1189	131679397	1	2610
437146630	1	1189	393559005	1	2610
437146630	1	1189	277254464	1	2610
437146630	1	1189	437213505	1	2610
437146630	1	1189	1731639	1	2610
437146630	1	1189	175277102	1	2610
437146630	1	1189	291766242	1	2610
437146630	1	1189	459001307	1	2610
437146630	1	1189	204819928	1	2610
437146630	1	1189	437488905	1	2610
437146630	1	1189	219087020	1	2610
437146630	1	1189	233444595	1	2610
437146630	1	1189	277254997	1	2610
437146630	1	1189	13123619	1	2610
437146630	1	1189	182823745	1	2610
437146630	1	1189	272667934	1	2610
437146630	1	1189	14764045	1	2610
437146630	1	1189	117156035	1	2610
437146630	1	1189	379139016	1	2610
437146630	1	1189	451610590	1	2610
437146630	1	1189	103030450	1	2610
437146630	1	1189	379121190	1	2610
437146630	1	1189	379017563	1	2610
437146630	1	1189	204413707	1	2610
437146630	1	1189	218890710	1	2610
437146630	1	1189	88214171	1	2610
437146630	1	1189	364318936	1	2610
437146630	1	1189	451752648	1	2610
437146630	1	1189	160923779	1	2610
437146630	1	1189	350740091	1	2610
437146630	1	1189	176477275	1	2610
437146630	1	1189	378905063	1	2610
437146630	1	1189	160769377	1	2610
437146630	1	1189	161012942	1	2610
437146630	1	1189	364364726	1	2610
437146630	1	1189	408219268	1	2610
437146630	1	1189	321782544	1	2610
437146630	1	1189	437072722	1	2610
437146630	1	1189	407989090	1	2610
437146630	1	1189	146237126	1	2610
437146630	1	1189	117156745	1	2610
437146630	1	1189	44448768	1	2610
437146630	1	1189	204401818	1	2610
437146630	1	1189	1889786	1	2610
437146630	1	1189	263623431	1	2610
437146630	1	1189	190907321	1	2610
437146630	1	1189	176230403	1	2610
437146630	1	1189	320738276	1	2610
437146630	1	1189	59739704	1	2610
437146630	1	1189	176040433	1	2610
437146630	1	1189	335222298	1	2610
437146630	1	1189	435167011	1	2610
437146630	1	1189	171322427	1	2610
437146630	1	1189	277227675	1	2610
437146630	1	1189	318013043	1	2610
437146630	1	1189	380100095	1	2610
437146630	1	1189	393428252	1	2610
437146630	1	1189	437053387	1	2610
437146630	1	1189	321799973	1	2610
437146630	1	1189	364305229	1	2610
437146630	1	1189	437038675	1	2610
437146630	1	1189	131812022	1	2610
437146630	1	1189	378886347	1	2610
437146630	1	1189	408096014	1	2610
437146630	1	1189	15477124	1	2610
437146630	1	1189	58956192	1	2610
437146630	1	1189	335246765	1	2610
437146630	1	1189	393596438	1	2610
437146630	1	1189	248171396	1	2610
437146630	1	1189	452386152	1	2610
437146630	1	1189	806582	1	2610
437146630	1	1189	102756509	1	2610
437146630	1	1189	146195592	1	2610
437146630	1	1189	102725570	1	2610
437146630	1	1189	160776804	1	2610
437146630	1	1189	190220264	1	2610
437146630	1	1189	204402725	1	2610
437146630	1	1189	233599520	1	2610
437146630	1	1189	248142468	1	2610
437146630	1	1189	45527803	1	2610
437146630	1	1189	407976607	1	2610
437146630	1	1189	16360323	1	2610
437146630	1	1189	58978531	1	2610
437146630	1	1189	88014249	1	2610
437146630	1	1189	175266736	1	2610
437146630	1	1189	320706996	1	2610
437146630	1	1189	422533722	1	2610
437146630	1	1189	131810588	1	2610
437146630	1	1189	262552163	1	2610
437146630	1	1189	73512947	1	2610
437146630	1	1189	175433049	1	2610
437146630	1	1189	407970148	1	2610
437146630	1	1189	131696429	1	2610
437146630	1	1189	66777774	1	2610
437146630	1	1189	102610715	1	2610
437146630	1	1189	335514927	1	2610
437146630	1	1189	437301044	1	2610
437146630	1	1189	205105306	1	2610
437146630	1	1189	408869380	1	2610
437146630	1	1189	335421156	1	2610
437146630	1	1189	286047221	1	2610
437146630	1	1189	306151391	1	2610
437146630	1	1189	364318506	1	2610
437146630	1	1189	373158146	1	2610
437146630	1	1189	30049247	1	2610
437146630	1	1189	336450914	1	2610
437146630	1	1189	1569171	1	2610
437146630	1	1189	292436489	1	2610
437146630	1	1189	365107733	1	2610
437146630	1	1189	307045413	1	2610
437146630	1	1189	394685351	1	2610
437146630	1	1189	143299601	1	2610
437146630	1	1189	336053568	1	2610
437146630	1	1189	103825144	1	2610
437146630	1	1189	307057146	1	2610
437146630	1	1189	87210512	1	2610
437146630	1	1189	292638627	1	2613
437146630	1	1189	278148125	1	2613
437146630	1	1189	74377969	1	2613
437146630	1	1189	394316602	1	2613
437146630	1	1189	74529680	1	2613
437146630	1	1189	449469647	1	2661
437146630	1	1189	44588554	1	2661
437146630	1	1189	30970471	1	2667
437146630	1	1189	59836760	1	2673
437146630	1	1189	263677437	1	2673
437146630	1	1189	59833913	1	2685
437146630	1	1189	336346487	1	2694
437146630	1	1189	379845969	1	2703
437146630	1	1189	117806900	1	2742
437146630	1	1189	379748736	1	2766
437146630	1	1189	190574791	1	2805
437146630	1	1189	423592421	1	3003
437146630	1	1189	292533874	1	3003
437146630	1	1189	117298689	1	3057
437146630	1	1189	74398713	1	3066
272126635	1	5730	272126635	1	5730
272126635	1	5730	408063105	1	5730
272126635	1	5730	146294296	1	5730
272126635	1	5730	204460098	1	5730
272126635	1	5730	71825184	1	5730
272126635	1	5730	360511619	1	5730
272126635	1	5730	126743346	1	5730
272126635	1	5730	82484449	1	5730
272126635	1	5730	272067537	1	5733
272126635	1	5730	350210633	1	5733
272126635	1	5730	22097057	1	5736
272126635	1	5730	202392333	1	5736
272126635	1	5730	300949982	1	5736
272126635	1	5730	128328567	1	5736
272126635	1	5730	349768897	1	5736
272126635	1	5730	326596121	1	5736
272126635	1	5730	190244515	1	5736
272126635	1	5730	173391963	1	5739
272126635	1	5730	44763193	1	5739
272126635	1	5730	376442220	1	5745
272126635	1	5730	248098817	1	5745
272126635	1	5730	306262243	1	5745
272126635	1	5730	117468623	1	5745
272126635	1	5730	408301103	1	5745
272126635	1	5730	59418675	1	5745
272126635	1	5730	141143682	1	5745
272126635	1	5730	350063963	1	5745
272126635	1	5730	167899873	1	5745
272126635	1	5730	341136557	1	5745
272126635	1	5730	287721112	1	5748
272126635	1	5730	372876290	1	5748
272126635	1	5730	393396516	1	5748
272126635	1	5730	7661791	1	5748
272126635	1	5730	102593272	1	5748
272126635	1	5730	392442292	1	5748
272126635	1	5730	175395587	1	5748
272126635	1	5730	168235763	1	5748
272126635	1	5730	320997798	1	5748
272126635	1	5730	198674900	1	5748
272126635	1	5730	459162619	1	5748
272126635	1	5730	175612376	1	5748
272126635	1	5730	59225967	1	5748
272126635	1	5730	59332721	1	5748
272126635	1	5730	84336950	1	5751
272126635	1	5730	234004748	1	5751
272126635	1	5730	248557900	1	5751
272126635	1	5730	393647345	1	5754
272126635	1	5730	73820976	1	5754
272126635	1	5730	219405555	1	5754
272126635	1	5730	306489537	1	5754
272126635	1	5730	314890399	1	5754
272126635	1	5730	407982164	1	5754
272126635	1	5730	464374640	1	5754
272126635	1	5730	211474083	1	5754
272126635	1	5730	258329765	1	5754
272126635	1	5730	300284266	1	5754
272126635	1	5730	304053281	1	5754
272126635	1	5730	132160044	1	5754
272126635	1	5730	219352033	1	5754
272126635	1	5730	29961309	1	5754
272126635	1	5730	146287812	1	5754
272126635	1	5730	157786991	1	5754
272126635	1	5730	160913534	1	5754
272126635	1	5730	202224622	1	5754
272126635	1	5730	364357704	1	5754
272126635	1	5730	175697834	1	5754
272126635	1	5730	200172258	1	5754
272126635	1	5730	319798914	1	5754
272126635	1	5730	375252743	1	5754
272126635	1	5730	404968855	1	5754
272126635	1	5730	422600425	1	5754
272126635	1	5730	30235446	1	5754
272126635	1	5730	101651209	1	5754
272126635	1	5730	161185793	1	5754
272126635	1	5730	224556077	1	5754
272126635	1	5730	350267830	1	5754
272126635	1	5730	437524702	1	5754
272126635	1	5730	451940879	1	5754
272126635	1	5730	141997131	1	5754
272126635	1	5730	15699563	1	5757
272126635	1	5730	66785213	1	5757
272126635	1	5730	58979636	1	5757
272126635	1	5730	73518198	1	5757
272126635	1	5730	73923046	1	5757
272126635	1	5730	372194147	1	5757
272126635	1	5730	421517767	1	5757
272126635	1	5730	451802064	1	5757
272126635	1	5730	902631	1	5757
272126635	1	5730	15764724	1	5757
272126635	1	5730	15770354	1	5757
272126635	1	5730	30363142	1	5757
272126635	1	5730	44508248	1	5757
272126635	1	5730	58965649	1	5757
272126635	1	5730	59044306	1	5757
272126635	1	5730	82912941	1	5757
272126635	1	5730	88421116	1	5757
272126635	1	5730	113378086	1	5757
272126635	1	5730	146206355	1	5757
272126635	1	5730	146232216	1	5757
272126635	1	5730	161262983	1	5757
272126635	1	5730	169393291	1	5757
272126635	1	5730	174173617	1	5757
272126635	1	5730	175450246	1	5757
272126635	1	5730	197130131	1	5757
272126635	1	5730	204564964	1	5757
272126635	1	5730	233793399	1	5757
272126635	1	5730	242187584	1	5757
272126635	1	5730	248189460	1	5757
272126635	1	5730	248289450	1	5757
272126635	1	5730	262768088	1	5757
272126635	1	5730	290801829	1	5757
272126635	1	5730	306396551	1	5757
272126635	1	5730	312582353	1	5757
272126635	1	5730	319129235	1	5757
272126635	1	5730	350060752	1	5757
272126635	1	5730	359138804	1	5757
272126635	1	5730	364720031	1	5757
272126635	1	5730	379126878	1	5757
272126635	1	5730	404482454	1	5757
272126635	1	5730	15615755	1	5757
272126635	1	5730	30074362	1	5757
272126635	1	5730	30285221	1	5757
272126635	1	5730	40373525	1	5757
272126635	1	5730	58979687	1	5757
272126635	1	5730	88375391	1	5757
272126635	1	5730	102663252	1	5757
272126635	1	5730	129677974	1	5757
272126635	1	5730	131774461	1	5757
272126635	1	5730	138991346	1	5757
272126635	1	5730	145094057	1	5757
272126635	1	5730	146715068	1	5757
272126635	1	5730	161257972	1	5757
272126635	1	5730	170260675	1	5757
272126635	1	5730	202466957	1	5757
272126635	1	5730	204649984	1	5757
272126635	1	5730	214991905	1	5757
272126635	1	5730	218893782	1	5757
272126635	1	5730	227499318	1	5757
272126635	1	5730	232358927	1	5757
272126635	1	5730	248025336	1	5757
272126635	1	5730	248211786	1	5757
272126635	1	5730	259507411	1	5757
272126635	1	5730	262882519	1	5757
272126635	1	5730	262913231	1	5757
272126635	1	5730	291705148	1	5757
272126635	1	5730	291752390	1	5757
272126635	1	5730	320867754	1	5757
272126635	1	5730	333888224	1	5757
272126635	1	5730	335535337	1	5757
272126635	1	5730	349765176	1	5757
272126635	1	5730	350292064	1	5757
272126635	1	5730	370641201	1	5757
272126635	1	5730	373432870	1	5757
272126635	1	5730	379020566	1	5757
272126635	1	5730	421313207	1	5757
272126635	1	5730	451984415	1	5757
272126635	1	5730	457629120	1	5757
272126635	1	5730	21677447	1	5757
272126635	1	5730	44393585	1	5757
272126635	1	5730	56860589	1	5757
272126635	1	5730	73574458	1	5757
272126635	1	5730	87027353	1	5757
272126635	1	5730	88118245	1	5757
272126635	1	5730	88547291	1	5757
272126635	1	5730	170217936	1	5757
272126635	1	5730	182703727	1	5757
272126635	1	5730	190214342	1	5757
272126635	1	5730	199044846	1	5757
272126635	1	5730	204422179	1	5757
272126635	1	5730	204695529	1	5757
272126635	1	5730	218940026	1	5757
272126635	1	5730	262883366	1	5757
272126635	1	5730	302973498	1	5757
272126635	1	5730	350047755	1	5757
272126635	1	5730	370645258	1	5757
272126635	1	5730	379101472	1	5757
272126635	1	5730	388766721	1	5757
272126635	1	5730	392538275	1	5757
272126635	1	5730	393908988	1	5757
272126635	1	5730	1180193	1	5757
272126635	1	5730	39352516	1	5757
272126635	1	5730	53660799	1	5757
272126635	1	5730	59060712	1	5757
272126635	1	5730	67381982	1	5757
272126635	1	5730	70114786	1	5757
272126635	1	5730	73522740	1	5757
272126635	1	5730	73871897	1	5757
272126635	1	5730	117115747	1	5757
272126635	1	5730	117520347	1	5757
272126635	1	5730	117534727	1	5757
272126635	1	5730	155649918	1	5757
272126635	1	5730	212143149	1	5757
272126635	1	5730	218995627	1	5757
272126635	1	5730	270515099	1	5757
272126635	1	5730	271173105	1	5757
272126635	1	5730	274993994	1	5757
272126635	1	5730	277382249	1	5757
272126635	1	5730	285911465	1	5757
272126635	1	5730	288919494	1	5757
272126635	1	5730	291606448	1	5757
272126635	1	5730	291664109	1	5757
272126635	1	5730	291706773	1	5757
272126635	1	5730	316597857	1	5757
272126635	1	5730	320775144	1	5757
272126635	1	5730	335256106	1	5757
272126635	1	5730	350015497	1	5757
272126635	1	5730	378923907	1	5757
272126635	1	5730	379067435	1	5757
272126635	1	5730	421166820	1	5757
272126635	1	5730	422800637	1	5757
272126635	1	5730	432025564	1	5757
272126635	1	5730	437193172	1	5757
272126635	1	5730	451870941	1	5757
272126635	1	5730	451946960	1	5757
272126635	1	5730	28528994	1	5757
272126635	1	5730	30197615	1	5757
272126635	1	5730	30223826	1	5757
272126635	1	5730	56656611	1	5757
272126635	1	5730	88472119	1	5757
272126635	1	5730	94969333	1	5757
272126635	1	5730	102913812	1	5757
272126635	1	5730	153736567	1	5757
272126635	1	5730	213410983	1	5757
272126635	1	5730	219408635	1	5757
272126635	1	5730	233709006	1	5757
272126635	1	5730	247156414	1	5757
272126635	1	5730	255038131	1	5757
272126635	1	5730	262720479	1	5757
272126635	1	5730	335619869	1	5757
272126635	1	5730	350240175	1	5757
272126635	1	5730	374100629	1	5757
272126635	1	5730	378870404	1	5757
272126635	1	5730	379311443	1	5757
272126635	1	5730	393844250	1	5757
272126635	1	5730	408317149	1	5757
272126635	1	5730	431119360	1	5757
272126635	1	5730	30157824	1	5757
272126635	1	5730	36834431	1	5757
272126635	1	5730	52865884	1	5757
272126635	1	5730	101159354	1	5757
272126635	1	5730	137509283	1	5757
272126635	1	5730	137838918	1	5757
272126635	1	5730	159594054	1	5757
272126635	1	5730	175582605	1	5757
272126635	1	5730	233492105	1	5757
272126635	1	5730	233623173	1	5757
272126635	1	5730	262624203	1	5757
272126635	1	5730	300370868	1	5757
272126635	1	5730	303783986	1	5757
272126635	1	5730	306356218	1	5757
272126635	1	5730	317707533	1	5757
272126635	1	5730	344841404	1	5757
272126635	1	5730	350101685	1	5757
272126635	1	5730	372233452	1	5757
272126635	1	5730	378970021	1	5757
272126635	1	5730	385184111	1	5757
272126635	1	5730	810163	1	5757
272126635	1	5730	1021396	1	5757
272126635	1	5730	12748308	1	5757
272126635	1	5730	12792644	1	5757
272126635	1	5730	15750071	1	5757
272126635	1	5730	21853396	1	5757
272126635	1	5730	38007186	1	5757
272126635	1	5730	44396766	1	5757
272126635	1	5730	44710051	1	5757
272126635	1	5730	93900875	1	5757
272126635	1	5730	117849522	1	5757
272126635	1	5730	159667214	1	5757
272126635	1	5730	176420455	1	5757
272126635	1	5730	225677537	1	5757
272126635	1	5730	247990584	1	5757
272126635	1	5730	277509553	1	5757
272126635	1	5730	291744656	1	5757
272126635	1	5730	291908779	1	5757
272126635	1	5730	302156506	1	5757
272126635	1	5730	444501641	1	5757
272126635	1	5730	465019702	1	5757
272126635	1	5730	597143	1	5757
272126635	1	5730	8119999	1	5757
272126635	1	5730	21116111	1	5757
272126635	1	5730	29935582	1	5757
272126635	1	5730	29943328	1	5757
272126635	1	5730	44551900	1	5757
272126635	1	5730	67105777	1	5757
272126635	1	5730	72387136	1	5757
272126635	1	5730	73786294	1	5757
272126635	1	5730	79471618	1	5757
272126635	1	5730	88114770	1	5757
272126635	1	5730	88381032	1	5757
272126635	1	5730	88425799	1	5757
272126635	1	5730	99236113	1	5757
272126635	1	5730	102830502	1	5757
272126635	1	5730	108489509	1	5757
272126635	1	5730	113630878	1	5757
272126635	1	5730	114615587	1	5757
272126635	1	5730	117236012	1	5757
272126635	1	5730	117407300	1	5757
272126635	1	5730	122999313	1	5757
272126635	1	5730	142838322	1	5757
272126635	1	5730	144575968	1	5757
272126635	1	5730	145369382	1	5757
272126635	1	5730	167091235	1	5757
272126635	1	5730	169477733	1	5757
272126635	1	5730	190381408	1	5757
272126635	1	5730	196324318	1	5757
272126635	1	5730	196623184	1	5757
272126635	1	5730	204362039	1	5757
272126635	1	5730	218922303	1	5757
272126635	1	5730	224826809	1	5757
272126635	1	5730	233551598	1	5757
272126635	1	5730	233767881	1	5757
272126635	1	5730	239097173	1	5757
272126635	1	5730	242872493	1	5757
272126635	1	5730	257411411	1	5757
272126635	1	5730	285657597	1	5757
272126635	1	5730	297472166	1	5757
272126635	1	5730	304442746	1	5757
272126635	1	5730	314145973	1	5757
272126635	1	5730	326682948	1	5757
272126635	1	5730	330279028	1	5757
272126635	1	5730	335341436	1	5757
272126635	1	5730	348222816	1	5757
272126635	1	5730	350194974	1	5757
272126635	1	5730	355592495	1	5757
272126635	1	5730	370088898	1	5757
272126635	1	5730	388373962	1	5757
272126635	1	5730	392147509	1	5757
272126635	1	5730	393546462	1	5757
272126635	1	5730	393762778	1	5757
272126635	1	5730	417662789	1	5757
272126635	1	5730	420688884	1	5757
272126635	1	5730	432806190	1	5757
272126635	1	5730	434259202	1	5757
272126635	1	5730	445692799	1	5757
272126635	1	5730	464780372	1	5757
272126635	1	5730	465105078	1	5757
272126635	1	5730	1316940	1	5757
272126635	1	5730	7670971	1	5757
272126635	1	5730	8831657	1	5757
272126635	1	5730	15858316	1	5757
272126635	1	5730	15908662	1	5757
272126635	1	5730	15969655	1	5757
272126635	1	5730	30494620	1	5757
272126635	1	5730	36563856	1	5757
272126635	1	5730	44948734	1	5757
272126635	1	5730	73714416	1	5757
272126635	1	5730	73809944	1	5757
272126635	1	5730	99076429	1	5757
272126635	1	5730	102676056	1	5757
272126635	1	5730	103097553	1	5757
272126635	1	5730	108535260	1	5757
272126635	1	5730	108563978	1	5757
272126635	1	5730	122798445	1	5757
272126635	1	5730	132286537	1	5757
272126635	1	5730	132287548	1	5757
272126635	1	5730	140903713	1	5757
272126635	1	5730	146215469	1	5757
272126635	1	5730	166592575	1	5757
272126635	1	5730	175822745	1	5757
272126635	1	5730	175887565	1	5757
272126635	1	5730	175896804	1	5757
272126635	1	5730	180984912	1	5757
272126635	1	5730	188288935	1	5757
272126635	1	5730	189251031	1	5757
272126635	1	5730	189823513	1	5757
272126635	1	5730	195477755	1	5757
272126635	1	5730	195708611	1	5757
272126635	1	5730	228607158	1	5757
272126635	1	5730	234057410	1	5757
272126635	1	5730	245304893	1	5757
272126635	1	5730	253699821	1	5757
272126635	1	5730	268185404	1	5757
272126635	1	5730	268328877	1	5757
272126635	1	5730	272613744	1	5757
272126635	1	5730	272840953	1	5757
272126635	1	5730	282718852	1	5757
272126635	1	5730	290718885	1	5757
272126635	1	5730	297449637	1	5757
272126635	1	5730	311911461	1	5757
272126635	1	5730	311997393	1	5757
272126635	1	5730	316666187	1	5757
272126635	1	5730	340821709	1	5757
272126635	1	5730	340961181	1	5757
272126635	1	5730	341170947	1	5757
272126635	1	5730	341531980	1	5757
272126635	1	5730	347216306	1	5757
272126635	1	5730	355363711	1	5757
272126635	1	5730	355535752	1	5757
272126635	1	5730	369934981	1	5757
272126635	1	5730	373034730	1	5757
272126635	1	5730	384457018	1	5757
272126635	1	5730	384496159	1	5757
272126635	1	5730	390890310	1	5757
272126635	1	5730	393990655	1	5757
272126635	1	5730	399161848	1	5757
272126635	1	5730	401113233	1	5757
272126635	1	5730	402665679	1	5757
272126635	1	5730	414549423	1	5757
272126635	1	5730	423129150	1	5757
272126635	1	5730	428387867	1	5757
272126635	1	5730	428450462	1	5757
272126635	1	5730	437986819	1	5757
272126635	1	5730	442645422	1	5757
272126635	1	5730	446832269	1	5757
272126635	1	5730	448359594	1	5757
272126635	1	5730	451650589	1	5757
272126635	1	5730	451738727	1	5757
272126635	1	5730	452203553	1	5757
272126635	1	5730	1327707	1	5757
272126635	1	5730	1711448	1	5757
272126635	1	5730	6643754	1	5757
272126635	1	5730	11165544	1	5757
272126635	1	5730	15860638	1	5757
272126635	1	5730	27317169	1	5757
272126635	1	5730	30435457	1	5757
272126635	1	5730	35486888	1	5757
272126635	1	5730	35727063	1	5757
272126635	1	5730	44975373	1	5757
272126635	1	5730	59590348	1	5757
272126635	1	5730	64808358	1	5757
272126635	1	5730	73836600	1	5757
272126635	1	5730	101775263	1	5757
272126635	1	5730	103137388	1	5757
272126635	1	5730	108457550	1	5757
272126635	1	5730	114646927	1	5757
272126635	1	5730	117910933	1	5757
272126635	1	5730	127452636	1	5757
272126635	1	5730	132270408	1	5757
272126635	1	5730	137270900	1	5757
272126635	1	5730	142762154	1	5757
272126635	1	5730	146755596	1	5757
272126635	1	5730	151658001	1	5757
272126635	1	5730	151890277	1	5757
272126635	1	5730	152158525	1	5757
272126635	1	5730	152179143	1	5757
272126635	1	5730	153270149	1	5757
272126635	1	5730	153457436	1	5757
272126635	1	5730	158936451	1	5757
272126635	1	5730	195580818	1	5757
272126635	1	5730	204366622	1	5757
272126635	1	5730	210019045	1	5757
272126635	1	5730	219456724	1	5757
272126635	1	5730	224527486	1	5757
272126635	1	5730	224705123	1	5757
272126635	1	5730	224827353	1	5757
272126635	1	5730	232052906	1	5757
272126635	1	5730	234083052	1	5757
272126635	1	5730	239177884	1	5757
272126635	1	5730	239790787	1	5757
272126635	1	5730	248188389	1	5757
272126635	1	5730	248556445	1	5757
272126635	1	5730	248569687	1	5757
272126635	1	5730	253817874	1	5757
272126635	1	5730	268343298	1	5757
272126635	1	5730	270174581	1	5757
272126635	1	5730	297344898	1	5757
272126635	1	5730	302267882	1	5757
272126635	1	5730	311799060	1	5757
272126635	1	5730	321165298	1	5757
272126635	1	5730	321277866	1	5757
272126635	1	5730	328755947	1	5757
272126635	1	5730	329898842	1	5757
272126635	1	5730	340847454	1	5757
272126635	1	5730	341023566	1	5757
272126635	1	5730	341111919	1	5757
272126635	1	5730	384768318	1	5757
272126635	1	5730	393468276	1	5757
272126635	1	5730	413403739	1	5757
272126635	1	5730	421308335	1	5757
272126635	1	5730	423057453	1	5757
272126635	1	5730	428072790	1	5757
272126635	1	5730	428355583	1	5757
272126635	1	5730	432187076	1	5757
272126635	1	5730	437298256	1	5757
272126635	1	5730	442875491	1	5757
272126635	1	5730	442983080	1	5757
272126635	1	5730	443938453	1	5757
272126635	1	5730	448023440	1	5757
272126635	1	5730	451719946	1	5757
272126635	1	5730	457297746	1	5757
272126635	1	5730	464886244	1	5757
272126635	1	5730	6659286	1	5757
272126635	1	5730	7468585	1	5757
272126635	1	5730	7982278	1	5757
272126635	1	5730	8474704	1	5757
272126635	1	5730	253715040	1	5757
272126635	1	5730	326430685	1	5757
272126635	1	5730	340695536	1	5757
272126635	1	5730	413701410	1	5757
272126635	1	5730	428373706	1	5757
272126635	1	5730	431367940	1	5757
272126635	1	5730	443027315	1	5757
272126635	1	5730	57994954	1	5757
272126635	1	5730	344651130	1	5757
272126635	1	5730	262766135	1	5757
272126635	1	5730	59307553	1	5757
272126635	1	5730	451872671	1	5757
272126635	1	5730	229353003	1	5757
272126635	1	5730	320816970	1	5757
272126635	1	5730	331642439	1	5757
272126635	1	5730	181139998	1	5757
272126635	1	5730	109344836	1	5760
272126635	1	5730	269543960	1	5760
272126635	1	5730	269015144	1	5760
272126635	1	5730	275221630	1	5760
272126635	1	5730	298701229	1	5760
272126635	1	5730	422548596	1	5760
272126635	1	5730	464702496	1	5760
272126635	1	5730	68600736	1	5760
272126635	1	5730	184257930	1	5760
272126635	1	5730	233895367	1	5760
272126635	1	5730	262771623	1	5760
272126635	1	5730	286223901	1	5760
272126635	1	5730	286634361	1	5760
272126635	1	5730	332424103	1	5760
272126635	1	5730	378911822	1	5760
272126635	1	5730	130272466	1	5760
272126635	1	5730	64805447	1	5760
272126635	1	5730	88117791	1	5760
272126635	1	5730	204358774	1	5760
272126635	1	5730	327515383	1	5760
272126635	1	5730	356564216	1	5760
272126635	1	5730	408408287	1	5760
272126635	1	5730	408424440	1	5760
272126635	1	5730	99187806	1	5760
272126635	1	5730	195910020	1	5760
272126635	1	5730	401179924	1	5760
272126635	1	5730	364302631	1	5769
272126635	1	5730	417764094	1	5769
 