7173761	1	597	53287984	1	516
7173761	1	597	141798419	1	534
7173761	1	597	321173849	1	534
7173761	1	597	80814980	1	546
7173761	1	597	401679736	1	546
7173761	1	597	146290894	1	546
7173761	1	597	82070121	1	546
7173761	1	597	451664240	1	546
7173761	1	597	10010646	1	546
7173761	1	597	875379	1	546
7173761	1	597	95040885	1	546
7173761	1	597	242441483	1	555
7173761	1	597	217613783	1	555
7173761	1	597	212030897	1	555
7173761	1	597	246055584	1	555
7173761	1	597	68820419	1	558
7173761	1	597	108746287	1	558
7173761	1	597	315225023	1	558
7173761	1	597	72539640	1	558
7173761	1	597	198552259	1	558
7173761	1	597	50464648	1	558
7173761	1	597	242822856	1	558
7173761	1	597	362426476	1	558
7173761	1	597	277549950	1	561
7173761	1	597	364683871	1	564
7173761	1	597	81640174	1	564
7173761	1	597	190187086	1	564
7173761	1	597	248351695	1	567
7173761	1	597	117478238	1	567
7173761	1	597	171135411	1	570
7173761	1	597	54932299	1	573
7173761	1	597	272786581	1	579
7173761	1	597	88412180	1	579
7173761	1	597	343314533	1	579
7173761	1	597	72022618	1	579
7173761	1	597	298289863	1	591
7173761	1	597	321059505	1	591
7173761	1	597	321061062	1	591
7173761	1	597	201758006	1	597
7173761	1	597	406247793	1	597
7173761	1	597	7173761	1	597
7173761	1	597	249184493	1	597
7173761	1	597	463010737	1	597
7173761	1	597	357205487	1	597
7173761	1	597	27094364	1	597
7173761	1	597	39742878	1	597
7173761	1	597	53332017	1	597
7173761	1	597	9209849	1	597
7173761	1	597	231034957	1	597
7173761	1	597	175662532	1	597
7173761	1	597	8361696	1	597
7173761	1	597	56910656	1	597
7173761	1	597	359727056	1	597
7173761	1	597	102855227	1	597
7173761	1	597	344549390	1	597
7173761	1	597	110422924	1	597
7173761	1	597	433661622	1	597
7173761	1	597	451952970	1	597
7173761	1	597	157902066	1	597
7173761	1	597	319866431	1	597
7173761	1	597	203490288	1	597
7173761	1	597	277165757	1	597
7173761	1	597	124166673	1	597
7173761	1	597	44687723	1	597
7173761	1	597	110085154	1	597
7173761	1	597	392264577	1	597
7173761	1	597	463760387	1	597
7173761	1	597	229808472	1	597
7173761	1	597	57049501	1	597
7173761	1	597	317897492	1	597
7173761	1	597	298749765	1	597
7173761	1	597	459005661	1	597
7173761	1	597	127752817	1	597
7173761	1	597	175426667	1	597
7173761	1	597	393768951	1	597
7173761	1	597	422850428	1	597
7173761	1	597	420667143	1	597
7173761	1	597	114791065	1	597
7173761	1	597	262893731	1	597
7173761	1	597	437546645	1	597
7173761	1	597	875123	1	597
7173761	1	597	245013284	1	597
7173761	1	597	377946712	1	597
7173761	1	597	450641230	1	597
7173761	1	597	125557955	1	597
7173761	1	597	403833085	1	597
7173761	1	597	142085671	1	597
7173761	1	597	335533483	1	597
7173761	1	597	25599542	1	597
7173761	1	597	1144764	1	597
7173761	1	597	389260112	1	597
7173761	1	597	387420468	1	597
7173761	1	597	364684864	1	597
7173761	1	597	451933505	1	597
7173761	1	597	269911554	1	597
7173761	1	597	379147355	1	597
7173761	1	597	21541517	1	597
7173761	1	597	248442203	1	597
7173761	1	597	73941253	1	597
7173761	1	597	86812676	1	597
7173761	1	597	50461695	1	597
7173761	1	597	341585411	1	597
7173761	1	597	227824282	1	597
7173761	1	597	399574034	1	597
7173761	1	597	25882202	1	597
7173761	1	597	262894941	1	597
7173761	1	597	273090613	1	597
7173761	1	597	37179346	1	597
7173761	1	597	350296206	1	597
7173761	1	597	291759706	1	597
7173761	1	597	379225565	1	597
7173761	1	597	446061157	1	597
7173761	1	597	217849189	1	597
7173761	1	597	141604837	1	597
7173761	1	597	233811670	1	597
7173761	1	597	124495765	1	597
7173761	1	597	123193572	1	597
7173761	1	597	171738704	1	597
7173761	1	597	419680541	1	597
7173761	1	597	321059093	1	597
7173761	1	597	117477234	1	597
7173761	1	597	40014092	1	597
7173761	1	597	85188542	1	597
7173761	1	597	42058423	1	597
7173761	1	597	371789319	1	597
7173761	1	597	161103845	1	597
7173761	1	597	445343464	1	600
7173761	1	597	142088880	1	600
7173761	1	597	372208806	1	600
7173761	1	597	242835918	1	600
7173761	1	597	356264613	1	600
7173761	1	597	274257259	1	600
7173761	1	597	335518399	1	600
7173761	1	597	401359426	1	600
7173761	1	597	448582231	1	600
7173761	1	597	262912750	1	600
7173761	1	597	320981665	1	600
7173761	1	597	11207537	1	600
7173761	1	597	229218477	1	600
7173761	1	597	291895969	1	600
7173761	1	597	389291508	1	600
7173761	1	597	29883575	1	600
7173761	1	597	422868813	1	600
7173761	1	597	146278911	1	600
7173761	1	597	117401409	1	600
7173761	1	597	364796637	1	600
7173761	1	597	161103065	1	600
7173761	1	597	370484274	1	600
7173761	1	597	233811407	1	600
7173761	1	597	13159438	1	600
7173761	1	597	360639903	1	600
7173761	1	597	204826046	1	600
7173761	1	597	422569597	1	615
7173761	1	597	303419888	1	615
7173761	1	597	4766653	1	615
7173761	1	597	153249831	1	615
7173761	1	597	374743230	1	615
7173761	1	597	420329409	1	615
7173761	1	597	353764758	1	615
7173761	1	597	254964527	1	615
7173761	1	597	275251358	1	627
7173761	1	597	1161661	1	639
7173761	1	597	418778957	1	645
7173761	1	597	408422422	1	687
7173761	1	597	400502380	1	693
7173761	1	597	297917608	1	693
7173761	1	597	403331156	1	693
7173761	1	597	416490837	1	693
7173761	1	597	24737789	1	693
7173761	1	597	415264205	1	693
7173761	1	597	364616071	1	702
7173761	1	597	154531835	1	702
7173761	1	597	171944686	1	711
7173761	1	597	271611046	1	771
7173761	1	597	117592496	1	783
7173761	1	597	183172354	1	789
7173761	1	597	94460946	1	804
7173761	1	597	22835096	1	816
7173761	1	597	397390658	1	828
7173761	1	597	12221763	1	828
7173761	1	597	94552115	1	834
7173761	1	597	421271948	1	843
7173761	1	597	408394366	1	849
7173761	1	597	141490617	1	855
7173761	1	597	335236784	1	873
7173761	1	597	44790648	1	876
7173761	1	597	172063952	1	879
7173761	1	597	332663731	1	888
7173761	1	597	219051552	1	888
7173761	1	597	189969579	1	897
7173761	1	597	422634337	1	897
7173761	1	597	450316485	1	897
7173761	1	597	284578448	1	897
7173761	1	597	172939966	1	903
7173761	1	597	291902477	1	906
7173761	1	597	15657309	1	906
7173761	1	597	275833431	1	915
7173761	1	597	225132423	1	933
7173761	1	597	388254524	1	933
7173761	1	597	54681011	1	933
7173761	1	597	447357846	1	933
7173761	1	597	276286599	1	933
7173761	1	597	213408957	1	933
7173761	1	597	256576477	1	933
7173761	1	597	443565913	1	933
7173761	1	597	69373780	1	933
7173761	1	597	415448817	1	933
7173761	1	597	447454725	1	933
7173761	1	597	287501589	1	933
7173761	1	597	301859460	1	933
7173761	1	597	243748342	1	933
7173761	1	597	418378297	1	933
7173761	1	597	213600139	1	933
7173761	1	597	301933467	1	933
7173761	1	597	316452253	1	942
7173761	1	597	389161981	1	942
7173761	1	597	319344466	1	942
7173761	1	597	301854541	1	942
7173761	1	597	88028064	1	954
7173761	1	597	317170083	1	957
7173761	1	597	360790739	1	966
7173761	1	597	198519872	1	966
7173761	1	597	67079749	1	966
7173761	1	597	15439931	1	966
7173761	1	597	391730947	1	975
7173761	1	597	226389375	1	975
7173761	1	597	358735814	1	975
7173761	1	597	419454121	1	975
7173761	1	597	376249817	1	978
7173761	1	597	345514284	1	990
7173761	1	597	200258560	1	990
7173761	1	597	185553400	1	1020
7173761	1	597	25614598	1	1020
7173761	1	597	54833898	1	1020
7173761	1	597	204360408	1	1020
7173761	1	597	129788143	1	1020
7173761	1	597	233864914	1	1020
7173761	1	597	59400757	1	1023
7173761	1	597	408076899	1	1029
7173761	1	597	245465900	1	1029
7173761	1	597	271752081	1	1029
7173761	1	597	54930951	1	1029
7173761	1	597	72577382	1	1029
7173761	1	597	263006264	1	1029
7173761	1	597	168475921	1	1038
7173761	1	597	330033732	1	1044
7173761	1	597	22005425	1	1044
7173761	1	597	212329333	1	1044
7173761	1	597	129228274	1	1044
7173761	1	597	204510112	1	1044
7173761	1	597	186322077	1	1050
7173761	1	597	132132178	1	1053
7173761	1	597	248371900	1	1053
7173761	1	597	460145561	1	1053
7173761	1	597	408228957	1	1053
7173761	1	597	415522037	1	1062
7173761	1	597	73965244	1	1068
7173761	1	597	262670819	1	1074
7173761	1	597	44546846	1	1074
7173761	1	597	451951583	1	1077
7173761	1	597	204745720	1	1077
7173761	1	597	379340729	1	1077
7173761	1	597	103049182	1	1077
7173761	1	597	437477086	1	1077
7173761	1	597	306632047	1	1077
7173761	1	597	127795347	1	1089
7173761	1	597	373626331	1	1089
7173761	1	597	461066960	1	1089
7173761	1	597	422904554	1	1089
7173761	1	597	132132648	1	1089
7173761	1	597	314577372	1	1092
7173761	1	597	53866646	1	1092
7173761	1	597	304756522	1	1092
7173761	1	597	390264495	1	1092
7173761	1	597	181576145	1	1092
7173761	1	597	225581563	1	1092
7173761	1	597	232390569	1	1092
7173761	1	597	376027204	1	1092
7173761	1	597	57468018	1	1092
7173761	1	597	73923850	1	1098
7173761	1	597	291612250	1	1104
7173761	1	597	160792135	1	1119
7173761	1	597	289831563	1	1125
7173761	1	597	335544107	1	1128
7173761	1	597	31049851	1	1149
7173761	1	597	262550242	1	1161
7173761	1	597	405064617	1	1167
7173761	1	597	262549574	1	1248
7173761	1	597	458695547	1	1263
7173761	1	597	99456428	1	1284
7173761	1	597	73631143	1	1284
7173761	1	597	437341941	1	1287
7173761	1	597	414380379	1	1293
7173761	1	597	233792652	1	1296
7173761	1	597	246619977	1	1296
7173761	1	597	269769406	1	1296
7173761	1	597	160820688	1	1314
7173761	1	597	175360736	1	1314
7173761	1	597	350257330	1	1314
7173761	1	597	350231353	1	1314
7173761	1	597	320790666	1	1314
7173761	1	597	321172976	1	1314
7173761	1	597	99681025	1	1329
7173761	1	597	292090814	1	1338
7173761	1	597	202539409	1	1347
7173761	1	597	88509432	1	1350
7173761	1	597	277548938	1	1350
7173761	1	597	69623403	1	1359
7173761	1	597	393880188	1	1359
7173761	1	597	350229606	1	1359
7173761	1	597	230139896	1	1362
7173761	1	597	460027404	1	1368
7173761	1	597	335714160	1	1371
7173761	1	597	197825913	1	1374
7173761	1	597	150185716	1	1374
7173761	1	597	173272752	1	1374
7173761	1	597	257889084	1	1374
7173761	1	597	244576079	1	1377
7173761	1	597	248406044	1	1380
7173761	1	597	277403785	1	1383
7173761	1	597	393739194	1	1383
7173761	1	597	72374603	1	1383
7173761	1	597	233780867	1	1383
7173761	1	597	432591812	1	1383
7173761	1	597	175614737	1	1383
7173761	1	597	130808930	1	1383
7173761	1	597	219199793	1	1383
7173761	1	597	175706590	1	1383
7173761	1	597	141899609	1	1383
7173761	1	597	88479967	1	1383
7173761	1	597	50661860	1	1386
7173761	1	597	448580518	1	1386
7173761	1	597	117590062	1	1389
7173761	1	597	321172420	1	1395
7173761	1	597	408394238	1	1398
7173761	1	597	331258298	1	1419
7173761	1	597	103026984	1	1419
7173761	1	597	175593869	1	1419
7173761	1	597	335715269	1	1428
7173761	1	597	132020907	1	1428
7173761	1	597	379158099	1	1428
7173761	1	597	451929597	1	1428
7173761	1	597	407033703	1	1431
7173761	1	597	202239585	1	1431
7173761	1	597	175757617	1	1437
7173761	1	597	1114513	1	1437
7173761	1	597	219382523	1	1437
7173761	1	597	146581711	1	1440
7173761	1	597	88507316	1	1455
7173761	1	597	59029549	1	1455
7173761	1	597	175613761	1	1455
7173761	1	597	218902607	1	1458
7173761	1	597	437361416	1	1464
7173761	1	597	73910638	1	1464
7173761	1	597	364632225	1	1467
7173761	1	597	175593242	1	1467
7173761	1	597	131987384	1	1470
7173761	1	597	408000804	1	1470
7173761	1	597	406573978	1	1470
7173761	1	597	226215953	1	1488
7173761	1	597	408280646	1	1497
7173761	1	597	12944468	1	1497
7173761	1	597	406851460	1	1497
7173761	1	597	263046699	1	1500
7173761	1	597	44922627	1	1500
7173761	1	597	233468891	1	1503
7173761	1	597	30343383	1	1512
7173761	1	597	393737372	1	1515
7173761	1	597	320826178	1	1521
7173761	1	597	393736195	1	1524
7173761	1	597	30199411	1	1527
7173761	1	597	73824419	1	1527
7173761	1	597	15655609	1	1533
7173761	1	597	291997548	1	1545
7173761	1	597	139169410	1	1545
7173761	1	597	244978028	1	1551
7173761	1	597	272668566	1	1551
7173761	1	597	132132011	1	1551
7173761	1	597	451773154	1	1551
7173761	1	597	73912175	1	1551
7173761	1	597	233780574	1	1554
7173761	1	597	146343143	1	1566
7173761	1	597	88051297	1	1566
7173761	1	597	321030898	1	1566
7173761	1	597	335572798	1	1566
7173761	1	597	281067100	1	1566
7173761	1	597	150181215	1	1566
7173761	1	597	88176716	1	1566
7173761	1	597	451590469	1	1566
7173761	1	597	320715970	1	1566
7173761	1	597	83359609	1	1566
7173761	1	597	437361526	1	1569
7173761	1	597	262862470	1	1587
7173761	1	597	306487853	1	1593
7173761	1	597	146674072	1	1593
7173761	1	597	59242229	1	1599
7173761	1	597	48390385	1	1614
7173761	1	597	44741092	1	1620
7173761	1	597	59424147	1	1638
7173761	1	597	350113590	1	1644
7173761	1	597	202022516	1	1647
7173761	1	597	30197877	1	1650
7173761	1	597	88366086	1	1653
7173761	1	597	335715351	1	1653
7173761	1	597	102904889	1	1659
7173761	1	597	102904095	1	1659
7173761	1	597	335714471	1	1662
7173761	1	597	204404824	1	1674
7173761	1	597	1115802	1	1674
7173761	1	597	233778775	1	1674
7173761	1	597	146530514	1	1674
7173761	1	597	146528842	1	1677
7173761	1	597	30196534	1	1689
7173761	1	597	88364984	1	1692
7173761	1	597	292090111	1	1698
7173761	1	597	306632904	1	1710
7173761	1	597	117447661	1	1722
7173761	1	597	161072855	1	1722
7173761	1	597	277403286	1	1722
7173761	1	597	102905002	1	1722
7173761	1	597	248320114	1	1722
7173761	1	597	364655790	1	1722
7173761	1	597	219237952	1	1722
7173761	1	597	321030669	1	1722
7173761	1	597	59281758	1	1722
7173761	1	597	117446021	1	1722
7173761	1	597	161073143	1	1722
7173761	1	597	233922431	1	1722
229037466	1	4613	161151937	1	4565
229037466	1	4613	25869380	1	4598
229037466	1	4613	364510580	1	4601
229037466	1	4613	233478643	1	4604
229037466	1	4613	79120054	1	4604
229037466	1	4613	1134876	1	4607
229037466	1	4613	190217911	1	4607
229037466	1	4613	262903207	1	4607
229037466	1	4613	248350468	1	4607
229037466	1	4613	451677941	1	4607
229037466	1	4613	181193082	1	4607
229037466	1	4613	306219151	1	4607
229037466	1	4613	422694827	1	4607
229037466	1	4613	44601617	1	4607
229037466	1	4613	102641204	1	4607
229037466	1	4613	146243295	1	4607
229037466	1	4613	160809959	1	4607
229037466	1	4613	175394678	1	4607
229037466	1	4613	218961632	1	4607
229037466	1	4613	219213844	1	4607
229037466	1	4613	248162293	1	4607
229037466	1	4613	262576975	1	4607
229037466	1	4613	262675386	1	4607
229037466	1	4613	364418214	1	4607
229037466	1	4613	452013209	1	4607
229037466	1	4613	1098289	1	4607
229037466	1	4613	44573463	1	4607
229037466	1	4613	59076004	1	4607
229037466	1	4613	102734205	1	4607
229037466	1	4613	190187858	1	4607
229037466	1	4613	219138730	1	4607
229037466	1	4613	320999286	1	4607
229037466	1	4613	335302142	1	4607
229037466	1	4613	408062879	1	4607
229037466	1	4613	422654401	1	4607
229037466	1	4613	437166259	1	4607
229037466	1	4613	451621453	1	4607
229037466	1	4613	15376052	1	4607
229037466	1	4613	30148140	1	4607
229037466	1	4613	30282463	1	4607
229037466	1	4613	73786758	1	4607
229037466	1	4613	88221670	1	4607
229037466	1	4613	117235466	1	4607
229037466	1	4613	132069112	1	4607
229037466	1	4613	189941056	1	4607
229037466	1	4613	204560855	1	4607
229037466	1	4613	248119540	1	4607
229037466	1	4613	277436954	1	4607
229037466	1	4613	306343784	1	4607
229037466	1	4613	321128187	1	4607
229037466	1	4613	321185314	1	4607
229037466	1	4613	422687651	1	4607
229037466	1	4613	437193506	1	4607
229037466	1	4613	30128930	1	4607
229037466	1	4613	59390364	1	4607
229037466	1	4613	277384703	1	4607
229037466	1	4613	306343366	1	4607
229037466	1	4613	379157160	1	4607
229037466	1	4613	422628886	1	4607
229037466	1	4613	451803887	1	4607
229037466	1	4613	248303658	1	4607
229037466	1	4613	335655432	1	4607
229037466	1	4613	103049004	1	4607
229037466	1	4613	292044394	1	4607
229037466	1	4613	277572527	1	4610
229037466	1	4613	422513268	1	4610
229037466	1	4613	306333690	1	4610
229037466	1	4613	306263595	1	4610
229037466	1	4613	349957598	1	4610
229037466	1	4613	1019360	1	4610
229037466	1	4613	219076129	1	4610
229037466	1	4613	64656833	1	4610
229037466	1	4613	175544155	1	4610
229037466	1	4613	248100706	1	4610
229037466	1	4613	408449650	1	4610
229037466	1	4613	44705393	1	4610
229037466	1	4613	175576102	1	4610
229037466	1	4613	985437	1	4610
229037466	1	4613	44714934	1	4610
229037466	1	4613	422617513	1	4610
229037466	1	4613	233691260	1	4610
229037466	1	4613	393739952	1	4610
229037466	1	4613	229037466	1	4613
229037466	1	4613	422603316	1	4613
229037466	1	4613	233483315	1	4613
229037466	1	4613	102958144	1	4613
229037466	1	4613	182379672	1	4613
229037466	1	4613	379248156	1	4613
229037466	1	4613	44668790	1	4613
229037466	1	4613	444973587	1	4613
229037466	1	4613	374540932	1	4613
229037466	1	4613	117183858	1	4613
229037466	1	4613	433646344	1	4613
229037466	1	4613	248210056	1	4613
229037466	1	4613	306602194	1	4613
229037466	1	4613	15761451	1	4613
229037466	1	4613	393666647	1	4613
229037466	1	4613	87102153	1	4613
229037466	1	4613	233814598	1	4613
229037466	1	4613	241839462	1	4613
229037466	1	4613	320689605	1	4613
229037466	1	4613	125652170	1	4613
229037466	1	4613	391025933	1	4613
229037466	1	4613	335270347	1	4613
229037466	1	4613	416997722	1	4613
229037466	1	4613	291906368	1	4613
229037466	1	4613	306304075	1	4613
229037466	1	4613	373461523	1	4613
229037466	1	4613	139251122	1	4613
229037466	1	4613	262645945	1	4613
229037466	1	4613	408305593	1	4613
229037466	1	4613	460541870	1	4613
229037466	1	4613	117425049	1	4613
229037466	1	4613	451744163	1	4613
229037466	1	4613	11502400	1	4613
229037466	1	4613	364302743	1	4613
229037466	1	4613	59341618	1	4613
229037466	1	4613	376507439	1	4613
229037466	1	4613	889525	1	4613
229037466	1	4613	73495888	1	4613
229037466	1	4613	117294782	1	4613
229037466	1	4613	15330452	1	4613
229037466	1	4613	290345821	1	4613
229037466	1	4613	449450474	1	4613
229037466	1	4613	321137204	1	4613
229037466	1	4613	248420797	1	4613
229037466	1	4613	1280268	1	4613
229037466	1	4613	117634980	1	4613
229037466	1	4613	271734450	1	4613
229037466	1	4613	113532100	1	4613
229037466	1	4613	181650760	1	4613
229037466	1	4613	246524433	1	4613
229037466	1	4613	30344071	1	4613
229037466	1	4613	88067539	1	4613
229037466	1	4613	146293253	1	4613
229037466	1	4613	159731803	1	4613
229037466	1	4613	218133496	1	4613
229037466	1	4613	261325544	1	4613
229037466	1	4613	300112792	1	4613
229037466	1	4613	358163838	1	4613
229037466	1	4613	422729100	1	4613
229037466	1	4613	44791221	1	4613
229037466	1	4613	160834969	1	4613
229037466	1	4613	196149525	1	4613
229037466	1	4613	230270966	1	4613
229037466	1	4613	292082016	1	4613
229037466	1	4613	72255056	1	4613
229037466	1	4613	204787125	1	4613
229037466	1	4613	204885215	1	4613
229037466	1	4613	371162389	1	4613
229037466	1	4613	15344252	1	4613
229037466	1	4613	83471801	1	4613
229037466	1	4613	161224479	1	4613
229037466	1	4613	262599353	1	4613
229037466	1	4613	342371948	1	4613
229037466	1	4613	361857303	1	4613
229037466	1	4613	204708020	1	4613
229037466	1	4613	262740721	1	4613
229037466	1	4613	408446268	1	4613
229037466	1	4613	23706581	1	4613
229037466	1	4613	57638184	1	4613
229037466	1	4613	82930625	1	4613
229037466	1	4613	231061757	1	4613
229037466	1	4613	277585096	1	4613
229037466	1	4613	303474510	1	4613
229037466	1	4613	144170180	1	4613
229037466	1	4613	233636520	1	4613
229037466	1	4613	257637658	1	4613
229037466	1	4613	450080619	1	4613
229037466	1	4613	161094729	1	4613
229037466	1	4613	152528641	1	4613
229037466	1	4613	391236325	1	4613
229037466	1	4613	98455136	1	4613
229037466	1	4613	117341636	1	4613
229037466	1	4613	210864789	1	4613
229037466	1	4613	248254641	1	4613
229037466	1	4613	451589322	1	4613
229037466	1	4613	29868010	1	4613
229037466	1	4613	190132628	1	4613
229037466	1	4613	291798437	1	4613
229037466	1	4613	313533341	1	4613
229037466	1	4613	401953423	1	4613
229037466	1	4613	37851167	1	4613
229037466	1	4613	88021663	1	4613
229037466	1	4613	88158534	1	4613
229037466	1	4613	146178852	1	4613
229037466	1	4613	161225331	1	4613
229037466	1	4613	215705747	1	4613
229037466	1	4613	233728498	1	4613
229037466	1	4613	248292808	1	4613
229037466	1	4613	321140155	1	4613
229037466	1	4613	378935420	1	4613
229037466	1	4613	393879070	1	4613
229037466	1	4613	422809437	1	4613
229037466	1	4613	42205299	1	4613
229037466	1	4613	218931622	1	4613
229037466	1	4613	291961537	1	4613
229037466	1	4613	349772775	1	4613
229037466	1	4613	56189103	1	4613
229037466	1	4613	219367101	1	4613
229037466	1	4613	262559986	1	4613
229037466	1	4613	262593421	1	4613
229037466	1	4613	378931515	1	4613
229037466	1	4613	458006090	1	4613
229037466	1	4613	30161134	1	4613
229037466	1	4613	42548361	1	4613
229037466	1	4613	44451333	1	4613
229037466	1	4613	69492692	1	4613
229037466	1	4613	88292734	1	4613
229037466	1	4613	88404078	1	4613
229037466	1	4613	216669588	1	4613
229037466	1	4613	219001402	1	4613
229037466	1	4613	418299942	1	4613
229037466	1	4613	29992557	1	4613
229037466	1	4613	132102816	1	4613
229037466	1	4613	233826553	1	4613
229037466	1	4613	277310124	1	4613
229037466	1	4613	335237715	1	4613
229037466	1	4613	393735148	1	4613
229037466	1	4613	393784174	1	4613
229037466	1	4613	437079126	1	4613
229037466	1	4613	401339465	1	4613
229037466	1	4613	88088680	1	4613
229037466	1	4613	146354972	1	4613
229037466	1	4613	161155685	1	4613
229037466	1	4613	242323269	1	4613
229037466	1	4613	244157564	1	4613
229037466	1	4613	306278891	1	4613
229037466	1	4613	375506611	1	4613
229037466	1	4613	408268734	1	4613
229037466	1	4613	38179210	1	4613
229037466	1	4613	146375630	1	4613
229037466	1	4613	448658249	1	4613
229037466	1	4613	443733805	1	4613
229037466	1	4613	277370300	1	4613
229037466	1	4613	432178416	1	4613
229037466	1	4613	39325057	1	4613
229037466	1	4613	103003324	1	4613
229037466	1	4613	261605985	1	4613
229037466	1	4613	376090577	1	4613
229037466	1	4613	262998573	1	4613
229037466	1	4613	160917907	1	4613
229037466	1	4613	349775101	1	4613
229037466	1	4613	100622971	1	4613
229037466	1	4613	277488337	1	4613
229037466	1	4613	258935045	1	4613
229037466	1	4613	88320874	1	4613
229037466	1	4613	132088430	1	4613
229037466	1	4613	370869257	1	4613
229037466	1	4613	393570561	1	4613
229037466	1	4613	196935657	1	4613
229037466	1	4613	204378124	1	4613
229037466	1	4613	233867499	1	4613
229037466	1	4613	117131104	1	4613
229037466	1	4613	331823398	1	4613
229037466	1	4613	160765034	1	4613
229037466	1	4613	364770708	1	4613
229037466	1	4613	113959413	1	4613
229037466	1	4613	204634596	1	4613
229037466	1	4613	114801969	1	4613
229037466	1	4613	215714275	1	4613
229037466	1	4613	88084506	1	4613
229037466	1	4613	183526771	1	4613
229037466	1	4613	306279919	1	4613
229037466	1	4613	329304311	1	4613
229037466	1	4613	335553818	1	4613
229037466	1	4613	356875581	1	4613
229037466	1	4613	146293883	1	4613
229037466	1	4613	161020827	1	4613
229037466	1	4613	291645081	1	4613
229037466	1	4613	375836989	1	4613
229037466	1	4613	400437147	1	4613
229037466	1	4613	15589097	1	4613
229037466	1	4613	102771047	1	4613
229037466	1	4613	114678786	1	4613
229037466	1	4613	219106780	1	4613
229037466	1	4613	262828606	1	4613
229037466	1	4613	277106969	1	4613
229037466	1	4613	350075117	1	4613
229037466	1	4613	422687781	1	4613
229037466	1	4613	73663876	1	4613
229037466	1	4613	219426559	1	4613
229037466	1	4613	306191638	1	4613
229037466	1	4613	326972184	1	4613
229037466	1	4613	333060159	1	4613
229037466	1	4613	407948931	1	4613
229037466	1	4613	437066186	1	4613
229037466	1	4613	59466894	1	4613
229037466	1	4613	103066280	1	4613
229037466	1	4613	103094142	1	4613
229037466	1	4613	109312568	1	4613
229037466	1	4613	146185613	1	4613
229037466	1	4613	262674621	1	4613
229037466	1	4613	330893593	1	4613
229037466	1	4613	357154579	1	4613
229037466	1	4613	417867520	1	4613
229037466	1	4613	422683182	1	4613
229037466	1	4613	452091901	1	4613
229037466	1	4613	15492286	1	4613
229037466	1	4613	15778031	1	4613
229037466	1	4613	25249534	1	4613
229037466	1	4613	43634545	1	4613
229037466	1	4613	44856226	1	4613
229037466	1	4613	59000532	1	4613
229037466	1	4613	160753163	1	4613
229037466	1	4613	167703790	1	4613
229037466	1	4613	204381934	1	4613
229037466	1	4613	211107167	1	4613
229037466	1	4613	332072767	1	4613
229037466	1	4613	349877281	1	4613
229037466	1	4613	357128231	1	4613
229037466	1	4613	419977346	1	4613
229037466	1	4613	15524098	1	4613
229037466	1	4613	51807974	1	4613
229037466	1	4613	80442158	1	4613
229037466	1	4613	131688063	1	4613
229037466	1	4613	131966520	1	4613
229037466	1	4613	155630327	1	4613
229037466	1	4613	189984369	1	4613
229037466	1	4613	233651810	1	4613
229037466	1	4613	262932780	1	4613
229037466	1	4613	292046075	1	4613
229037466	1	4613	306254455	1	4613
229037466	1	4613	330976343	1	4613
229037466	1	4613	335461551	1	4613
229037466	1	4613	362859062	1	4613
229037466	1	4613	386124729	1	4613
229037466	1	4613	408450030	1	4613
229037466	1	4613	451574037	1	4613
229037466	1	4613	1198089	1	4613
229037466	1	4613	29894716	1	4613
229037466	1	4613	50690013	1	4613
229037466	1	4613	73689949	1	4613
229037466	1	4613	98812902	1	4613
229037466	1	4613	108608385	1	4613
229037466	1	4613	131729127	1	4613
229037466	1	4613	215550810	1	4613
229037466	1	4613	219294950	1	4613
229037466	1	4613	248189565	1	4613
229037466	1	4613	333023319	1	4613
229037466	1	4613	345571077	1	4613
229037466	1	4613	363128576	1	4613
229037466	1	4613	385733054	1	4613
229037466	1	4613	415212261	1	4613
229037466	1	4613	450600955	1	4613
229037466	1	4613	37196641	1	4613
229037466	1	4613	108805994	1	4613
229037466	1	4613	141682463	1	4613
229037466	1	4613	189812531	1	4613
229037466	1	4613	190111969	1	4613
229037466	1	4613	435157640	1	4613
229037466	1	4613	437187112	1	4613
229037466	1	4613	446206635	1	4613
229037466	1	4613	240949873	1	4613
229037466	1	4613	332985415	1	4613
229037466	1	4613	451733501	1	4613
229037466	1	4613	29066275	1	4613
229037466	1	4613	146306434	1	4613
229037466	1	4613	161129066	1	4613
229037466	1	4613	303749202	1	4613
229037466	1	4613	446093774	1	4613
229037466	1	4613	55316542	1	4613
229037466	1	4613	204458160	1	4613
229037466	1	4613	131958856	1	4613
229037466	1	4613	347684635	1	4613
229037466	1	4613	52032322	1	4613
229037466	1	4613	73700206	1	4613
229037466	1	4613	392195823	1	4613
229037466	1	4613	393422514	1	4613
229037466	1	4613	451733460	1	4613
229037466	1	4613	306581786	1	4613
229037466	1	4613	449530342	1	4613
229037466	1	4613	437291107	1	4613
229037466	1	4613	459065026	1	4613
229037466	1	4613	218972044	1	4613
229037466	1	4613	277233723	1	4613
229037466	1	4613	161000956	1	4613
229037466	1	4613	176564836	1	4613
229037466	1	4613	364659500	1	4613
229037466	1	4613	345005152	1	4613
229037466	1	4613	55734324	1	4613
229037466	1	4613	15617444	1	4613
229037466	1	4613	190080043	1	4613
229037466	1	4613	320989858	1	4613
229037466	1	4613	73805311	1	4613
229037466	1	4613	262598962	1	4613
229037466	1	4613	332683617	1	4613
229037466	1	4613	248080997	1	4613
229037466	1	4613	233765379	1	4613
229037466	1	4613	248507303	1	4613
229037466	1	4613	146644644	1	4613
229037466	1	4613	393883605	1	4613
229037466	1	4613	67792890	1	4613
229037466	1	4613	306633463	1	4613
229037466	1	4613	30305715	1	4613
229037466	1	4613	356941440	1	4613
229037466	1	4613	306303663	1	4613
229037466	1	4613	422508290	1	4613
229037466	1	4613	451719226	1	4613
229037466	1	4613	763239	1	4613
229037466	1	4613	58985348	1	4613
229037466	1	4613	80392853	1	4613
229037466	1	4613	175267373	1	4613
229037466	1	4613	378950760	1	4613
229037466	1	4613	175643938	1	4613
229037466	1	4613	181948588	1	4613
229037466	1	4613	399961476	1	4613
229037466	1	4613	117564131	1	4613
229037466	1	4613	159601998	1	4613
229037466	1	4613	189921565	1	4613
229037466	1	4613	190186698	1	4613
229037466	1	4613	219143703	1	4613
229037466	1	4613	230905758	1	4613
229037466	1	4613	306435362	1	4613
229037466	1	4613	378982612	1	4613
229037466	1	4613	15343678	1	4613
229037466	1	4613	102854884	1	4613
229037466	1	4613	130632975	1	4613
229037466	1	4613	262999052	1	4613
229037466	1	4613	348411039	1	4613
229037466	1	4613	403345463	1	4613
229037466	1	4613	126030332	1	4613
229037466	1	4613	320722461	1	4613
229037466	1	4613	364559933	1	4613
229037466	1	4613	73693811	1	4613
229037466	1	4613	262562213	1	4613
229037466	1	4613	379067477	1	4613
229037466	1	4613	175271119	1	4613
229037466	1	4613	245259992	1	4613
229037466	1	4613	465161114	1	4613
229037466	1	4613	15406955	1	4613
229037466	1	4613	402398141	1	4613
229037466	1	4613	117588123	1	4613
229037466	1	4613	114996865	1	4613
229037466	1	4613	181919581	1	4613
229037466	1	4613	349924432	1	4613
229037466	1	4613	29847023	1	4613
229037466	1	4613	117259245	1	4613
229037466	1	4613	74011082	1	4613
229037466	1	4613	171270290	1	4613
229037466	1	4613	320699094	1	4613
229037466	1	4613	429316051	1	4613
229037466	1	4613	22543603	1	4613
229037466	1	4613	199972020	1	4613
229037466	1	4613	189817365	1	4613
229037466	1	4613	306629210	1	4613
229037466	1	4613	190290082	1	4613
229037466	1	4613	88202415	1	4613
229037466	1	4613	273532160	1	4613
229037466	1	4613	344943040	1	4613
229037466	1	4613	460108487	1	4613
229037466	1	4613	292103440	1	4613
229037466	1	4613	350090051	1	4613
229037466	1	4613	301770125	1	4613
229037466	1	4613	59320800	1	4613
229037466	1	4613	160734522	1	4613
229037466	1	4613	189810153	1	4613
229037466	1	4613	15619357	1	4613
229037466	1	4613	126553112	1	4613
229037466	1	4613	131789577	1	4613
229037466	1	4613	422478195	1	4613
229037466	1	4613	461864476	1	4613
229037466	1	4613	72094912	1	4613
229037466	1	4613	102811203	1	4613
229037466	1	4613	175742224	1	4613
229037466	1	4613	59005590	1	4613
229037466	1	4613	262834044	1	4613
229037466	1	4613	299267062	1	4613
229037466	1	4613	15676502	1	4613
229037466	1	4613	420445863	1	4613
229037466	1	4613	42653199	1	4613
229037466	1	4613	330205205	1	4613
229037466	1	4613	217270708	1	4613
229037466	1	4613	214080932	1	4613
229037466	1	4613	20452487	1	4613
229037466	1	4613	248489515	1	4613
229037466	1	4613	378883507	1	4613
229037466	1	4613	291620169	1	4613
229037466	1	4613	131685889	1	4613
229037466	1	4613	262883221	1	4613
229037466	1	4613	358009340	1	4613
229037466	1	4613	175408000	1	4613
229037466	1	4613	129810177	1	4613
229037466	1	4613	132160435	1	4613
229037466	1	4613	117116827	1	4613
229037466	1	4613	117315465	1	4613
229037466	1	4613	227440231	1	4613
229037466	1	4613	29947586	1	4613
229037466	1	4613	102560577	1	4613
229037466	1	4613	156586095	1	4613
229037466	1	4613	154316283	1	4613
229037466	1	4613	233802277	1	4613
229037466	1	4613	392457640	1	4613
229037466	1	4613	248219422	1	4613
229037466	1	4613	262699022	1	4613
229037466	1	4613	262753726	1	4613
229037466	1	4613	218908593	1	4613
229037466	1	4613	95130274	1	4613
229037466	1	4613	393501921	1	4613
229037466	1	4613	422560451	1	4613
229037466	1	4613	131876731	1	4613
229037466	1	4613	197303266	1	4613
229037466	1	4613	168475814	1	4613
229037466	1	4613	14134338	1	4613
229037466	1	4613	262754220	1	4613
229037466	1	4613	331692301	1	4613
229037466	1	4613	128633182	1	4613
229037466	1	4613	321063721	1	4613
229037466	1	4613	68322751	1	4613
229037466	1	4613	131886750	1	4613
229037466	1	4613	15341653	1	4613
229037466	1	4613	130417720	1	4613
229037466	1	4613	350089584	1	4613
229037466	1	4613	379206685	1	4613
229037466	1	4613	59001256	1	4613
229037466	1	4613	364764896	1	4613
229037466	1	4613	379005495	1	4613
229037466	1	4613	422783503	1	4622
229037466	1	4613	291985943	1	4625
229037466	1	4613	437425303	1	4637
229037466	1	4613	102917478	1	5118
229037466	1	4613	437197282	1	5118
229037466	1	4613	58955438	1	5118
229037466	1	4613	393582845	1	5118
229037466	1	4613	146564841	1	5118
229037466	1	4613	277275813	1	5118
229037466	1	4613	320901049	1	5118
229037466	1	4613	117299449	1	5118
229037466	1	4613	262574424	1	5118
229037466	1	4613	80244627	1	5118
229037466	1	4613	73976131	1	5118
229037466	1	4613	103022153	1	5118
229037466	1	4613	117558067	1	5118
229037466	1	4613	393842699	1	5118
229037466	1	4613	248384673	1	5118
229037466	1	4613	277334017	1	5118
229037466	1	4613	175591063	1	5118
229037466	1	4613	88415882	1	5118
229037466	1	4613	451741670	1	5118
229037466	1	4613	131836413	1	5118
229037466	1	4613	262878963	1	5118
229037466	1	4613	306297257	1	5118
229037466	1	4613	320907121	1	5118
229037466	1	4613	379306010	1	5118
229037466	1	4613	422635829	1	5118
229037466	1	4613	59287340	1	5118
229037466	1	4613	233860021	1	5118
229037466	1	4613	422587704	1	5118
229037466	1	4613	214045875	1	5118
229037466	1	4613	379276812	1	5118
229037466	1	4613	175485869	1	5118
229037466	1	4613	422668623	1	5118
229037466	1	4613	306412305	1	5118
229037466	1	4613	15779094	1	5118
229037466	1	4613	408181349	1	5118
229037466	1	4613	140952395	1	5118
229037466	1	4613	19181737	1	5118
229037466	1	4613	23676522	1	5118
229037466	1	4613	73609383	1	5118
229037466	1	4613	326953876	1	5118
229037466	1	4613	795716	1	5118
229037466	1	4613	189965612	1	5118
229037466	1	4613	277215893	1	5118
229037466	1	4613	117288008	1	5118
229037466	1	4613	112580579	1	5124
229037466	1	4613	277100247	1	5124
229037466	1	4613	422569250	1	5124
229037466	1	4613	189965854	1	5127
229037466	1	4613	262697472	1	5127
229037466	1	4613	349897795	1	5136
229037466	1	4613	138728006	1	5139
229037466	1	4613	204794755	1	5139
229037466	1	4613	364547791	1	5139
229037466	1	4613	422918503	1	5139
229037466	1	4613	175585441	1	5139
229037466	1	4613	29891430	1	5348
229037466	1	4613	277430611	1	5348
229037466	1	4613	463301777	1	5348
229037466	1	4613	379155851	1	5348
229037466	1	4613	1013810	1	5348
229037466	1	4613	349831924	1	5348
229037466	1	4613	288802095	1	5348
277405353	1	13665	262797611	1	13617
277405353	1	13665	204632947	1	13638
277405353	1	13665	102792572	1	13644
277405353	1	13665	451796479	1	13653
277405353	1	13665	88223863	1	13656
277405353	1	13665	44595176	1	13656
277405353	1	13665	437274119	1	13659
277405353	1	13665	422785177	1	13659
277405353	1	13665	59173782	1	13659
277405353	1	13665	219172263	1	13659
277405353	1	13665	190088559	1	13659
277405353	1	13665	190293220	1	13659
277405353	1	13665	59216508	1	13659
277405353	1	13665	88268598	1	13659
277405353	1	13665	175549699	1	13659
277405353	1	13665	451838263	1	13659
277405353	1	13665	175472613	1	13659
277405353	1	13665	204381863	1	13659
277405353	1	13665	291838068	1	13659
277405353	1	13665	422800696	1	13662
277405353	1	13665	277405353	1	13665
277405353	1	13665	204698186	1	13665
277405353	1	13665	233781839	1	13665
277405353	1	13665	102905955	1	13665
277405353	1	13665	175612798	1	13665
277405353	1	13665	175613198	1	13665
277405353	1	13665	277403911	1	13665
277405353	1	13665	350111406	1	13665
277405353	1	13665	233781675	1	13665
277405353	1	13665	15656994	1	13665
277405353	1	13665	219237359	1	13665
277405353	1	13665	204698037	1	13665
277405353	1	13665	161071517	1	13665
277405353	1	13665	59280823	1	13665
277405353	1	13665	1114128	1	13665
277405353	1	13665	451767975	1	13668
277405353	1	13665	393717266	1	13668
277405353	1	13665	258341095	1	13668
211213347	1	17184	211213347	1	17184
211213347	1	17184	244149895	1	17211
211213347	1	17184	451689558	1	17214
272315848	1	20015	335669239	1	20000
272315848	1	20015	451575052	1	20000
272315848	1	20015	276551495	1	20006
272315848	1	20015	349708029	1	20006
272315848	1	20015	407551167	1	20006
272315848	1	20015	422501	1	20006
272315848	1	20015	204303779	1	20009
272315848	1	20015	407585147	1	20009
272315848	1	20015	174870254	1	20009
272315848	1	20015	641686	1	20009
272315848	1	20015	305824669	1	20009
272315848	1	20015	131170453	1	20009
272315848	1	20015	305658652	1	20009
272315848	1	20015	8371349	1	20009
272315848	1	20015	320497047	1	20009
272315848	1	20015	160604432	1	20009
272315848	1	20015	306048265	1	20009
272315848	1	20015	392906310	1	20009
272315848	1	20015	58576389	1	20009
272315848	1	20015	72921382	1	20009
272315848	1	20015	204154750	1	20009
272315848	1	20015	145659351	1	20009
272315848	1	20015	334839321	1	20009
272315848	1	20015	203866226	1	20009
272315848	1	20015	87993039	1	20009
272315848	1	20015	202802534	1	20009
272315848	1	20015	320489279	1	20009
272315848	1	20015	391067788	1	20009
272315848	1	20015	218331057	1	20009
272315848	1	20015	131419263	1	20009
272315848	1	20015	451194386	1	20009
272315848	1	20015	305930434	1	20009
272315848	1	20015	276628456	1	20012
272315848	1	20015	272315848	1	20015
272315848	1	20015	898178	1	20015
272315848	1	20015	218849513	1	20015
272315848	1	20015	203847269	1	20015
272315848	1	20015	131166715	1	20015
272315848	1	20015	436051336	1	20015
272315848	1	20015	451219933	1	20015
272315848	1	20015	145874576	1	20018
272315848	1	20015	334694323	1	20018
272315848	1	20015	87681829	1	20018
272315848	1	20015	436769733	1	20018
272315848	1	20015	87567863	1	20021
272315848	1	20015	363851692	1	20021
272315848	1	20015	72952662	1	20021
272315848	1	20015	451492189	1	20021
272315848	1	20015	349722817	1	20024
272315848	1	20015	413453925	1	20024
272315848	1	20015	291298428	1	20024
272315848	1	20015	407670644	1	20024
272315848	1	20015	276762274	1	20024
272315848	1	20015	175106305	1	20024
272315848	1	20015	172016241	1	20027
272315848	1	20015	233408329	1	20027
272315848	1	20015	393002773	1	20027
272315848	1	20015	305626437	1	20027
272315848	1	20015	613230	1	20027
272315848	1	20015	68313418	1	20027
272315848	1	20015	102211118	1	20027
272315848	1	20015	275892364	1	20027
272315848	1	20015	214534035	1	20027
272315848	1	20015	301576561	1	20027
272315848	1	20015	378867349	1	20027
272315848	1	20015	349783853	1	20027
272315848	1	20015	291601699	1	20027
272315848	1	20015	378463992	1	20027
272315848	1	20015	212759598	1	20027
272315848	1	20015	116787540	1	20027
272315848	1	20015	436470505	1	20027
272315848	1	20015	174931654	1	20027
272315848	1	20015	393055783	1	20027
272315848	1	20015	29514432	1	20027
272315848	1	20015	378578772	1	20027
272315848	1	20015	393380609	1	20027
272315848	1	20015	29869147	1	20027
272315848	1	20015	222085	1	20027
272315848	1	20015	218635673	1	20027
272315848	1	20015	189378954	1	20027
272315848	1	20015	349274811	1	20033
272315848	1	20015	422146169	1	20033
272315848	1	20015	87638501	1	20033
272315848	1	20015	117085459	1	20033
272315848	1	20015	204336144	1	20036
272315848	1	20015	407480346	1	20036
272315848	1	20015	254900121	1	20036
272315848	1	20015	131455620	1	20036
272315848	1	20015	320495325	1	20036
272315848	1	20015	407412540	1	20036
272315848	1	20015	335111034	1	20036
272315848	1	20015	102357855	1	20039
272315848	1	20015	436854187	1	20039
272315848	1	20015	84530030	1	20039
272315848	1	20015	102344825	1	20039
272315848	1	20015	407510295	1	20039
272315848	1	20015	15199217	1	20042
272315848	1	20015	175180420	1	20042
272315848	1	20015	247683266	1	20042
272315848	1	20015	80776226	1	20042
272315848	1	20015	214396872	1	20042
272315848	1	20015	451164267	1	20042
272315848	1	20015	451445978	1	20042
272315848	1	20015	72478311	1	20045
272315848	1	20015	436965698	1	20045
272315848	1	20015	276706215	1	20045
272315848	1	20015	189477065	1	20045
272315848	1	20015	131245773	1	20045
272315848	1	20015	12935278	1	20045
272315848	1	20015	65271731	1	20045
272315848	1	20015	256598776	1	20045
272315848	1	20015	297784725	1	20045
272315848	1	20015	160693978	1	20045
272315848	1	20015	29702306	1	20045
272315848	1	20015	247684532	1	20045
272315848	1	20015	276844479	1	20045
272315848	1	20015	131082726	1	20045
272315848	1	20015	189270224	1	20045
272315848	1	20015	37101944	1	20045
272315848	1	20015	436912441	1	20045
272315848	1	20015	436499283	1	20045
272315848	1	20015	335261034	1	20045
272315848	1	20015	349802150	1	20045
272315848	1	20015	349804506	1	20045
272315848	1	20015	320118937	1	20045
272315848	1	20015	146115889	1	20045
272315848	1	20015	218760896	1	20045
272315848	1	20015	416060452	1	20045
272315848	1	20015	283356773	1	20045
272315848	1	20015	145660679	1	20048
272315848	1	20015	171449091	1	20048
272315848	1	20015	40688919	1	20048
272315848	1	20015	305871205	1	20048
272315848	1	20015	189255517	1	20048
272315848	1	20015	403616787	1	20048
272315848	1	20015	362382482	1	20048
272315848	1	20015	145972856	1	20048
272315848	1	20015	73145220	1	20051
272315848	1	20015	117080000	1	20051
272315848	1	20015	436558224	1	20051
272315848	1	20015	247660140	1	20051
272315848	1	20015	14823135	1	20051
272315848	1	20015	15048474	1	20051
272315848	1	20015	276733588	1	20051
272315848	1	20015	204131413	1	20051
272315848	1	20015	14755166	1	20051
272315848	1	20015	254425127	1	20051
272315848	1	20015	277032810	1	20051
272315848	1	20015	407664876	1	20054
272315848	1	20015	102261815	1	20054
272315848	1	20015	58377414	1	20057
272315848	1	20015	233033128	1	20057
272315848	1	20015	29365296	1	20057
272315848	1	20015	430443642	1	20060
272315848	1	20015	262085520	1	20060
272315848	1	20015	320189614	1	20060
272315848	1	20015	257781383	1	20060
272315848	1	20015	73769521	1	20256
272315848	1	20015	391650812	1	20256
272315848	1	20015	437543565	1	20436
272315848	1	20015	314888522	1	20436
272315848	1	20015	375075577	1	20436
272315848	1	20015	347201996	1	20436
272315848	1	20015	102210094	1	20436
272315848	1	20015	160576702	1	20436
272315848	1	20015	15276591	1	20436
272315848	1	20015	233120043	1	20436
272315848	1	20015	262162537	1	20436
272315848	1	20015	186436060	1	20436
272315848	1	20015	233056801	1	20436
272315848	1	20015	363969132	1	20436
272315848	1	20015	379376633	1	20436
272315848	1	20015	58383190	1	20436
272315848	1	20015	72924744	1	20436
272315848	1	20015	59463630	1	20436
272315848	1	20015	218383584	1	20436
272315848	1	20015	276824222	1	20436
272315848	1	20015	378711609	1	20436
272315848	1	20015	448970789	1	20436
272315848	1	20015	407816908	1	20436
272315848	1	20015	364049670	1	20436
272315848	1	20015	116850763	1	20436
272315848	1	20015	247634880	1	20436
272315848	1	20015	189471315	1	20436
272315848	1	20015	320467839	1	20436
272315848	1	20015	87681747	1	20436
272315848	1	20015	29513841	1	20436
272315848	1	20015	189471204	1	20436
272315848	1	20015	407597886	1	20436
272315848	1	20015	364428234	1	20436
272315848	1	20015	145632651	1	20436
272315848	1	20015	320347647	1	20436
272315848	1	20015	334889214	1	20436
272315848	1	20015	14974140	1	20436
272315848	1	20015	276587044	1	20436
272315848	1	20015	262321367	1	20436
272315848	1	20015	335402870	1	20439
272315848	1	20015	451055598	1	20439
272315848	1	20015	29831312	1	20439
272315848	1	20015	43839540	1	20439
272315848	1	20015	44364242	1	20439
272315848	1	20015	305377762	1	20439
272315848	1	20015	413980737	1	20439
272315848	1	20015	82145238	1	20439
272315848	1	20015	131409241	1	20439
272315848	1	20015	373122262	1	20439
272315848	1	20015	407765860	1	20439
272315848	1	20015	233012194	1	20439
272315848	1	20015	161170339	1	20439
272315848	1	20015	29868534	1	20439
272315848	1	20015	73920739	1	20439
272315848	1	20015	103004081	1	20439
272315848	1	20015	103004395	1	20439
272315848	1	20015	393835447	1	20439
272315848	1	20015	96411637	1	20439
272315848	1	20015	161170233	1	20439
272315848	1	20015	393835834	1	20439
272315848	1	20015	400960745	1	20439
272315848	1	20015	330936163	1	20439
272315848	1	20015	233878324	1	20439
272315848	1	20015	196048959	1	20439
272315848	1	20015	28901769	1	20439
272315848	1	20015	440521747	1	20439
272315848	1	20015	38017401	1	20439
272315848	1	20015	430921338	1	20439
272315848	1	20015	160857451	1	20439
272315848	1	20015	189307308	1	20439
272315848	1	20015	174724159	1	20439
272315848	1	20015	393835740	1	20439
272315848	1	20015	218463739	1	20439
272315848	1	20015	29551615	1	20439
272315848	1	20015	73167987	1	20439
272315848	1	20015	160213135	1	20439
272315848	1	20015	218821399	1	20439
272315848	1	20015	116954581	1	20439
272315848	1	20015	436894357	1	20439
272315848	1	20015	363906908	1	20439
272315848	1	20015	72932305	1	20439
272315848	1	20015	363810379	1	20439
272315848	1	20015	44268543	1	20439
272315848	1	20015	145712688	1	20439
272315848	1	20015	393439517	1	20439
272315848	1	20015	160592285	1	20439
272315848	1	20015	43839754	1	20439
272315848	1	20015	102493970	1	20442
272315848	1	20015	247554478	1	20442
272315848	1	20015	58621586	1	20448
272315848	1	20015	364152826	1	20463
272315848	1	20015	315911244	1	20794
364650788	-1	4601	364650788	-1	4601
364650788	-1	4601	73999805	-1	4610
306600350	-1	4621	306600350	-1	4621
306600350	-1	4621	59199745	-1	4639
364650788	-1	4601	146284702	-1	4646
364650788	-1	4601	233365360	-1	4751
364650788	-1	4601	320614262	-1	4751
364650788	-1	4601	409177524	-1	4781
364650788	-1	4601	45640689	-1	5121
364650788	-1	4601	451796370	-1	5124
364650788	-1	4601	146551644	-1	5124
364650788	-1	4601	146619946	-1	5124
156059460	-1	23323	156059460	-1	23323
156059460	-1	23323	302703215	-1	23323
156059460	-1	23323	245905662	-1	23323
156059460	-1	23323	39616391	-1	23323
156059460	-1	23323	433380188	-1	23323
156059460	-1	23323	400271771	-1	23323
156059460	-1	23323	462590814	-1	23323
156059460	-1	23323	393500591	-1	23323
156059460	-1	23323	29961300	-1	23323
156059460	-1	23323	228706511	-1	23323
156059460	-1	23323	451686449	-1	23323
156059460	-1	23323	71518777	-1	23323
156059460	-1	23323	350301009	-1	23323
156059460	-1	23323	306675735	-1	23323
156059460	-1	23323	28428954	-1	23323
156059460	-1	23323	126689208	-1	23323
156059460	-1	23323	95397026	-1	23323
156059460	-1	23323	346433239	-1	23323
156059460	-1	23323	58058895	-1	23323
156059460	-1	23323	161132261	-1	23323
156059460	-1	23323	132049609	-1	23323
156059460	-1	23323	408150553	-1	23323
156059460	-1	23323	140152991	-1	23323
156059460	-1	23323	287597883	-1	23323
156059460	-1	23323	422729445	-1	23323
156059460	-1	23323	59389132	-1	23323
156059460	-1	23323	172369426	-1	23323
156059460	-1	23323	418773446	-1	23323
156059460	-1	23323	189843036	-1	23323
156059460	-1	23323	129766718	-1	23323
156059460	-1	23323	219129272	-1	23323
156059460	-1	23323	51958402	-1	23323
156059460	-1	23323	393924938	-1	23323
156059460	-1	23323	437366746	-1	23323
156059460	-1	23323	116153656	-1	23323
156059460	-1	23323	109146403	-1	23323
156059460	-1	23323	321081235	-1	23323
156059460	-1	23323	374869337	-1	23323
156059460	-1	23323	318812698	-1	23323
156059460	-1	23323	270323623	-1	23323
156059460	-1	23323	132141703	-1	23323
156059460	-1	23323	88099726	-1	23323
156059460	-1	23323	190245651	-1	23323
156059460	-1	23323	131897651	-1	23323
156059460	-1	23323	960085	-1	23323
156059460	-1	23323	358675112	-1	23323
156059460	-1	23323	335556061	-1	23323
156059460	-1	23323	389935491	-1	23323
156059460	-1	23323	393665855	-1	23323
156059460	-1	23323	292051914	-1	23323
156059460	-1	23323	421259972	-1	23323
156059460	-1	23323	452071270	-1	23323
156059460	-1	23323	146683824	-1	23323
156059460	-1	23323	117561073	-1	23323
156059460	-1	23323	103093670	-1	23323
156059460	-1	23323	131692180	-1	23323
156059460	-1	23323	123504740	-1	23323
156059460	-1	23323	82986287	-1	23323
156059460	-1	23323	59451959	-1	23323
156059460	-1	23323	168762260	-1	23323
156059460	-1	23323	408144031	-1	23323
156059460	-1	23323	332394860	-1	23323
156059460	-1	23323	320686741	-1	23323
156059460	-1	23323	285801203	-1	23323
156059460	-1	23323	306634415	-1	23323
156059460	-1	23323	263008734	-1	23323
156059460	-1	23323	277349598	-1	23323
156059460	-1	23323	291722202	-1	23323
156059460	-1	23323	262751541	-1	23323
156059460	-1	23323	102715077	-1	23323
156059460	-1	23323	175727329	-1	23323
156059460	-1	23323	161185561	-1	23323
156059460	-1	23323	190023048	-1	23323
156059460	-1	23323	190023421	-1	23323
156059460	-1	23323	291854810	-1	23323
156059460	-1	23323	416704676	-1	23323
156059460	-1	23323	451770899	-1	23323
156059460	-1	23323	15565150	-1	23323
156059460	-1	23323	232564084	-1	23323
156059460	-1	23323	175316019	-1	23323
156059460	-1	23323	320794148	-1	23323
156059460	-1	23323	393797348	-1	23323
156059460	-1	23323	422880224	-1	23323
156059460	-1	23323	131879660	-1	23323
156059460	-1	23323	304755841	-1	23323
156059460	-1	23323	184240125	-1	23323
156059460	-1	23323	388008614	-1	23323
156059460	-1	23323	24510959	-1	23323
156059460	-1	23323	216456782	-1	23323
156059460	-1	23323	331866720	-1	23323
156059460	-1	23323	361593518	-1	23323
156059460	-1	23323	443221827	-1	23323
156059460	-1	23323	349987885	-1	23323
156059460	-1	23323	262903012	-1	23323
156059460	-1	23323	51993328	-1	23323
156059460	-1	23323	117486785	-1	23323
156059460	-1	23323	241037496	-1	23323
156059460	-1	23323	203262426	-1	23323
156059460	-1	23323	246015561	-1	23323
156059460	-1	23323	88423960	-1	23323
156059460	-1	23323	271645586	-1	23323
156059460	-1	23323	15564838	-1	23323
156059460	-1	23323	245174505	-1	23323
156059460	-1	23323	167359591	-1	23323
156059460	-1	23323	13643940	-1	23323
156059460	-1	23323	201511111	-1	23323
156059460	-1	23323	341324432	-1	23323
156059460	-1	23323	373764241	-1	23323
156059460	-1	23323	376619304	-1	23323
156059460	-1	23323	189838918	-1	23323
156059460	-1	23323	41525203	-1	23323
156059460	-1	23323	170501173	-1	23323
156059460	-1	23323	335326200	-1	23323
156059460	-1	23323	231849994	-1	23323
156059460	-1	23323	393421219	-1	23323
156059460	-1	23323	82680890	-1	23323
156059460	-1	23323	437422104	-1	23323
156059460	-1	23323	152683791	-1	23323
156059460	-1	23323	298894237	-1	23323
156059460	-1	23323	292099094	-1	23323
156059460	-1	23323	26737578	-1	23323
156059460	-1	23323	262897648	-1	23323
156059460	-1	23323	1148728	-1	23323
156059460	-1	23323	269998255	-1	23323
156059460	-1	23323	152236727	-1	23323
156059460	-1	23323	275277594	-1	23323
156059460	-1	23323	42432510	-1	23323
156059460	-1	23323	124733213	-1	23323
156059460	-1	23323	400782749	-1	23323
156059460	-1	23323	70413756	-1	23323
156059460	-1	23323	316215880	-1	23323
156059460	-1	23323	233479150	-1	23323
156059460	-1	23323	316256226	-1	23323
156059460	-1	23323	28129876	-1	23323
156059460	-1	23323	175701082	-1	23323
156059460	-1	23323	30362584	-1	23323
156059460	-1	23323	189858068	-1	23323
156059460	-1	23323	299263110	-1	23323
156059460	-1	23323	374415352	-1	23323
156059460	-1	23323	101161748	-1	23323
156059460	-1	23323	271269003	-1	23323
156059460	-1	23323	401411631	-1	23323
156059460	-1	23323	88332871	-1	23323
156059460	-1	23323	68834457	-1	23323
156059460	-1	23323	364822048	-1	23323
156059460	-1	23323	242188231	-1	23323
156059460	-1	23323	408280904	-1	23323
156059460	-1	23323	450635373	-1	23323
156059460	-1	23323	242120814	-1	23323
156059460	-1	23323	364495680	-1	23323
156059460	-1	23323	405595535	-1	23323
156059460	-1	23323	393925430	-1	23323
156059460	-1	23323	408121269	-1	23323
156059460	-1	23323	160960419	-1	23323
156059460	-1	23323	379090002	-1	23323
156059460	-1	23323	291840921	-1	23323
156059460	-1	23323	320923889	-1	23323
156059460	-1	23323	54615302	-1	23323
156059460	-1	23323	203062149	-1	23323
156059460	-1	23323	422687961	-1	23323
156059460	-1	23323	291601097	-1	23323
156059460	-1	23323	254436857	-1	23323
156059460	-1	23323	335758749	-1	23323
156059460	-1	23323	316038466	-1	23323
156059460	-1	23323	154081017	-1	23323
156059460	-1	23323	364321038	-1	23323
156059460	-1	23323	302693724	-1	23323
156059460	-1	23323	319442513	-1	23323
156059460	-1	23323	186145441	-1	23323
156059460	-1	23323	117618539	-1	23323
156059460	-1	23323	190242763	-1	23323
156059460	-1	23323	81934859	-1	23323
156059460	-1	23323	117316807	-1	23323
156059460	-1	23323	408149728	-1	23323
156059460	-1	23323	272471374	-1	23323
156059460	-1	23323	212776285	-1	23323
156059460	-1	23323	408279541	-1	23323
156059460	-1	23323	393508419	-1	23323
156059460	-1	23323	248307249	-1	23323
156059460	-1	23323	277173451	-1	23323
156059460	-1	23323	44853548	-1	23335
156059460	-1	23323	386980683	-1	23604
156059460	-1	23323	291844672	-1	23604
156059460	-1	23323	202155538	-1	23631
156059460	-1	23323	300594460	-1	23631
156059460	-1	23323	375021222	-1	23631
156059460	-1	23323	389449261	-1	23631
156059460	-1	23323	341678221	-1	23631
156059460	-1	23323	27384408	-1	23637
156059460	-1	23323	42090989	-1	23652
156059460	-1	23323	145416887	-1	23652
156059460	-1	23323	67056233	-1	23652
156059460	-1	23323	97435286	-1	23652
156059460	-1	23323	204711896	-1	23652
156059460	-1	23323	139541417	-1	23652
156059460	-1	23323	437019490	-1	23652
156059460	-1	23323	347236189	-1	23652
156059460	-1	23323	88404063	-1	23652
156059460	-1	23323	141729143	-1	23652
156059460	-1	23323	408072756	-1	23652
156059460	-1	23323	422890526	-1	23652
156059460	-1	23323	277313649	-1	23652
156059460	-1	23323	128576008	-1	23652
156059460	-1	23323	393605127	-1	23652
156059460	-1	23323	390143739	-1	23652
156059460	-1	23323	56922180	-1	23652
156059460	-1	23323	113948168	-1	23652
156059460	-1	23323	98546851	-1	23652
156059460	-1	23323	241850489	-1	23652
156059460	-1	23323	10049088	-1	23652
156059460	-1	23323	211914603	-1	23652
156059460	-1	23323	126551897	-1	23652
156059460	-1	23323	320931757	-1	23652
156059460	-1	23323	161236886	-1	23652
156059460	-1	23323	175774130	-1	23652
156059460	-1	23323	437187163	-1	23652
156059460	-1	23323	247991333	-1	23652
156059460	-1	23323	335480266	-1	23652
156059460	-1	23323	422509027	-1	23652
156059460	-1	23323	175316523	-1	23652
156059460	-1	23323	450382260	-1	23652
156059460	-1	23323	12398443	-1	23652
156059460	-1	23323	233945352	-1	23652
156059460	-1	23323	98639876	-1	23652
156059460	-1	23323	59368909	-1	23652
156059460	-1	23323	360946966	-1	23652
156059460	-1	23323	69349931	-1	23652
156059460	-1	23323	44754644	-1	23652
156059460	-1	23323	446749754	-1	23652
156059460	-1	23323	188108781	-1	23652
156059460	-1	23323	50536624	-1	23652
156059460	-1	23323	422791446	-1	23652
156059460	-1	23323	117558343	-1	23652
156059460	-1	23323	277124983	-1	23652
156059460	-1	23323	344062109	-1	23652
156059460	-1	23323	256196127	-1	23652
156059460	-1	23323	437204317	-1	23652
156059460	-1	23323	138495834	-1	23652
156059460	-1	23323	451955700	-1	23652
156059460	-1	23323	248444022	-1	23652
156059460	-1	23323	214957097	-1	23652
156059460	-1	23323	146570734	-1	23652
156059460	-1	23323	229114950	-1	23652
156059460	-1	23323	99515832	-1	23652
156059460	-1	23323	433343361	-1	23652
156059460	-1	23323	299532250	-1	23652
156059460	-1	23323	41690052	-1	23652
156059460	-1	23323	44881089	-1	23652
156059460	-1	23323	437360269	-1	23652
156059460	-1	23323	1148837	-1	23652
156059460	-1	23323	30231883	-1	23652
156059460	-1	23323	161106470	-1	23652
156059460	-1	23323	30232343	-1	23652
156059460	-1	23323	146564495	-1	23652
156059460	-1	23323	59315355	-1	23652
156059460	-1	23323	451938012	-1	23652
156059460	-1	23323	190190000	-1	23652
156059460	-1	23323	262897485	-1	23652
156059460	-1	23323	277438817	-1	23652
156059460	-1	23323	393772152	-1	23652
156059460	-1	23323	422854632	-1	23652
156059460	-1	23323	73856792	-1	23652
156059460	-1	23323	451937925	-1	23652
156059460	-1	23323	291980762	-1	23652
156059460	-1	23323	262897142	-1	23652
156059460	-1	23323	1148903	-1	23652
156059460	-1	23323	161106575	-1	23652
156059460	-1	23323	132111892	-1	23652
156059460	-1	23323	85366453	-1	23652
156059460	-1	23323	146400973	-1	23652
156059460	-1	23323	248190385	-1	23652
156059460	-1	23323	259578041	-1	23652
156059460	-1	23323	243262700	-1	23652
156059460	-1	23323	386187052	-1	23652
156059460	-1	23323	364711049	-1	23652
156059460	-1	23323	350206675	-1	23658
156059460	-1	23323	44839125	-1	23658
156059460	-1	23323	241932064	-1	23658
156059460	-1	23323	15498254	-1	23658
156059460	-1	23323	88125735	-1	23658
156059460	-1	23323	364371809	-1	23673
156059460	-1	23323	364643874	-1	23718
156059460	-1	23323	233669305	-1	23769
156059460	-1	23323	70121046	-1	23769
156059460	-1	23323	73839366	-1	23796
156059460	-1	23323	459292157	-1	23838
156059460	-1	23323	117349403	-1	23934
156059460	-1	23323	335240869	-1	24464
156059460	-1	23323	248086174	-1	24467
156059460	-1	23323	422490767	-1	25238
156059460	-1	23323	356447499	-1	25241
156059460	-1	23323	335382158	-1	25241
156059460	-1	23323	320839949	-1	25241
156059460	-1	23323	59052824	-1	25241
156059460	-1	23323	219032567	-1	25250
156059460	-1	23323	417197911	-1	25250
156059460	-1	23323	378990303	-1	25277
156059460	-1	23323	174034546	-1	25502
156059460	-1	23323	131986752	-1	25508
156059460	-1	23323	123992903	-1	25508
156059460	-1	23323	270561981	-1	25508
156059460	-1	23323	57232566	-1	25508
156059460	-1	23323	306282164	-1	25508
156059460	-1	23323	102798784	-1	26027
156059460	-1	23323	190154799	-1	26030
156059460	-1	23323	15451783	-1	26033
156059460	-1	23323	239914965	-1	26033
156059460	-1	23323	378867279	-1	26033
156059460	-1	23323	73621979	-1	26033
156059460	-1	23323	292075549	-1	26033
156059460	-1	23323	291757331	-1	26228
 