29865450	1	196	3.583E-48	3	15656	16297	363	69	0.596	2.796E-11	82	135	303	15656	15826	171	15647	15841
29865450	1	196	3.583E-48	3	15656	16297	369	59	0.731	6.269E-08	137	174	303	15927	16040	114	15927	16106
29865450	1	196	3.583E-48	3	15656	16297	373	66	0.528	6.312E-10	175	237	303	16109	16297	189	16085	16315
44197619	1	217	1.708E-54	4	13854	14898	319	52	0.587	9.584E-06	77	119	470	13854	13982	129	13854	13991
44197619	1	217	1.708E-54	4	13854	14898	325	64	0.866	3.550E-09	119	152	470	14049	14150	102	13995	14234
44197619	1	217	1.708E-54	4	13854	14898	334	53	0.346	1.037E-04	157	244	470	14339	14602	264	14339	14683
44197619	1	217	1.708E-54	4	13854	14898	339	58	0.418	5.116E-07	254	323	470	14674	14898	225	14665	14940
44570309	1	522	2.621E-146	9	13713	16555	316	57	0.906	1.579E-07	103	131	705	13713	13799	87	13653	13811
44570309	1	522	2.621E-146	9	13713	16555	319	67	0.821	5.222E-11	131	168	705	13854	13967	114	13854	13991
44570309	1	522	2.621E-146	9	13713	16555	325	71	0.957	1.165E-11	171	204	705	14049	14150	102	13995	14234
44570309	1	522	2.621E-146	9	13713	16555	327	35	0.553	9.299E+00	194	223	705	14212	14301	90	14182	14319
44570309	1	522	2.621E-146	9	13713	16555	334	82	0.532	5.521E-15	224	302	705	14378	14614	237	14339	14683
44570309	1	522	2.621E-146	9	13713	16555	339	79	0.554	2.570E-14	311	377	705	14683	14898	216	14665	14940
44570309	1	522	2.621E-146	9	13713	16555	356	95	0.718	3.316E-20	450	513	705	15398	15589	192	15374	15613
44570309	1	522	2.621E-146	9	13713	16555	373	88	0.699	8.671E-18	575	634	705	16109	16291	183	16085	16315
44570309	1	522	2.621E-146	9	13713	16555	378	87	0.635	2.544E-17	636	702	705	16355	16555	201	16340	16558
55652852	1	342	4.017E-92	7	13334	15832	314	136	0.640	4.789E-33	44	149	796	13334	13651	318	13283	13744
55652852	1	342	4.017E-92	7	13334	15832	316	49	0.813	9.373E-05	148	175	796	13716	13799	84	13653	13811
55652852	1	342	4.017E-92	7	13334	15832	327	34	0.536	2.445E+01	241	270	796	14212	14301	90	14182	14319
55652852	1	342	4.017E-92	7	13334	15832	334	58	0.365	1.735E-06	271	359	796	14378	14647	270	14339	14683
55652852	1	342	4.017E-92	7	13334	15832	346	79	0.518	2.566E-14	429	505	796	14976	15209	234	14961	15215
55652852	1	342	4.017E-92	7	13334	15832	356	78	0.600	5.271E-14	500	563	796	15398	15589	192	15374	15613
55652852	1	342	4.017E-92	7	13334	15832	363	56	0.566	7.452E-07	580	628	796	15686	15832	147	15647	15841
58527148	1	287	1.447E-75	8	13334	16552	314	124	0.591	8.369E-29	84	188	830	13334	13651	318	13283	13744
58527148	1	287	1.447E-75	8	13334	16552	316	49	0.737	1.290E-04	184	214	830	13707	13799	93	13653	13811
58527148	1	287	1.447E-75	8	13334	16552	327	33	0.732	6.433E+01	290	309	830	14242	14301	60	14182	14319
58527148	1	287	1.447E-75	8	13334	16552	334	64	0.459	1.535E-08	310	379	830	14378	14596	219	14339	14683
58527148	1	287	1.447E-75	8	13334	16552	346	85	0.550	2.201E-16	465	541	830	14976	15209	234	14961	15215
58527148	1	287	1.447E-75	8	13334	16552	356	80	0.616	7.846E-15	536	599	830	15398	15589	192	15374	15613
58527148	1	287	1.447E-75	8	13334	16552	363	62	0.604	8.609E-09	615	664	830	15683	15832	150	15647	15841
58527148	1	287	1.447E-75	8	13334	16552	378	63	0.491	4.853E-09	765	828	830	16355	16552	198	16340	16558
58585521	1	274	1.185E-71	6	13334	15832	314	131	0.614	3.949E-31	34	140	800	13334	13651	318	13283	13744
58585521	1	274	1.185E-71	6	13334	15832	316	49	0.782	1.290E-04	138	166	800	13713	13799	87	13653	13811
58585521	1	274	1.185E-71	6	13334	15832	334	56	0.376	8.373E-06	262	340	800	14378	14626	249	14339	14683
58585521	1	274	1.185E-71	6	13334	15832	346	87	0.563	3.281E-17	415	491	800	14976	15209	234	14961	15215
58585521	1	274	1.185E-71	6	13334	15832	356	76	0.587	2.578E-13	486	549	800	15398	15589	192	15374	15613
58585521	1	274	1.185E-71	6	13334	15832	363	60	0.587	4.233E-08	565	614	800	15683	15832	150	15647	15841
58949717	1	426	2.076E-117	8	13854	16297	319	53	0.614	2.671E-06	85	126	690	13854	13979	126	13854	13991
58949717	1	426	2.076E-117	8	13854	16297	325	64	0.642	3.550E-09	129	176	690	14055	14198	144	13995	14234
58949717	1	426	2.076E-117	8	13854	16297	334	65	0.458	4.348E-09	180	252	690	14378	14602	225	14339	14683
58949717	1	426	2.076E-117	8	13854	16297	339	54	0.407	1.220E-05	265	330	690	14683	14898	216	14665	14940
58949717	1	426	2.076E-117	8	13854	16297	356	79	0.616	2.034E-14	403	465	690	15398	15586	189	15374	15613
58949717	1	426	2.076E-117	8	13854	16297	363	63	0.551	3.312E-09	469	522	690	15656	15826	171	15647	15841
58949717	1	426	2.076E-117	8	13854	16297	369	61	0.758	9.262E-09	524	561	690	15927	16040	114	15927	16106
58949717	1	426	2.076E-117	8	13854	16297	373	66	0.530	4.593E-10	562	624	690	16109	16297	189	16085	16315
98494608	1	130	2.644E-28	1	13301	13651	314	130	0.560	7.416E-31	42	160	175	13301	13651	351	13283	13744
102046758	1	179	4.696E-43	7	13334	16546	314	132	0.621	2.103E-31	33	138	780	13334	13651	318	13283	13744
102046758	1	179	4.696E-43	7	13334	16546	316	54	0.886	2.028E-06	137	164	780	13716	13799	84	13653	13811
102046758	1	179	4.696E-43	7	13334	16546	327	34	0.542	1.771E+01	230	259	780	14212	14301	90	14182	14319
102046758	1	179	4.696E-43	7	13334	16546	334	66	0.427	3.172E-09	260	339	780	14378	14626	249	14339	14683
102046758	1	179	4.696E-43	7	13334	16546	346	84	0.546	4.150E-16	415	491	780	14976	15209	234	14961	15215
102046758	1	179	4.696E-43	7	13334	16546	363	57	0.579	5.418E-07	566	613	780	15686	15829	144	15647	15841
102046758	1	179	4.696E-43	7	13334	16546	378	58	0.471	2.211E-07	714	776	780	16355	16546	192	16340	16558
102128950	1	543	1.250E-152	9	13331	16555	314	148	0.682	3.738E-37	0	106	745	13331	13651	321	13283	13744
102128950	1	543	1.250E-152	9	13331	16555	319	57	0.642	1.097E-07	132	174	745	13854	13982	129	13854	13991
102128950	1	543	1.250E-152	9	13331	16555	325	70	0.590	1.601E-11	165	223	745	14022	14198	177	13995	14234
102128950	1	543	1.250E-152	9	13331	16555	334	65	0.432	4.348E-09	227	305	745	14378	14620	243	14339	14683
102128950	1	543	1.250E-152	9	13331	16555	346	89	0.566	9.228E-18	383	459	745	14976	15212	237	14961	15215
102128950	1	543	1.250E-152	9	13331	16555	363	69	0.574	2.034E-11	520	576	745	15653	15832	180	15647	15841
102128950	1	543	1.250E-152	9	13331	16555	369	63	0.772	3.561E-09	576	613	745	15927	16040	114	15927	16106
102128950	1	543	1.250E-152	9	13331	16555	373	70	0.554	2.629E-11	614	676	745	16109	16297	189	16085	16315
102128950	1	543	1.250E-152	9	13331	16555	378	73	0.550	1.246E-12	676	741	745	16355	16555	201	16340	16558
102250303	1	305	5.520E-81	8	13334	16558	314	133	0.623	5.960E-32	199	305	947	13334	13651	318	13283	13744
102250303	1	305	5.520E-81	8	13334	16558	316	51	0.759	3.593E-05	301	331	947	13707	13799	93	13653	13811
102250303	1	305	5.520E-81	8	13334	16558	327	35	0.553	9.299E+00	397	426	947	14212	14301	90	14182	14319
102250303	1	305	5.520E-81	8	13334	16558	339	45	0.355	2.456E-02	508	578	947	14689	14898	210	14665	14940
102250303	1	305	5.520E-81	8	13334	16558	346	91	0.585	1.376E-18	581	657	947	14976	15209	234	14961	15215
102250303	1	305	5.520E-81	8	13334	16558	356	82	0.623	1.168E-15	652	716	947	15398	15592	195	15374	15613
102250303	1	305	5.520E-81	8	13334	16558	363	58	0.501	1.514E-07	722	780	947	15659	15832	174	15647	15841
102250303	1	305	5.520E-81	8	13334	16558	378	61	0.465	3.275E-08	881	946	947	16355	16558	204	16340	16558
102534386	1	309	3.450E-82	6	13304	15832	314	136	0.593	6.563E-33	34	149	783	13304	13651	348	13283	13744
102534386	1	309	3.450E-82	6	13304	15832	316	61	0.903	8.950E-09	145	175	783	13707	13799	93	13653	13811
102534386	1	309	3.450E-82	6	13304	15832	334	67	0.421	1.231E-09	268	351	783	14369	14626	258	14339	14683
102534386	1	309	3.450E-82	6	13304	15832	346	87	0.550	4.506E-17	421	499	783	14970	15209	240	14961	15215
102534386	1	309	3.450E-82	6	13304	15832	356	79	0.618	1.480E-14	494	556	783	15398	15586	189	15374	15613
102534386	1	309	3.450E-82	6	13304	15832	363	60	0.597	4.233E-08	574	621	783	15686	15832	147	15647	15841
114765825	1	327	1.316E-87	8	13854	16555	319	57	0.647	2.077E-07	174	215	782	13854	13979	126	13854	13991
114765825	1	327	1.316E-87	8	13854	16555	325	68	0.968	1.480E-10	218	249	782	14055	14150	96	13995	14234
114765825	1	327	1.316E-87	8	13854	16555	334	69	0.478	2.541E-10	269	341	782	14378	14602	225	14339	14683
114765825	1	327	1.316E-87	8	13854	16555	339	51	0.395	1.122E-04	354	418	782	14683	14895	213	14665	14940
114765825	1	327	1.316E-87	8	13854	16555	363	64	0.548	9.267E-10	560	615	782	15656	15832	177	15647	15841
114765825	1	327	1.316E-87	8	13854	16555	369	57	0.704	4.246E-07	615	652	782	15927	16040	114	15927	16106
114765825	1	327	1.316E-87	8	13854	16555	373	64	0.514	3.094E-09	653	715	782	16109	16297	189	16085	16315
114765825	1	327	1.316E-87	8	13854	16555	378	60	0.467	4.502E-08	715	781	782	16355	16555	201	16340	16558
131774036	1	1341	0.000E+00	13	13331	16555	314	201	0.892	1.631E-55	0	106	764	13331	13651	321	13283	13744
131774036	1	1341	0.000E+00	13	13331	16555	316	60	0.892	1.693E-08	102	132	764	13707	13799	93	13653	13811
131774036	1	1341	0.000E+00	13	13331	16555	319	74	0.788	2.332E-13	132	175	764	13854	13985	132	13854	13991
131774036	1	1341	0.000E+00	13	13331	16555	325	81	1.000	4.159E-15	174	210	764	14049	14159	111	13995	14234
131774036	1	1341	0.000E+00	13	13331	16555	327	50	1.000	3.441E-05	225	246	764	14236	14301	66	14182	14319
131774036	1	1341	0.000E+00	13	13331	16555	334	111	0.675	3.833E-25	247	327	764	14378	14620	243	14339	14683
131774036	1	1341	0.000E+00	13	13331	16555	339	106	0.657	1.545E-23	328	406	764	14683	14919	237	14665	14940
131774036	1	1341	0.000E+00	13	13331	16555	346	137	0.836	1.097E-34	402	479	764	14976	15209	234	14961	15215
131774036	1	1341	0.000E+00	13	13331	16555	356	108	0.805	9.479E-25	474	537	764	15398	15589	192	15374	15613
131774036	1	1341	0.000E+00	13	13331	16555	363	114	0.866	5.329E-27	537	595	764	15647	15832	186	15647	15841
131774036	1	1341	0.000E+00	13	13331	16555	369	76	0.924	7.116E-14	595	632	764	15927	16040	114	15927	16106
131774036	1	1341	0.000E+00	13	13331	16555	373	119	0.891	1.146E-28	633	695	764	16109	16297	189	16085	16315
131774036	1	1341	0.000E+00	13	13331	16555	378	112	0.799	2.825E-26	695	761	764	16355	16555	201	16340	16558
160297355	1	543	1.250E-152	10	13328	16558	314	146	0.669	1.808E-36	45	151	875	13328	13651	324	13283	13744
160297355	1	543	1.250E-152	10	13328	16558	319	63	0.697	1.263E-09	176	218	875	13854	13982	129	13854	13991
160297355	1	543	1.250E-152	10	13328	16558	325	68	0.927	7.838E-11	218	251	875	14049	14150	102	13995	14234
160297355	1	543	1.250E-152	10	13328	16558	327	36	0.576	2.566E+00	241	270	875	14212	14301	90	14182	14319
160297355	1	543	1.250E-152	10	13328	16558	334	64	0.428	1.535E-08	271	348	875	14378	14617	240	14339	14683
160297355	1	543	1.250E-152	10	13328	16558	339	63	0.526	1.563E-08	365	424	875	14719	14898	180	14665	14940
160297355	1	543	1.250E-152	10	13328	16558	363	72	0.594	2.195E-12	564	620	875	15653	15832	180	15647	15841
160297355	1	543	1.250E-152	10	13328	16558	369	62	0.763	6.735E-09	620	657	875	15927	16040	114	15927	16106
160297355	1	543	1.250E-152	10	13328	16558	373	70	0.569	2.629E-11	658	718	875	16109	16291	183	16085	16315
160297355	1	543	1.250E-152	10	13328	16558	378	72	0.539	2.353E-12	720	787	875	16355	16558	204	16340	16558
160856086	1	1409	0.000E+00	13	13298	16558	314	204	0.830	1.306E-56	30	147	787	13298	13651	354	13283	13744
160856086	1	1409	0.000E+00	13	13298	16558	316	63	1.000	1.322E-09	146	173	787	13716	13799	84	13653	13811
160856086	1	1409	0.000E+00	13	13298	16558	319	78	0.830	7.050E-15	173	216	787	13854	13985	132	13854	13991
160856086	1	1409	0.000E+00	13	13298	16558	325	77	1.000	9.946E-14	215	248	787	14049	14150	102	13995	14234
160856086	1	1409	0.000E+00	13	13298	16558	327	50	0.776	3.441E-05	238	267	787	14212	14301	90	14182	14319
160856086	1	1409	0.000E+00	13	13298	16558	334	128	0.751	8.991E-31	268	349	787	14378	14623	246	14339	14683
160856086	1	1409	0.000E+00	13	13298	16558	339	115	0.710	5.624E-27	349	427	787	14683	14919	237	14665	14940
160856086	1	1409	0.000E+00	13	13298	16558	346	134	0.817	1.895E-33	423	500	787	14976	15209	234	14961	15215
160856086	1	1409	0.000E+00	13	13298	16558	356	121	0.759	2.725E-29	495	571	787	15398	15610	213	15374	15613
160856086	1	1409	0.000E+00	13	13298	16558	363	136	1.000	1.046E-34	558	619	787	15647	15832	186	15647	15841
160856086	1	1409	0.000E+00	13	13298	16558	369	77	0.937	2.741E-14	619	656	787	15927	16040	114	15927	16106
160856086	1	1409	0.000E+00	13	13298	16558	373	131	0.862	8.550E-33	648	719	787	16085	16297	213	16085	16315
160856086	1	1409	0.000E+00	13	13298	16558	378	120	0.835	6.852E-29	719	786	787	16355	16558	204	16340	16558
174760868	1	67	2.438E-09	6	13310	16546	314	121	0.546	1.040E-27	42	155	805	13310	13651	342	13283	13744
174760868	1	67	2.438E-09	6	13310	16546	316	36	0.598	6.980E+00	154	181	805	13716	13799	84	13653	13811
174760868	1	67	2.438E-09	6	13310	16546	334	51	0.301	2.663E-04	261	360	805	14339	14656	318	14339	14683
174760868	1	67	2.438E-09	6	13310	16546	339	47	0.347	5.037E-03	382	451	805	14698	14928	231	14665	14940
174760868	1	67	2.438E-09	6	13310	16546	356	78	0.610	3.837E-14	515	577	805	15398	15586	189	15374	15613
174760868	1	67	2.438E-09	6	13310	16546	378	52	0.432	2.625E-05	739	801	805	16355	16546	192	16340	16558
174783433	1	195	7.166E-48	7	13334	16549	314	136	0.639	6.563E-33	45	149	781	13334	13651	318	13283	13744
174783433	1	195	7.166E-48	7	13334	16549	316	53	0.874	3.840E-06	148	175	781	13716	13799	84	13653	13811
174783433	1	195	7.166E-48	7	13334	16549	334	59	0.431	6.742E-07	271	340	781	14378	14596	219	14339	14683
174783433	1	195	7.166E-48	7	13334	16549	356	86	0.664	6.717E-17	494	556	781	15398	15586	189	15374	15613
174783433	1	195	7.166E-48	7	13334	16549	369	59	0.727	8.622E-08	620	657	781	15927	16040	114	15927	16106
174783433	1	195	7.166E-48	7	13334	16549	373	47	0.399	2.714E-03	658	716	781	16109	16297	189	16085	16315
174783433	1	195	7.166E-48	7	13334	16549	378	59	0.471	1.170E-07	716	779	781	16355	16549	195	16340	16558
175000732	1	239	4.073E-61	8	13334	16552	314	124	0.590	1.147E-28	33	137	779	13334	13651	318	13283	13744
175000732	1	239	4.073E-61	8	13334	16552	316	49	0.737	1.290E-04	133	163	779	13707	13799	93	13653	13811
175000732	1	239	4.073E-61	8	13334	16552	325	53	0.731	1.899E-05	206	239	779	14049	14150	102	13995	14234
175000732	1	239	4.073E-61	8	13334	16552	327	33	0.732	6.433E+01	239	258	779	14242	14301	60	14182	14319
175000732	1	239	4.073E-61	8	13334	16552	334	64	0.459	1.535E-08	259	328	779	14378	14596	219	14339	14683
175000732	1	239	4.073E-61	8	13334	16552	346	86	0.557	8.498E-17	414	490	779	14976	15209	234	14961	15215
175000732	1	239	4.073E-61	8	13334	16552	363	62	0.604	8.609E-09	564	613	779	15683	15832	150	15647	15841
175000732	1	239	4.073E-61	8	13334	16552	378	61	0.480	1.733E-08	714	777	779	16355	16552	198	16340	16558
175046833	1	58	1.248E-06	1	15647	15832	363	58	0.480	2.082E-07	15	76	114	15647	15832	186	15647	15841
182930196	1	1480	0.000E+00	13	13298	16558	314	223	0.896	4.717E-63	27	144	784	13298	13651	354	13283	13744
182930196	1	1480	0.000E+00	13	13298	16558	316	61	0.997	6.507E-09	143	170	784	13716	13799	84	13653	13811
182930196	1	1480	0.000E+00	13	13298	16558	319	81	0.893	7.614E-16	170	211	784	13854	13979	126	13854	13991
182930196	1	1480	0.000E+00	13	13298	16558	325	75	1.000	3.542E-13	212	245	784	14049	14150	102	13995	14234
182930196	1	1480	0.000E+00	13	13298	16558	327	52	0.805	6.963E-06	235	264	784	14212	14301	90	14182	14319
182930196	1	1480	0.000E+00	13	13298	16558	334	142	0.770	7.473E-36	265	353	784	14378	14638	261	14339	14683
182930196	1	1480	0.000E+00	13	13298	16558	339	127	0.774	4.213E-31	346	424	784	14683	14919	237	14665	14940
182930196	1	1480	0.000E+00	13	13298	16558	346	150	0.895	4.374E-39	419	497	784	14973	15209	237	14961	15215
182930196	1	1480	0.000E+00	13	13298	16558	356	120	0.752	7.049E-29	492	568	784	15398	15610	213	15374	15613
182930196	1	1480	0.000E+00	13	13298	16558	363	135	1.000	1.971E-34	555	616	784	15647	15832	186	15647	15841
182930196	1	1480	0.000E+00	13	13298	16558	369	82	0.991	6.045E-16	616	653	784	15927	16040	114	15927	16106
182930196	1	1480	0.000E+00	13	13298	16558	373	126	0.939	3.826E-31	654	716	784	16109	16297	189	16085	16315
182930196	1	1480	0.000E+00	13	13298	16558	378	128	0.890	6.435E-32	716	783	784	16355	16558	204	16340	16558
189502112	1	472	2.951E-131	9	13331	16555	314	149	0.682	1.451E-37	42	149	789	13331	13651	321	13283	13744
189502112	1	472	2.951E-131	9	13331	16555	319	61	0.673	8.553E-09	175	217	789	13854	13982	129	13854	13991
189502112	1	472	2.951E-131	9	13331	16555	325	63	0.861	4.878E-09	217	250	789	14049	14150	102	13995	14234
189502112	1	472	2.951E-131	9	13331	16555	334	67	0.441	1.231E-09	270	348	789	14378	14620	243	14339	14683
189502112	1	472	2.951E-131	9	13331	16555	339	55	0.476	4.710E-06	364	423	789	14719	14898	180	14665	14940
189502112	1	472	2.951E-131	9	13331	16555	363	71	0.585	5.698E-12	563	621	789	15653	15832	180	15647	15841
189502112	1	472	2.951E-131	9	13331	16555	369	53	0.660	1.032E-05	621	657	789	15927	16040	114	15927	16106
189502112	1	472	2.951E-131	9	13331	16555	373	60	0.488	7.442E-08	658	720	789	16109	16297	189	16085	16315
189502112	1	472	2.951E-131	9	13331	16555	378	78	0.573	2.752E-14	720	787	789	16355	16555	201	16340	16558
189555289	1	381	7.306E-104	9	13328	16558	314	144	0.660	1.199E-35	45	151	905	13328	13651	324	13283	13744
189555289	1	381	7.306E-104	9	13328	16558	319	63	0.697	1.263E-09	176	218	905	13854	13982	129	13854	13991
189555289	1	381	7.306E-104	9	13328	16558	325	67	0.911	2.033E-10	218	251	905	14049	14150	102	13995	14234
189555289	1	381	7.306E-104	9	13328	16558	327	37	0.582	1.860E+00	241	270	905	14212	14301	90	14182	14319
189555289	1	381	7.306E-104	9	13328	16558	339	64	0.537	4.395E-09	365	424	905	14719	14898	180	14665	14940
189555289	1	381	7.306E-104	9	13328	16558	363	71	0.588	4.146E-12	572	628	905	15653	15832	180	15647	15841
189555289	1	381	7.306E-104	9	13328	16558	369	62	0.767	4.897E-09	628	665	905	15927	16040	114	15927	16106
189555289	1	381	7.306E-104	9	13328	16558	373	63	0.525	4.252E-09	666	726	905	16109	16291	183	16085	16315
189555289	1	381	7.306E-104	9	13328	16558	378	72	0.536	3.233E-12	728	795	905	16355	16558	204	16340	16558
218627870	1	411	6.804E-113	8	13334	15832	314	134	0.631	3.173E-32	115	220	864	13334	13651	318	13283	13744
218627870	1	411	6.804E-113	8	13334	15832	316	51	0.806	3.593E-05	218	246	864	13713	13799	87	13653	13811
218627870	1	411	6.804E-113	8	13334	15832	325	53	0.731	1.899E-05	289	322	864	14049	14150	102	13995	14234
218627870	1	411	6.804E-113	8	13334	15832	327	33	0.519	6.433E+01	312	341	864	14212	14301	90	14182	14319
218627870	1	411	6.804E-113	8	13334	15832	334	66	0.470	3.172E-09	342	411	864	14378	14596	219	14339	14683
218627870	1	411	6.804E-113	8	13334	15832	346	85	0.550	2.201E-16	496	572	864	14976	15209	234	14961	15215
218627870	1	411	6.804E-113	8	13334	15832	356	78	0.603	3.837E-14	567	630	864	15398	15589	192	15374	15613
218627870	1	411	6.804E-113	8	13334	15832	363	60	0.597	4.233E-08	647	695	864	15686	15832	147	15647	15841
218668631	1	92	7.267E-17	3	14378	15586	334	47	0.330	1.151E-02	21	100	384	14378	14626	249	14339	14683
218668631	1	92	7.267E-17	3	14378	15586	339	44	0.341	6.352E-02	99	171	384	14683	14898	216	14665	14940
218668631	1	92	7.267E-17	3	14378	15586	356	77	0.639	7.241E-14	248	306	384	15410	15586	177	15374	15613
233188167	1	126	4.230E-27	7	13295	16546	314	137	0.585	2.549E-33	30	147	784	13295	13651	357	13283	13744
233188167	1	126	4.230E-27	7	13295	16546	316	52	0.776	1.378E-05	143	173	784	13707	13799	93	13653	13811
233188167	1	126	4.230E-27	7	13295	16546	327	35	0.793	6.739E+00	249	268	784	14242	14301	60	14182	14319
233188167	1	126	4.230E-27	7	13295	16546	334	63	0.420	2.884E-08	269	346	784	14378	14620	243	14339	14683
233188167	1	126	4.230E-27	7	13295	16546	339	49	0.379	1.033E-03	349	418	784	14686	14898	213	14665	14940
233188167	1	126	4.230E-27	7	13295	16546	369	57	0.713	2.244E-07	616	653	784	15927	16040	114	15927	16106
233188167	1	126	4.230E-27	7	13295	16546	378	60	0.482	6.189E-08	712	774	784	16355	16546	192	16340	16558
248106925	1	1074	1.778E-312	12	13325	16546	314	173	0.774	8.758E-46	96	203	839	13325	13648	324	13283	13744
248106925	1	1074	1.778E-312	12	13325	16546	319	68	0.737	1.461E-11	225	268	839	13854	13985	132	13854	13991
248106925	1	1074	1.778E-312	12	13325	16546	325	71	0.957	1.165E-11	267	300	839	14049	14150	102	13995	14234
248106925	1	1074	1.778E-312	12	13325	16546	327	44	0.685	5.761E-03	290	319	839	14212	14301	90	14182	14319
248106925	1	1074	1.778E-312	12	13325	16546	334	96	0.598	1.190E-19	320	399	839	14378	14617	240	14339	14683
248106925	1	1074	1.778E-312	12	13325	16546	339	70	0.533	2.750E-11	415	481	839	14719	14919	201	14665	14940
248106925	1	1074	1.778E-312	12	13325	16546	346	120	0.742	1.234E-28	477	554	839	14976	15209	234	14961	15215
248106925	1	1074	1.778E-312	12	13325	16546	356	101	0.765	3.914E-22	549	611	839	15398	15586	189	15374	15613
248106925	1	1074	1.778E-312	12	13325	16546	363	113	0.888	7.317E-27	614	673	839	15653	15832	180	15647	15841
248106925	1	1074	1.778E-312	12	13325	16546	369	68	0.830	5.672E-11	673	710	839	15927	16040	114	15927	16106
248106925	1	1074	1.778E-312	12	13325	16546	373	106	0.722	5.487E-24	702	772	839	16085	16294	210	16085	16315
248106925	1	1074	1.778E-312	12	13325	16546	378	91	0.689	7.749E-19	773	836	839	16355	16546	192	16340	16558
284576320	1	318	6.739E-85	8	13328	16555	314	142	0.654	4.233E-35	6	112	780	13328	13651	324	13283	13744
284576320	1	318	6.739E-85	8	13328	16555	316	47	0.704	8.792E-04	108	138	780	13707	13799	93	13653	13811
284576320	1	318	6.739E-85	8	13328	16555	319	57	0.638	1.510E-07	138	180	780	13854	13982	129	13854	13991
284576320	1	318	6.739E-85	8	13328	16555	325	71	0.542	1.165E-11	180	245	780	14049	14231	183	13995	14234
284576320	1	318	6.739E-85	8	13328	16555	334	76	0.488	8.650E-13	233	312	780	14378	14620	243	14339	14683
284576320	1	318	6.739E-85	8	13328	16555	363	83	0.613	2.993E-16	526	592	780	15653	15832	180	15647	15841
284576320	1	318	6.739E-85	8	13328	16555	369	63	0.776	2.590E-09	592	629	780	15927	16040	114	15927	16106
284576320	1	318	6.739E-85	8	13328	16555	378	82	0.608	8.363E-16	712	778	780	16355	16555	201	16340	16558
291057302	1	463	1.511E-128	8	13334	15832	314	131	0.620	2.881E-31	33	138	787	13334	13651	318	13283	13744
291057302	1	463	1.511E-128	8	13334	15832	316	55	0.820	1.071E-06	134	164	787	13707	13799	93	13653	13811
291057302	1	463	1.511E-128	8	13334	15832	327	33	0.732	6.433E+01	240	259	787	14242	14301	60	14182	14319
291057302	1	463	1.511E-128	8	13334	15832	334	63	0.410	3.953E-08	260	339	787	14378	14626	249	14339	14683
291057302	1	463	1.511E-128	8	13334	15832	339	48	0.364	2.672E-03	338	410	787	14686	14898	213	14665	14940
291057302	1	463	1.511E-128	8	13334	15832	346	87	0.565	2.390E-17	413	489	787	14976	15209	234	14961	15215
291057302	1	463	1.511E-128	8	13334	15832	356	78	0.603	3.837E-14	484	547	787	15398	15589	192	15374	15613
291057302	1	463	1.511E-128	8	13334	15832	363	59	0.567	1.101E-07	562	612	787	15680	15832	153	15647	15841
291276372	1	123	3.384E-26	7	13298	16537	314	130	0.564	7.416E-31	32	149	800	13298	13651	354	13283	13744
291276372	1	123	3.384E-26	7	13298	16537	316	52	0.823	1.378E-05	147	175	800	13713	13799	87	13653	13811
291276372	1	123	3.384E-26	7	13298	16537	327	35	0.553	9.299E+00	239	268	800	14212	14301	90	14182	14319
291276372	1	123	3.384E-26	7	13298	16537	334	56	0.413	8.373E-06	269	339	800	14378	14596	219	14339	14683
291276372	1	123	3.384E-26	7	13298	16537	339	58	0.433	7.025E-07	349	417	800	14686	14898	213	14665	14940
291276372	1	123	3.384E-26	7	13298	16537	369	61	0.758	9.262E-09	616	652	800	15927	16040	114	15927	16106
291276372	1	123	3.384E-26	7	13298	16537	378	57	0.477	4.179E-07	716	777	800	16355	16537	183	16340	16558
291341822	1	287	1.447E-75	7	13292	16303	314	130	0.542	7.416E-31	160	283	918	13292	13651	360	13283	13744
291341822	1	287	1.447E-75	7	13292	16303	319	49	0.577	1.237E-04	309	349	918	13854	13976	123	13854	13991
291341822	1	287	1.447E-75	7	13292	16303	334	66	0.454	2.314E-09	402	474	918	14366	14596	231	14339	14683
291341822	1	287	1.447E-75	7	13292	16303	346	79	0.517	1.360E-14	556	633	918	14976	15212	237	14961	15215
291341822	1	287	1.447E-75	7	13292	16303	356	80	0.624	7.846E-15	627	689	918	15398	15586	189	15374	15613
291341822	1	287	1.447E-75	7	13292	16303	369	54	0.673	3.961E-06	755	791	918	15927	16040	114	15927	16106
291341822	1	287	1.447E-75	7	13292	16303	373	49	0.393	4.015E-04	792	859	918	16109	16303	195	16085	16315
291485995	1	339	3.213E-91	7	13334	15832	314	127	0.603	9.224E-30	32	137	781	13334	13651	318	13283	13744
291485995	1	339	3.213E-91	7	13334	15832	316	51	0.843	1.896E-05	136	163	781	13716	13799	84	13653	13811
291485995	1	339	3.213E-91	7	13334	15832	327	34	0.548	1.283E+01	229	258	781	14212	14301	90	14182	14319
291485995	1	339	3.213E-91	7	13334	15832	334	64	0.424	1.535E-08	259	336	781	14378	14620	243	14339	14683
291485995	1	339	3.213E-91	7	13334	15832	346	85	0.554	1.167E-16	414	490	781	14976	15209	234	14961	15215
291485995	1	339	3.213E-91	7	13334	15832	356	77	0.595	9.946E-14	485	548	781	15398	15589	192	15374	15613
291485995	1	339	3.213E-91	7	13334	15832	363	57	0.569	5.418E-07	565	613	781	15686	15832	147	15647	15841
306097647	1	55	9.988E-06	1	16355	16546	378	55	0.447	3.883E-06	43	105	109	16355	16546	192	16340	16558
306099270	1	338	6.426E-91	7	13334	15832	314	134	0.624	4.349E-32	34	140	782	13334	13651	318	13283	13744
306099270	1	338	6.426E-91	7	13334	15832	316	50	0.754	4.946E-05	136	166	782	13707	13799	93	13653	13811
306099270	1	338	6.426E-91	7	13334	15832	327	35	0.553	9.299E+00	232	261	782	14212	14301	90	14182	14319
306099270	1	338	6.426E-91	7	13334	15832	339	45	0.355	2.456E-02	343	413	782	14689	14898	210	14665	14940
306099270	1	338	6.426E-91	7	13334	15832	346	88	0.567	1.740E-17	416	492	782	14976	15209	234	14961	15215
306099270	1	338	6.426E-91	7	13334	15832	356	82	0.623	1.168E-15	487	551	782	15398	15592	195	15374	15613
306099270	1	338	6.426E-91	7	13334	15832	363	58	0.501	1.514E-07	557	615	782	15659	15832	174	15647	15841
306320307	1	123	3.384E-26	2	16163	16474	373	61	0.677	2.866E-08	23	64	159	16163	16291	129	16085	16315
306320307	1	123	3.384E-26	2	16163	16474	378	61	0.721	2.382E-08	66	105	159	16355	16474	120	16340	16558
334772921	1	336	2.571E-90	7	13707	16040	316	60	0.886	2.329E-08	110	140	751	13707	13799	93	13653	13811
334772921	1	336	2.571E-90	7	13707	16040	325	54	0.644	1.005E-05	183	222	751	14049	14168	120	13995	14234
334772921	1	336	2.571E-90	7	13707	16040	334	58	0.349	1.735E-06	221	315	751	14339	14626	288	14339	14683
334772921	1	336	2.571E-90	7	13707	16040	346	95	0.606	5.777E-20	388	464	751	14976	15209	234	14961	15215
334772921	1	336	2.571E-90	7	13707	16040	356	86	0.664	6.717E-17	459	521	751	15398	15586	189	15374	15613
334772921	1	336	2.571E-90	7	13707	16040	363	63	0.628	2.409E-09	539	586	751	15686	15832	147	15647	15841
334772921	1	336	2.571E-90	7	13707	16040	369	50	0.633	7.009E-05	586	622	751	15927	16040	114	15927	16106
334924161	1	129	5.287E-28	6	13334	16549	314	129	0.610	1.909E-30	45	149	782	13334	13651	318	13283	13744
334924161	1	129	5.287E-28	6	13334	16549	334	60	0.433	2.620E-07	268	341	782	14378	14596	219	14339	14683
334924161	1	129	5.287E-28	6	13334	16549	339	51	0.403	2.116E-04	356	422	782	14695	14898	204	14665	14940
334924161	1	129	5.287E-28	6	13334	16549	356	86	0.666	4.890E-17	495	557	782	15398	15586	189	15374	15613
334924161	1	129	5.287E-28	6	13334	16549	369	61	0.754	1.274E-08	621	658	782	15927	16040	114	15927	16106
334924161	1	129	5.287E-28	6	13334	16549	378	59	0.468	1.608E-07	717	780	782	16355	16549	195	16340	16558
335533173	1	988	1.376E-286	12	13298	16555	314	173	0.706	1.201E-45	20	139	779	13298	13651	354	13283	13744
335533173	1	988	1.376E-286	12	13298	16555	316	55	0.905	7.783E-07	138	165	779	13716	13799	84	13653	13811
335533173	1	988	1.376E-286	12	13298	16555	319	68	0.752	1.461E-11	165	207	779	13854	13982	129	13854	13991
335533173	1	988	1.376E-286	12	13298	16555	325	70	0.952	1.601E-11	207	240	779	14049	14150	102	13995	14234
335533173	1	988	1.376E-286	12	13298	16555	327	40	0.633	1.032E-01	230	259	779	14212	14301	90	14182	14319
335533173	1	988	1.376E-286	12	13298	16555	334	95	0.600	2.238E-19	260	338	779	14378	14614	237	14339	14683
335533173	1	988	1.376E-286	12	13298	16555	339	82	0.664	2.793E-15	355	414	779	14719	14898	180	14665	14940
335533173	1	988	1.376E-286	12	13298	16555	356	100	0.752	5.374E-22	487	550	779	15398	15589	192	15374	15613
335533173	1	988	1.376E-286	12	13298	16555	363	115	0.871	2.827E-27	550	611	779	15647	15832	186	15647	15841
335533173	1	988	1.376E-286	12	13298	16555	369	73	0.892	6.592E-13	611	648	779	15927	16040	114	15927	16106
335533173	1	988	1.376E-286	12	13298	16555	373	106	0.803	3.996E-24	649	711	779	16109	16297	189	16085	16315
335533173	1	988	1.376E-286	12	13298	16555	378	92	0.671	2.991E-19	711	777	779	16355	16555	201	16340	16558
349528644	1	120	2.707E-25	2	15653	16040	363	66	0.554	1.887E-10	59	117	194	15653	15832	180	15647	15841
349528644	1	120	2.707E-25	2	15653	16040	369	54	0.673	3.961E-06	117	153	194	15927	16040	114	15927	16106
364106583	1	444	7.921E-123	9	13295	16558	314	149	0.608	1.451E-37	36	159	898	13295	13651	357	13283	13744
364106583	1	444	7.921E-123	9	13295	16558	319	59	0.645	3.063E-08	185	228	898	13854	13985	132	13854	13991
364106583	1	444	7.921E-123	9	13295	16558	325	69	0.932	5.705E-11	227	260	898	14049	14150	102	13995	14234
364106583	1	444	7.921E-123	9	13295	16558	327	38	0.593	9.779E-01	250	279	898	14212	14301	90	14182	14319
364106583	1	444	7.921E-123	9	13295	16558	356	87	0.669	3.561E-17	507	569	898	15398	15586	189	15374	15613
364106583	1	444	7.921E-123	9	13295	16558	363	81	0.661	1.067E-15	572	628	898	15653	15832	180	15647	15841
364106583	1	444	7.921E-123	9	13295	16558	369	60	0.740	3.314E-08	628	665	898	15927	16040	114	15927	16106
364106583	1	444	7.921E-123	9	13295	16558	373	72	0.588	2.843E-12	666	726	898	16109	16291	183	16085	16315
364106583	1	444	7.921E-123	9	13295	16558	378	81	0.591	2.979E-15	728	795	898	16355	16558	204	16340	16558
370698824	1	113	3.465E-23	6	13334	16546	314	132	0.621	2.103E-31	33	138	780	13334	13651	318	13283	13744
370698824	1	113	3.465E-23	6	13334	16546	316	54	0.886	2.028E-06	137	164	780	13716	13799	84	13653	13811
370698824	1	113	3.465E-23	6	13334	16546	334	66	0.429	2.314E-09	260	339	780	14378	14626	249	14339	14683
370698824	1	113	3.465E-23	6	13334	16546	346	84	0.548	3.022E-16	415	491	780	14976	15209	234	14961	15215
370698824	1	113	3.465E-23	6	13334	16546	363	57	0.579	5.418E-07	566	613	780	15686	15829	144	15647	15841
370698824	1	113	3.465E-23	6	13334	16546	378	58	0.471	2.211E-07	714	776	780	16355	16546	192	16340	16558
374138689	1	986	5.502E-286	12	13298	16558	314	165	0.690	4.815E-43	22	139	778	13298	13651	354	13283	13744
374138689	1	986	5.502E-286	12	13298	16558	316	53	0.798	3.840E-06	135	165	778	13707	13799	93	13653	13811
374138689	1	986	5.502E-286	12	13298	16558	319	60	0.644	1.176E-08	165	209	778	13854	13988	135	13854	13991
374138689	1	986	5.502E-286	12	13298	16558	327	39	0.616	2.705E-01	230	259	778	14212	14301	90	14182	14319
374138689	1	986	5.502E-286	12	13298	16558	334	86	0.577	2.343E-16	260	334	778	14378	14602	225	14339	14683
374138689	1	986	5.502E-286	12	13298	16558	339	69	0.489	9.777E-11	341	413	778	14683	14898	216	14665	14940
374138689	1	986	5.502E-286	12	13298	16558	346	103	0.644	7.425E-23	416	494	778	14976	15212	237	14961	15215
374138689	1	986	5.502E-286	12	13298	16558	356	89	0.695	5.306E-18	488	549	778	15398	15583	186	15374	15613
374138689	1	986	5.502E-286	12	13298	16558	363	93	0.753	1.068E-19	554	610	778	15656	15832	177	15647	15841
374138689	1	986	5.502E-286	12	13298	16558	369	68	0.830	5.672E-11	610	647	778	15927	16040	114	15927	16106
374138689	1	986	5.502E-286	12	13298	16558	373	98	0.685	2.269E-21	641	710	778	16091	16297	207	16085	16315
374138689	1	986	5.502E-286	12	13298	16558	378	92	0.662	2.991E-19	710	777	778	16355	16558	204	16340	16558
393405494	1	98	1.135E-18	3	13325	14895	314	139	0.628	3.846E-34	34	144	420	13325	13654	330	13283	13744
393405494	1	98	1.135E-18	3	13325	14895	325	64	0.624	2.583E-09	215	264	420	14049	14198	150	13995	14234
393405494	1	98	1.135E-18	3	13325	14895	339	53	0.405	3.157E-05	355	419	420	14683	14895	213	14665	14940
393698520	1	377	1.169E-102	5	14212	15583	327	39	0.616	2.705E-01	215	244	565	14212	14301	90	14182	14319
393698520	1	377	1.169E-102	5	14212	15583	334	86	0.577	2.343E-16	245	319	565	14378	14602	225	14339	14683
393698520	1	377	1.169E-102	5	14212	15583	339	69	0.489	9.777E-11	326	398	565	14683	14898	216	14665	14940
393698520	1	377	1.169E-102	5	14212	15583	346	103	0.644	7.425E-23	401	479	565	14976	15212	237	14961	15215
393698520	1	377	1.169E-102	5	14212	15583	356	89	0.695	5.306E-18	473	534	565	15398	15583	186	15374	15613
406922822	1	267	1.517E-69	8	13334	16546	314	128	0.607	3.584E-30	41	145	787	13334	13651	318	13283	13744
406922822	1	267	1.517E-69	8	13334	16546	316	49	0.743	9.373E-05	141	171	787	13707	13799	93	13653	13811
406922822	1	267	1.517E-69	8	13334	16546	327	32	0.724	8.883E+01	247	266	787	14242	14301	60	14182	14319
406922822	1	267	1.517E-69	8	13334	16546	339	48	0.383	2.672E-03	351	417	787	14695	14898	204	14665	14940
406922822	1	267	1.517E-69	8	13334	16546	346	82	0.535	2.027E-15	420	496	787	14976	15209	234	14961	15215
406922822	1	267	1.517E-69	8	13334	16546	356	86	0.664	6.717E-17	491	553	787	15398	15586	189	15374	15613
406922822	1	267	1.517E-69	8	13334	16546	369	61	0.749	1.752E-08	618	655	787	15927	16040	114	15927	16106
406922822	1	267	1.517E-69	8	13334	16546	378	62	0.495	1.261E-08	714	776	787	16355	16546	192	16340	16558
407620472	1	268	7.587E-70	8	13334	16546	314	127	0.604	6.731E-30	41	145	787	13334	13651	318	13283	13744
407620472	1	268	7.587E-70	8	13334	16546	316	49	0.788	9.373E-05	143	171	787	13713	13799	87	13653	13811
407620472	1	268	7.587E-70	8	13334	16546	327	34	0.767	1.771E+01	247	266	787	14242	14301	60	14182	14319
407620472	1	268	7.587E-70	8	13334	16546	339	51	0.403	2.116E-04	351	417	787	14695	14898	204	14665	14940
407620472	1	268	7.587E-70	8	13334	16546	346	83	0.544	5.700E-16	420	496	787	14976	15209	234	14961	15215
407620472	1	268	7.587E-70	8	13334	16546	356	85	0.661	9.225E-17	491	553	787	15398	15586	189	15374	15613
407620472	1	268	7.587E-70	8	13334	16546	369	57	0.713	2.244E-07	618	655	787	15927	16040	114	15927	16106
407620472	1	268	7.587E-70	8	13334	16546	378	61	0.487	3.275E-08	714	776	787	16355	16546	192	16340	16558
407663112	1	363	1.915E-98	9	13325	16303	314	136	0.620	6.563E-33	173	282	921	13325	13651	327	13283	13744
407663112	1	363	1.915E-98	9	13325	16303	316	47	0.776	6.385E-04	281	308	921	13716	13799	84	13653	13811
407663112	1	363	1.915E-98	9	13325	16303	319	59	0.658	3.063E-08	308	350	921	13854	13982	129	13854	13991
407663112	1	363	1.915E-98	9	13325	16303	325	62	0.846	1.266E-08	350	383	921	14049	14150	102	13995	14234
407663112	1	363	1.915E-98	9	13325	16303	327	37	0.588	1.349E+00	373	402	921	14212	14301	90	14182	14319
407663112	1	363	1.915E-98	9	13325	16303	334	60	0.411	3.590E-07	403	480	921	14378	14614	237	14339	14683
407663112	1	363	1.915E-98	9	13325	16303	363	63	0.536	3.312E-09	696	753	921	15653	15829	177	15647	15841
407663112	1	363	1.915E-98	9	13325	16303	369	50	0.709	9.647E-05	759	791	921	15942	16040	99	15927	16106
407663112	1	363	1.915E-98	9	13325	16303	373	68	0.514	6.821E-11	792	859	921	16109	16303	195	16085	16315
407951558	1	139	5.163E-31	1	13325	13648	314	139	0.636	5.271E-34	35	143	171	13325	13648	324	13283	13744
436511337	1	166	3.847E-39	2	14976	15586	346	87	0.561	4.506E-17	5	81	243	14976	15209	234	14961	15215
436511337	1	166	3.847E-39	2	14976	15586	356	84	0.653	2.390E-16	76	138	243	15398	15586	189	15374	15613
436777790	1	269	3.793E-70	8	13298	16546	314	139	0.595	7.225E-34	29	146	781	13298	13651	354	13283	13744
436777790	1	269	3.793E-70	8	13298	16546	316	51	0.837	2.610E-05	145	172	781	13716	13799	84	13653	13811
436777790	1	269	3.793E-70	8	13298	16546	327	36	0.576	2.566E+00	238	267	781	14212	14301	90	14182	14319
436777790	1	269	3.793E-70	8	13298	16546	334	60	0.386	3.590E-07	253	336	781	14339	14596	258	14339	14683
436777790	1	269	3.793E-70	8	13298	16546	339	49	0.390	1.033E-03	351	417	781	14695	14898	204	14665	14940
436777790	1	269	3.793E-70	8	13298	16546	356	91	0.701	7.909E-19	490	552	781	15398	15586	189	15374	15613
436777790	1	269	3.793E-70	8	13298	16546	369	59	0.727	8.622E-08	620	657	781	15927	16040	114	15927	16106
436777790	1	269	3.793E-70	8	13298	16546	378	64	0.510	1.869E-09	716	778	781	16355	16546	192	16340	16558
451008425	1	304	1.104E-80	8	13382	16558	314	130	0.707	5.412E-31	52	141	898	13382	13651	270	13283	13744
451008425	1	304	1.104E-80	8	13382	16558	316	49	0.813	9.373E-05	140	167	898	13716	13799	84	13653	13811
451008425	1	304	1.104E-80	8	13382	16558	327	33	0.530	3.375E+01	233	262	898	14212	14301	90	14182	14319
451008425	1	304	1.104E-80	8	13382	16558	334	63	0.412	2.884E-08	263	343	898	14378	14626	249	14339	14683
451008425	1	304	1.104E-80	8	13382	16558	346	90	0.561	3.564E-18	415	494	898	14973	15215	243	14961	15215
451008425	1	304	1.104E-80	8	13382	16558	356	84	0.653	2.390E-16	487	549	898	15398	15586	189	15374	15613
451008425	1	304	1.104E-80	8	13382	16558	369	55	0.682	2.093E-06	614	651	898	15927	16040	114	15927	16106
451008425	1	304	1.104E-80	8	13382	16558	378	56	0.435	1.493E-06	711	777	898	16355	16558	204	16340	16558
451082026	1	55	9.988E-06	1	14046	14147	325	55	0.751	5.321E-06	8	41	42	14046	14147	102	13995	14234
451097180	1	405	4.355E-111	9	13307	16546	314	133	0.587	5.960E-32	26	140	786	13307	13651	345	13283	13744
451097180	1	405	4.355E-111	9	13307	16546	316	57	0.853	1.579E-07	136	166	786	13707	13799	93	13653	13811
451097180	1	405	4.355E-111	9	13307	16546	327	32	0.724	8.883E+01	242	261	786	14242	14301	60	14182	14319
451097180	1	405	4.355E-111	9	13307	16546	334	69	0.453	1.853E-10	262	339	786	14378	14620	243	14339	14683
451097180	1	405	4.355E-111	9	13307	16546	346	92	0.591	5.317E-19	418	494	786	14976	15209	234	14961	15215
451097180	1	405	4.355E-111	9	13307	16546	356	78	0.605	2.793E-14	489	552	786	15398	15589	192	15374	15613
451097180	1	405	4.355E-111	9	13307	16546	363	56	0.562	1.025E-06	569	617	786	15686	15832	147	15647	15841
451097180	1	405	4.355E-111	9	13307	16546	369	51	0.706	3.701E-05	620	653	786	15939	16040	102	15927	16106
451097180	1	405	4.355E-111	9	13307	16546	378	68	0.534	1.068E-10	719	781	786	16355	16546	192	16340	16558
451306843	1	465	3.777E-129	10	13304	16555	314	137	0.597	2.549E-33	53	168	857	13304	13651	348	13283	13744
451306843	1	465	3.777E-129	10	13304	16555	316	40	0.666	2.039E-01	167	194	857	13716	13799	84	13653	13811
451306843	1	465	3.777E-129	10	13304	16555	319	62	0.685	3.287E-09	194	236	857	13854	13982	129	13854	13991
451306843	1	465	3.777E-129	10	13304	16555	325	69	0.932	5.705E-11	236	269	857	14049	14150	102	13995	14234
451306843	1	465	3.777E-129	10	13304	16555	327	37	0.588	1.349E+00	259	288	857	14212	14301	90	14182	14319
451306843	1	465	3.777E-129	10	13304	16555	334	81	0.528	1.039E-14	289	366	857	14378	14614	237	14339	14683
451306843	1	465	3.777E-129	10	13304	16555	363	82	0.726	7.764E-16	632	685	857	15671	15832	162	15647	15841
451306843	1	465	3.777E-129	10	13304	16555	369	64	0.789	9.960E-10	685	722	857	15927	16040	114	15927	16106
451306843	1	465	3.777E-129	10	13304	16555	373	76	0.579	2.240E-13	723	787	857	16109	16291	183	16085	16315
451306843	1	465	3.777E-129	10	13304	16555	378	79	0.590	7.724E-15	789	855	857	16355	16555	201	16340	16558
451339223	1	258	7.769E-67	8	13307	16537	314	129	0.573	1.393E-30	38	151	788	13307	13651	345	13283	13744
451339223	1	258	7.769E-67	8	13307	16537	316	57	0.842	2.988E-07	147	177	788	13707	13799	93	13653	13811
451339223	1	258	7.769E-67	8	13307	16537	327	33	0.732	6.433E+01	253	272	788	14242	14301	60	14182	14319
451339223	1	258	7.769E-67	8	13307	16537	339	51	0.403	2.116E-04	356	422	788	14695	14898	204	14665	14940
451339223	1	258	7.769E-67	8	13307	16537	346	84	0.548	3.022E-16	425	501	788	14976	15209	234	14961	15215
451339223	1	258	7.769E-67	8	13307	16537	356	83	0.634	8.506E-16	496	559	788	15398	15589	192	15374	15613
451339223	1	258	7.769E-67	8	13307	16537	369	49	0.698	1.828E-04	629	661	788	15942	16040	99	15927	16106
451339223	1	258	7.769E-67	8	13307	16537	378	59	0.497	8.508E-08	722	780	788	16355	16537	183	16340	16558
451456981	1	333	2.056E-89	7	13334	15832	314	134	0.629	4.349E-32	33	138	787	13334	13651	318	13283	13744
451456981	1	333	2.056E-89	7	13334	15832	316	56	0.837	4.111E-07	134	164	787	13707	13799	93	13653	13811
451456981	1	333	2.056E-89	7	13334	15832	327	33	0.732	6.433E+01	240	259	787	14242	14301	60	14182	14319
451456981	1	333	2.056E-89	7	13334	15832	334	63	0.410	3.953E-08	260	339	787	14378	14626	249	14339	14683
451456981	1	333	2.056E-89	7	13334	15832	339	47	0.360	5.037E-03	338	410	787	14686	14898	213	14665	14940
451456981	1	333	2.056E-89	7	13334	15832	346	87	0.563	3.281E-17	413	489	787	14976	15209	234	14961	15215
451456981	1	333	2.056E-89	7	13334	15832	363	59	0.571	8.005E-08	562	612	787	15680	15832	153	15647	15841
451917124	1	502	2.748E-140	7	14378	16558	334	85	0.545	8.292E-16	40	116	556	14378	14614	237	14339	14683
451917124	1	502	2.748E-140	7	14378	16558	339	81	0.661	3.835E-15	132	191	556	14719	14898	180	14665	14940
451917124	1	502	2.748E-140	7	14378	16558	356	82	0.637	1.605E-15	264	326	556	15398	15586	189	15374	15613
451917124	1	502	2.748E-140	7	14378	16558	363	102	0.810	5.258E-23	329	388	556	15653	15832	180	15647	15841
451917124	1	502	2.748E-140	7	14378	16558	369	70	0.873	1.155E-11	388	424	556	15927	16037	111	15927	16106
451917124	1	502	2.748E-140	7	14378	16558	373	91	0.696	1.292E-18	426	488	556	16109	16297	189	16085	16315
451917124	1	502	2.748E-140	7	14378	16558	378	72	0.536	3.233E-12	488	555	556	16355	16558	204	16340	16558
 