156059460	1	14296	245905662	1	14281
156059460	1	14296	302703215	1	14281
156059460	1	14296	376619304	1	14293
156059460	1	14296	156059460	1	14296
156059460	1	14296	433380188	1	14296
156059460	1	14296	116153656	1	14296
156059460	1	14296	109146403	1	14296
156059460	1	14296	318812698	1	14296
156059460	1	14296	126689208	1	14296
156059460	1	14296	277313649	1	14296
156059460	1	14296	306634415	1	14296
156059460	1	14296	320686741	1	14296
156059460	1	14296	285801203	1	14296
156059460	1	14296	263008734	1	14296
156059460	1	14296	332394860	1	14296
156059460	1	14296	189838918	1	14296
156059460	1	14296	437204317	1	14296
156059460	1	14296	42090989	1	14296
156059460	1	14296	256196127	1	14296
156059460	1	14296	29961300	1	14299
156059460	1	14296	462590814	1	14299
156059460	1	14296	349987885	1	14299
156059460	1	14296	262731477	1	14299
156059460	1	14296	393605127	1	14299
156059460	1	14296	128576008	1	14299
156059460	1	14296	346433239	1	14299
156059460	1	14296	393500591	1	14299
156059460	1	14296	362429517	1	14299
156059460	1	14296	197823108	1	14299
156059460	1	14296	67056233	1	14299
156059460	1	14296	292099094	1	14299
156059460	1	14296	97435286	1	14299
156059460	1	14296	15564838	1	14299
156059460	1	14296	96561711	1	14299
156059460	1	14296	437422104	1	14299
156059460	1	14296	161132261	1	14299
156059460	1	14296	393924938	1	14305
156059460	1	14296	24510959	1	14305
156059460	1	14296	262903012	1	14305
156059460	1	14296	175316019	1	14305
156059460	1	14296	422880224	1	14305
156059460	1	14296	393421219	1	14305
156059460	1	14296	152683791	1	14305
156059460	1	14296	184240125	1	14305
156059460	1	14296	82680890	1	14305
156059460	1	14296	132049609	1	14305
156059460	1	14296	73883121	1	14305
156059460	1	14296	51958402	1	14305
156059460	1	14296	443221827	1	14305
156059460	1	14296	131759772	1	14305
156059460	1	14296	291757331	1	14305
156059460	1	14296	451686449	1	14308
156059460	1	14296	374869337	1	14308
156059460	1	14296	71518777	1	14308
156059460	1	14296	12398443	1	14308
156059460	1	14296	450382260	1	14308
156059460	1	14296	344672254	1	14308
156059460	1	14296	44839125	1	14308
156059460	1	14296	248086174	1	14308
156059460	1	14296	15451783	1	14308
156059460	1	14296	350301009	1	14311
156059460	1	14296	306675735	1	14311
156059460	1	14296	400271771	1	14311
156059460	1	14296	99515832	1	14311
156059460	1	14296	389935491	1	14311
156059460	1	14296	131879660	1	14311
156059460	1	14296	287597883	1	14314
156059460	1	14296	418773446	1	14314
156059460	1	14296	204711896	1	14314
156059460	1	14296	172369426	1	14314
156059460	1	14296	188108781	1	14317
156059460	1	14296	360946966	1	14320
156059460	1	14296	56922180	1	14323
156059460	1	14296	175316523	1	14323
156059460	1	14296	390143739	1	14323
156059460	1	14296	332928379	1	14323
156059460	1	14296	28952377	1	14323
156059460	1	14296	15565150	1	14323
156059460	1	14296	335326200	1	14326
156059460	1	14296	170501173	1	14326
156059460	1	14296	167702371	1	14326
156059460	1	14296	393797348	1	14329
156059460	1	14296	216456782	1	14329
156059460	1	14296	321081235	1	14329
156059460	1	14296	168762260	1	14329
156059460	1	14296	88099726	1	14329
156059460	1	14296	270323623	1	14329
156059460	1	14296	190245651	1	14329
156059460	1	14296	132141703	1	14329
156059460	1	14296	358675112	1	14329
156059460	1	14296	421259972	1	14329
156059460	1	14296	960085	1	14329
156059460	1	14296	117561073	1	14329
156059460	1	14296	59389132	1	14329
156059460	1	14296	452071270	1	14329
156059460	1	14296	175727329	1	14329
156059460	1	14296	161185561	1	14329
156059460	1	14296	320931757	1	14329
156059460	1	14296	416704676	1	14329
156059460	1	14296	291722202	1	14329
156059460	1	14296	291854810	1	14329
156059460	1	14296	190023048	1	14329
156059460	1	14296	451770899	1	14329
156059460	1	14296	190023421	1	14329
156059460	1	14296	388008614	1	14329
156059460	1	14296	320794148	1	14329
156059460	1	14296	68834457	1	14329
156059460	1	14296	59451959	1	14329
156059460	1	14296	131897651	1	14329
156059460	1	14296	408144031	1	14329
156059460	1	14296	160960419	1	14329
156059460	1	14296	335556061	1	14329
156059460	1	14296	39616391	1	14329
156059460	1	14296	98546851	1	14329
156059460	1	14296	299532250	1	14329
156059460	1	14296	140152991	1	14329
156059460	1	14296	241850489	1	14329
156059460	1	14296	408121269	1	14329
156059460	1	14296	433343361	1	14329
156059460	1	14296	275277594	1	14329
156059460	1	14296	450635373	1	14329
156059460	1	14296	364495680	1	14329
156059460	1	14296	113948168	1	14329
156059460	1	14296	145416887	1	14329
156059460	1	14296	161236886	1	14329
156059460	1	14296	10049088	1	14329
156059460	1	14296	211914603	1	14329
156059460	1	14296	459292157	1	14329
156059460	1	14296	356447499	1	14329
156059460	1	14296	335240869	1	14329
156059460	1	14296	239914965	1	14329
156059460	1	14296	378867279	1	14329
156059460	1	14296	204795130	1	14329
156059460	1	14296	95397026	1	14332
156059460	1	14296	58058895	1	14332
156059460	1	14296	271645586	1	14332
156059460	1	14296	304755841	1	14332
156059460	1	14296	27384408	1	14332
156059460	1	14296	422509027	1	14335
156059460	1	14296	233945352	1	14341
156059460	1	14296	247991333	1	14341
156059460	1	14296	59368909	1	14341
156059460	1	14296	98639876	1	14341
156059460	1	14296	335480266	1	14341
156059460	1	14296	241932064	1	14341
156059460	1	14296	190154799	1	14341
156059460	1	14296	41525203	1	14344
156059460	1	14296	103093670	1	14347
156059460	1	14296	131692180	1	14347
156059460	1	14296	219129272	1	14347
156059460	1	14296	275262285	1	14362
156059460	1	14296	15801915	1	14362
156059460	1	14296	73621979	1	14362
156059460	1	14296	57917325	1	14392
156059460	1	14296	437187163	1	14392
156059460	1	14296	141729143	1	14392
156059460	1	14296	408072756	1	14392
156059460	1	14296	258269622	1	14392
156059460	1	14296	445447122	1	14392
156059460	1	14296	44754644	1	14392
156059460	1	14296	347236189	1	14392
156059460	1	14296	139541417	1	14392
156059460	1	14296	437019490	1	14392
156059460	1	14296	292075549	1	14434
156059460	1	14296	298894237	1	14488
156059460	1	14296	446749754	1	14488
156059460	1	14296	254436857	1	14823
156059460	1	14296	123504740	1	14823
156059460	1	14296	44853548	1	14823
156059460	1	14296	232564084	1	14841
156059460	1	14296	361593518	1	14841
156059460	1	14296	444131250	1	14841
156059460	1	14296	349811512	1	14841
156059460	1	14296	214844911	1	14841
156059460	1	14296	15809304	1	14841
156059460	1	14296	263030288	1	14841
156059460	1	14296	444396683	1	14841
156059460	1	14296	850266	1	14841
156059460	1	14296	37385966	1	14841
156059460	1	14296	117558343	1	14844
156059460	1	14296	232048828	1	14844
156059460	1	14296	30362584	1	14844
156059460	1	14296	101161748	1	14844
156059460	1	14296	271269003	1	14844
156059460	1	14296	299263110	1	14844
156059460	1	14296	374415352	1	14844
156059460	1	14296	187827776	1	14844
156059460	1	14296	88332871	1	14844
156059460	1	14296	422729445	1	14844
156059460	1	14296	277124983	1	14844
156059460	1	14296	344062109	1	14844
156059460	1	14296	139448151	1	14844
156059460	1	14296	15498254	1	14844
156059460	1	14296	42432510	1	14844
156059460	1	14296	400782749	1	14844
156059460	1	14296	70413756	1	14844
156059460	1	14296	124733213	1	14844
156059460	1	14296	233479150	1	14844
156059460	1	14296	59192568	1	14844
156059460	1	14296	306350684	1	14844
156059460	1	14296	350206675	1	14844
156059460	1	14296	175701082	1	14844
156059460	1	14296	248444022	1	14844
156059460	1	14296	44881089	1	14844
156059460	1	14296	73838954	1	14844
156059460	1	14296	41690052	1	14844
156059460	1	14296	378881329	1	14844
156059460	1	14296	386980683	1	14844
156059460	1	14296	138495834	1	14844
156059460	1	14296	202155538	1	14844
156059460	1	14296	300594460	1	14844
156059460	1	14296	375021222	1	14844
156059460	1	14296	389449261	1	14844
156059460	1	14296	364643874	1	14844
156059460	1	14296	123992903	1	14844
156059460	1	14296	131986752	1	14847
156059460	1	14296	132111892	1	14853
156059460	1	14296	95068767	1	14859
156059460	1	14296	189858068	1	14859
156059460	1	14296	129766718	1	14859
156059460	1	14296	379090002	1	14859
156059460	1	14296	393925430	1	14859
156059460	1	14296	393665855	1	14859
156059460	1	14296	292051914	1	14859
156059460	1	14296	408280904	1	14859
156059460	1	14296	146683824	1	14859
156059460	1	14296	262751541	1	14859
156059460	1	14296	189843036	1	14859
156059460	1	14296	401411631	1	14859
156059460	1	14296	364822048	1	14859
156059460	1	14296	242188231	1	14859
156059460	1	14296	364603082	1	14859
156059460	1	14296	214957097	1	14859
156059460	1	14296	229114950	1	14859
156059460	1	14296	242120814	1	14859
156059460	1	14296	320923889	1	14859
156059460	1	14296	291840921	1	14859
156059460	1	14296	405595535	1	14859
156059460	1	14296	102715077	1	14859
156059460	1	14296	403229524	1	14859
156059460	1	14296	286463168	1	14859
156059460	1	14296	161106470	1	14859
156059460	1	14296	204731300	1	14859
156059460	1	14296	175774130	1	14859
156059460	1	14296	404981649	1	14859
156059460	1	14296	1148837	1	14859
156059460	1	14296	30231883	1	14859
156059460	1	14296	161106575	1	14859
156059460	1	14296	269511580	1	14859
156059460	1	14296	30232343	1	14859
156059460	1	14296	190190000	1	14859
156059460	1	14296	262897485	1	14859
156059460	1	14296	59315355	1	14859
156059460	1	14296	146564495	1	14859
156059460	1	14296	379230220	1	14859
156059460	1	14296	1148903	1	14859
156059460	1	14296	73856792	1	14859
156059460	1	14296	277438817	1	14859
156059460	1	14296	422854632	1	14859
156059460	1	14296	451937925	1	14859
156059460	1	14296	262897142	1	14859
156059460	1	14296	291980762	1	14859
156059460	1	14296	437360269	1	14859
156059460	1	14296	451938012	1	14859
156059460	1	14296	378990303	1	14859
156059460	1	14296	437366746	1	14862
156059460	1	14296	291601097	1	14862
156059460	1	14296	190189915	1	14874
156059460	1	14296	146570734	1	14874
156059460	1	14296	82986287	1	14877
156059460	1	14296	28428954	1	14877
156059460	1	14296	228706511	1	14877
156059460	1	14296	422687961	1	14877
156059460	1	14296	174034546	1	14877
156059460	1	14296	277349598	1	14880
156059460	1	14296	335758749	1	14880
156059460	1	14296	451955700	1	14880
156059460	1	14296	28129876	1	14880
156059460	1	14296	85366453	1	14883
156059460	1	14296	57232566	1	14886
156059460	1	14296	270561981	1	14886
156059460	1	14296	306282164	1	15018
156059460	1	14296	219032567	1	15045
156059460	1	14296	417197911	1	15045
156059460	1	14296	349006402	1	15389
156059460	1	14296	59314990	1	15389
156059460	1	14296	437043115	1	15389
156059460	1	14296	437396290	1	15389
156059460	1	14296	161143948	1	15389
156059460	1	14296	317445186	1	15389
156059460	1	14296	88434848	1	15389
156059460	1	14296	117349403	1	15389
156059460	1	14296	335382158	1	15389
156059460	1	14296	154081017	1	15392
156059460	1	14296	320839949	1	15392
156059460	1	14296	364371809	1	15858
156059460	1	14296	186145441	1	16027
156059460	1	14296	117618539	1	16027
156059460	1	14296	59138041	1	16033
156059460	1	14296	319442513	1	16033
156059460	1	14296	190242763	1	16036
156059460	1	14296	146400973	1	16036
156059460	1	14296	248190385	1	16036
156059460	1	14296	233669305	1	16144
156059460	1	14296	259578041	1	16231
156059460	1	14296	70121046	1	16249
156059460	1	14296	243262700	1	16309
156059460	1	14296	117316807	1	16315
156059460	1	14296	408149728	1	16321
156059460	1	14296	364711049	1	16435
156059460	1	14296	272471374	1	16827
156059460	1	14296	393508419	1	16827
156059460	1	14296	408279541	1	16827
156059460	1	14296	248307249	1	16830
156059460	1	14296	277173451	1	16830
277155962	1	33750	451796370	1	33547
277155962	1	33750	146619946	1	33547
277155962	1	33750	146551644	1	33547
277155962	1	33750	364650788	1	33738
277155962	1	33750	30031844	1	33738
277155962	1	33750	277155962	1	33750
277155962	1	33750	422593602	1	33750
277155962	1	33750	73595612	1	33750
277155962	1	33750	44490602	1	33750
277155962	1	33750	16571437	1	33750
277155962	1	33750	409177524	1	33750
277155962	1	33750	45640689	1	33750
146284702	1	33757	146284702	1	33757
146284702	1	33757	118234046	1	34134
146284702	1	33757	233365360	1	34134
146284702	1	33757	73999805	1	34137
146284702	1	33757	365503279	1	34137
146284702	1	33757	379827968	1	34206
306600350	1	34240	59199745	1	34216
306600350	1	34240	306600350	1	34240
170412853	1	36621	371508402	1	36594
170412853	1	36621	8511443	1	36594
170412853	1	36621	447087715	1	36594
170412853	1	36621	240180915	1	36594
170412853	1	36621	377568145	1	36594
170412853	1	36621	364459439	1	36594
170412853	1	36621	1160611	1	36609
170412853	1	36621	451808588	1	36612
170412853	1	36621	132123948	1	36612
170412853	1	36621	393922906	1	36615
170412853	1	36621	274138899	1	36618
170412853	1	36621	417245432	1	36618
170412853	1	36621	196038873	1	36618
170412853	1	36621	818036	1	36618
170412853	1	36621	390833545	1	36618
170412853	1	36621	170412853	1	36621
170412853	1	36621	355883056	1	36621
170412853	1	36621	422729408	1	36621
170412853	1	36621	172824088	1	36621
170412853	1	36621	393436340	1	36621
170412853	1	36621	422973875	1	36621
170412853	1	36621	333033722	1	36621
170412853	1	36621	393602304	1	36621
170412853	1	36621	56328123	1	36621
170412853	1	36621	450792520	1	36621
170412853	1	36621	350272962	1	36621
170412853	1	36621	796124	1	36621
170412853	1	36621	161237339	1	36621
170412853	1	36621	36572670	1	36621
170412853	1	36621	449629940	1	36621
170412853	1	36621	313741384	1	36624
170412853	1	36621	201008090	1	36624
170412853	1	36621	7969167	1	36624
170412853	1	36621	114224176	1	36624
170412853	1	36621	175522662	1	36624
170412853	1	36621	314957285	1	36624
170412853	1	36621	802226	1	36624
170412853	1	36621	429575162	1	36624
170412853	1	36621	462188626	1	36624
170412853	1	36621	302472793	1	36630
170412853	1	36621	291650477	1	36636
170412853	1	36621	196092872	1	36636
170412853	1	36621	59063863	1	36639
170412853	1	36621	350010368	1	36639
170412853	1	36621	59017327	1	36639
170412853	1	36621	182429291	1	36639
170412853	1	36621	161259731	1	36639
170412853	1	36621	59284870	1	36639
170412853	1	36621	44584376	1	36639
170412853	1	36621	233870197	1	36639
170412853	1	36621	68197956	1	36639
170412853	1	36621	88293180	1	36639
170412853	1	36621	9460168	1	36639
170412853	1	36621	292051900	1	36639
170412853	1	36621	390283667	1	36639
170412853	1	36621	70998123	1	36639
170412853	1	36621	15432059	1	36639
170412853	1	36621	68122459	1	36639
170412853	1	36621	141324799	1	36639
170412853	1	36621	204591059	1	36639
170412853	1	36621	335412969	1	36639
170412853	1	36621	144886885	1	36639
170412853	1	36621	160834812	1	36639
170412853	1	36621	175665861	1	36639
170412853	1	36621	462870910	1	36639
170412853	1	36621	273977797	1	36639
170412853	1	36621	130345306	1	36639
170412853	1	36621	195982084	1	36639
170412853	1	36621	256653243	1	36639
170412853	1	36621	350283850	1	36639
170412853	1	36621	330222196	1	36639
170412853	1	36621	343012146	1	36639
170412853	1	36621	57104991	1	36639
170412853	1	36621	244361294	1	36639
170412853	1	36621	393476216	1	36639
170412853	1	36621	451986813	1	36639
170412853	1	36621	393649170	1	36639
170412853	1	36621	160757539	1	36642
170412853	1	36621	327244529	1	36645
170412853	1	36621	216363510	1	36645
170412853	1	36621	189991227	1	36645
170412853	1	36621	73820601	1	36645
170412853	1	36621	117356110	1	36645
170412853	1	36621	335692708	1	36645
170412853	1	36621	437031742	1	36645
170412853	1	36621	379283578	1	36645
170412853	1	36621	173212384	1	36645
170412853	1	36621	142297402	1	36645
170412853	1	36621	161112558	1	36645
170412853	1	36621	316038431	1	36645
170412853	1	36621	59225852	1	36645
170412853	1	36621	117202335	1	36645
170412853	1	36621	168287974	1	36645
170412853	1	36621	414885108	1	36645
170412853	1	36621	219403916	1	36645
170412853	1	36621	317924656	1	36645
170412853	1	36621	98981602	1	36645
170412853	1	36621	291944110	1	36645
170412853	1	36621	356672017	1	36645
170412853	1	36621	83047381	1	36648
170412853	1	36621	349984092	1	36648
170412853	1	36621	51105386	1	36648
170412853	1	36621	54199722	1	36648
170412853	1	36621	297754774	1	36648
170412853	1	36621	451955632	1	36648
170412853	1	36621	219134461	1	36648
170412853	1	36621	233547128	1	36648
170412853	1	36621	321127012	1	36648
170412853	1	36621	233840808	1	36648
170412853	1	36621	126077180	1	36648
170412853	1	36621	233728597	1	36648
170412853	1	36621	144340338	1	36648
170412853	1	36621	437402012	1	36648
170412853	1	36621	101173779	1	36648
170412853	1	36621	393406794	1	36648
170412853	1	36621	377459689	1	36648
170412853	1	36621	298818058	1	36648
170412853	1	36621	372371435	1	36648
170412853	1	36621	117338435	1	36648
170412853	1	36621	248361376	1	36648
170412853	1	36621	449477998	1	36648
170412853	1	36621	248137444	1	36648
170412853	1	36621	360230151	1	36648
170412853	1	36621	414390262	1	36648
170412853	1	36621	15417913	1	36648
170412853	1	36621	335576360	1	36648
170412853	1	36621	39987789	1	36648
170412853	1	36621	204490641	1	36648
170412853	1	36621	292006326	1	36648
170412853	1	36621	146204453	1	36648
170412853	1	36621	379258841	1	36648
170412853	1	36621	306227533	1	36648
170412853	1	36621	24227769	1	36648
170412853	1	36621	142004810	1	36648
170412853	1	36621	303522424	1	36648
170412853	1	36621	272591282	1	36648
170412853	1	36621	117531003	1	36648
170412853	1	36621	15778778	1	36648
170412853	1	36621	44861549	1	36648
170412853	1	36621	241051725	1	36651
170412853	1	36621	59183255	1	36651
170412853	1	36621	306585643	1	36651
170412853	1	36621	153457948	1	36651
170412853	1	36621	100327091	1	36651
170412853	1	36621	422683556	1	36651
170412853	1	36621	437190652	1	36651
170412853	1	36621	298221341	1	36651
170412853	1	36621	404754951	1	36651
170412853	1	36621	51169141	1	36651
170412853	1	36621	451558012	1	36651
170412853	1	36621	447209071	1	36654
170412853	1	36621	161207924	1	36654
170412853	1	36621	143473593	1	36654
170412853	1	36621	263016121	1	36654
170412853	1	36621	319328779	1	36657
170412853	1	36621	406125775	1	36657
170412853	1	36621	130315445	1	36657
170412853	1	36621	414925150	1	36657
170412853	1	36621	81258523	1	36657
170412853	1	36621	262635784	1	36657
170412853	1	36621	126049543	1	36657
170412853	1	36621	285673481	1	36657
170412853	1	36621	200950664	1	36657
170412853	1	36621	100451991	1	36657
170412853	1	36621	138286196	1	36657
170412853	1	36621	140794310	1	36657
170412853	1	36621	248486441	1	36657
170412853	1	36621	186179941	1	36657
170412853	1	36621	219403325	1	36657
170412853	1	36621	96946246	1	36657
170412853	1	36621	183933975	1	36657
170412853	1	36621	175666047	1	36657
170412853	1	36621	262979296	1	36657
170412853	1	36621	464791550	1	36657
170412853	1	36621	275509958	1	36657
170412853	1	36621	188256755	1	36657
170412853	1	36621	402987937	1	36657
170412853	1	36621	379172745	1	36657
170412853	1	36621	408393259	1	36657
170412853	1	36621	422931460	1	36657
170412853	1	36621	313208072	1	36657
170412853	1	36621	291718812	1	36660
170412853	1	36621	233870738	1	36660
170412853	1	36621	38016616	1	36660
170412853	1	36621	306628735	1	36660
170412853	1	36621	407934008	1	36660
170412853	1	36621	94163895	1	36660
170412853	1	36621	408395207	1	36660
170412853	1	36621	401526044	1	36660
170412853	1	36621	146564628	1	36660
170412853	1	36621	437322377	1	36660
170412853	1	36621	88552260	1	36660
170412853	1	36621	292051760	1	36660
170412853	1	36621	97146637	1	36660
170412853	1	36621	160883909	1	36660
170412853	1	36621	88111067	1	36660
170412853	1	36621	464048390	1	36660
170412853	1	36621	82319949	1	36660
170412853	1	36621	408466743	1	36663
170412853	1	36621	277310237	1	36663
170412853	1	36621	376741429	1	36663
170412853	1	36621	219215681	1	36663
170412853	1	36621	230335060	1	36663
170412853	1	36621	388430909	1	36663
170412853	1	36621	422570607	1	36663
170412853	1	36621	362539588	1	36663
170412853	1	36621	437496931	1	36663
170412853	1	36621	445002207	1	36663
170412853	1	36621	219326106	1	36663
170412853	1	36621	335480173	1	36663
170412853	1	36621	26666432	1	36663
170412853	1	36621	27993427	1	36663
170412853	1	36621	71855131	1	36663
170412853	1	36621	23531486	1	36663
170412853	1	36621	289480706	1	36663
170412853	1	36621	330588761	1	36663
170412853	1	36621	41655950	1	36663
170412853	1	36621	200325450	1	36663
170412853	1	36621	211333260	1	36663
170412853	1	36621	184751121	1	36663
170412853	1	36621	95764991	1	36663
170412853	1	36621	153548352	1	36663
170412853	1	36621	184500913	1	36663
170412853	1	36621	69411778	1	36663
170412853	1	36621	139312861	1	36663
170412853	1	36621	271671983	1	36663
170412853	1	36621	335427439	1	36663
170412853	1	36621	403010838	1	36663
170412853	1	36621	403252510	1	36663
170412853	1	36621	254927241	1	36663
170412853	1	36621	320796788	1	36663
170412853	1	36621	431653225	1	36663
170412853	1	36621	286573335	1	36663
170412853	1	36621	204456117	1	36663
170412853	1	36621	58983804	1	36663
170412853	1	36621	126716592	1	36663
170412853	1	36621	140872022	1	36663
170412853	1	36621	321143763	1	36663
170412853	1	36621	86986206	1	36663
170412853	1	36621	219021725	1	36663
170412853	1	36621	402077585	1	36663
170412853	1	36621	437377480	1	36663
170412853	1	36621	451983273	1	36663
170412853	1	36621	41826479	1	36663
170412853	1	36621	15755786	1	36663
170412853	1	36621	342082411	1	36663
170412853	1	36621	12349663	1	36663
170412853	1	36621	59186406	1	36663
170412853	1	36621	226483467	1	36663
170412853	1	36621	364767681	1	36663
170412853	1	36621	97822807	1	36663
170412853	1	36621	101388346	1	36663
170412853	1	36621	464576037	1	36663
170412853	1	36621	341811898	1	36663
170412853	1	36621	204807580	1	36663
170412853	1	36621	197689707	1	36663
170412853	1	36621	274699299	1	36663
170412853	1	36621	401271826	1	36663
170412853	1	36621	41181056	1	36663
170412853	1	36621	432548391	1	36663
170412853	1	36621	175352506	1	36663
170412853	1	36621	39124608	1	36663
170412853	1	36621	169077735	1	36663
170412853	1	36621	233670974	1	36663
170412853	1	36621	277171494	1	36663
170412853	1	36621	422603632	1	36663
170412853	1	36621	393757168	1	36663
170412853	1	36621	199598181	1	36663
170412853	1	36621	422583334	1	36663
170412853	1	36621	102962723	1	36663
170412853	1	36621	158157708	1	36663
170412853	1	36621	233642750	1	36663
170412853	1	36621	242499047	1	36663
170412853	1	36621	445816083	1	36663
170412853	1	36621	102925775	1	36663
170412853	1	36621	286199617	1	36663
170412853	1	36621	393552356	1	36663
170412853	1	36621	401235538	1	36663
170412853	1	36621	408452933	1	36663
170412853	1	36621	36284774	1	36663
170412853	1	36621	204787385	1	36663
170412853	1	36621	182385710	1	36663
170412853	1	36621	248432675	1	36663
170412853	1	36621	331810259	1	36663
170412853	1	36621	400594938	1	36663
170412853	1	36621	129930992	1	36663
170412853	1	36621	55969692	1	36663
170412853	1	36621	130357751	1	36663
170412853	1	36621	408146973	1	36663
170412853	1	36621	15604767	1	36666
170412853	1	36621	14236783	1	36672
170412853	1	36621	1097578	1	36672
170412853	1	36621	15735860	1	36672
170412853	1	36621	403567869	1	36672
170412853	1	36621	175437935	1	36672
170412853	1	36621	374443951	1	36675
170412853	1	36621	11767033	1	36893
170412853	1	36621	224754028	1	36932
170412853	1	36621	57250633	1	36938
170412853	1	36621	378990642	1	36941
170412853	1	36621	224856075	1	36941
170412853	1	36621	422825201	1	36959
170412853	1	36621	320924042	1	36959
170412853	1	36621	50950623	1	36959
170412853	1	36621	51409928	1	36959
170412853	1	36621	312287877	1	36959
170412853	1	36621	372448498	1	36959
170412853	1	36621	146401633	1	36959
170412853	1	36621	306359675	1	37034
170412853	1	36621	217746632	1	37052
170412853	1	36621	204351316	1	37052
170412853	1	36621	59371107	1	37055
170412853	1	36621	44586872	1	37058
170412853	1	36621	158390998	1	37058
170412853	1	36621	73783112	1	37061
170412853	1	36621	255115517	1	37061
170412853	1	36621	57778581	1	37064
170412853	1	36621	379267375	1	37064
170412853	1	36621	320907503	1	37064
170412853	1	36621	335681434	1	37064
170412853	1	36621	88030994	1	37064
170412853	1	36621	146385376	1	37064
170412853	1	36621	190020432	1	37064
170412853	1	36621	1209094	1	37064
170412853	1	36621	461762769	1	37064
170412853	1	36621	219308378	1	37064
170412853	1	36621	59380012	1	37064
170412853	1	36621	44844764	1	37064
170412853	1	36621	306136627	1	37064
170412853	1	36621	414768076	1	37064
170412853	1	36621	88474444	1	37064
170412853	1	36621	328009214	1	37064
170412853	1	36621	59296201	1	37064
170412853	1	36621	73788105	1	37064
170412853	1	36621	175629001	1	37064
170412853	1	36621	415908440	1	37064
170412853	1	36621	96639290	1	37064
170412853	1	36621	404429911	1	37064
170412853	1	36621	175299076	1	37064
170412853	1	36621	204354356	1	37064
170412853	1	36621	291631797	1	37064
170412853	1	36621	317747836	1	37064
170412853	1	36621	408365847	1	37064
170412853	1	36621	15498180	1	37064
170412853	1	36621	85058384	1	37064
170412853	1	36621	404353456	1	37064
170412853	1	36621	146355914	1	37064
170412853	1	36621	204759773	1	37064
170412853	1	36621	362573339	1	37064
170412853	1	36621	437098131	1	37064
170412853	1	36621	463367011	1	37064
170412853	1	36621	140989108	1	37064
170412853	1	36621	306436898	1	37064
170412853	1	36621	73647449	1	37064
170412853	1	36621	211912608	1	37064
170412853	1	36621	233920826	1	37064
170412853	1	36621	277376085	1	37064
170412853	1	36621	44584676	1	37064
170412853	1	36621	138916606	1	37064
170412853	1	36621	408349956	1	37064
170412853	1	36621	437047651	1	37064
170412853	1	36621	146289964	1	37064
170412853	1	36621	233532645	1	37064
170412853	1	36621	248166695	1	37064
170412853	1	36621	333484594	1	37064
170412853	1	36621	335288105	1	37064
170412853	1	36621	355980373	1	37064
170412853	1	36621	391494076	1	37064
170412853	1	36621	269159306	1	37064
170412853	1	36621	306147375	1	37064
170412853	1	36621	37521911	1	37064
170412853	1	36621	102656428	1	37064
170412853	1	36621	364677011	1	37064
170412853	1	36621	377727903	1	37064
170412853	1	36621	274770571	1	37064
170412853	1	36621	59148255	1	37064
170412853	1	36621	110045821	1	37064
170412853	1	36621	248254301	1	37064
170412853	1	36621	451679088	1	37064
170412853	1	36621	22296480	1	37064
170412853	1	36621	204497176	1	37064
170412853	1	36621	346242984	1	37064
170412853	1	36621	175437830	1	37064
170412853	1	36621	262638350	1	37064
170412853	1	36621	27864021	1	37064
170412853	1	36621	146532416	1	37064
170412853	1	36621	374199186	1	37064
170412853	1	36621	428771346	1	37064
170412853	1	36621	227049844	1	37064
170412853	1	36621	254234502	1	37064
170412853	1	36621	271456323	1	37064
170412853	1	36621	312602181	1	37064
170412853	1	36621	376319775	1	37064
170412853	1	36621	95688172	1	37064
170412853	1	36621	248368661	1	37064
170412853	1	36621	274474705	1	37064
170412853	1	36621	102928671	1	37064
170412853	1	36621	158893035	1	37064
170412853	1	36621	390712108	1	37064
170412853	1	36621	271384575	1	37064
170412853	1	36621	292062491	1	37064
170412853	1	36621	306514496	1	37064
170412853	1	36621	462481388	1	37064
170412853	1	36621	88327217	1	37064
170412853	1	36621	400993249	1	37064
170412853	1	36621	233800206	1	37064
170412853	1	36621	315421808	1	37064
170412853	1	36621	175425413	1	37064
170412853	1	36621	55815730	1	37064
170412853	1	36621	421320223	1	37064
170412853	1	36621	420587112	1	37064
170412853	1	36621	97802600	1	37064
170412853	1	36621	239995909	1	37064
170412853	1	36621	241227022	1	37064
170412853	1	36621	290195335	1	37064
170412853	1	36621	219125917	1	37064
170412853	1	36621	277116510	1	37064
170412853	1	36621	172431814	1	37064
170412853	1	36621	146570283	1	37064
170412853	1	36621	331075225	1	37064
170412853	1	36621	117437264	1	37064
170412853	1	36621	463609506	1	37064
170412853	1	36621	243801456	1	37064
170412853	1	36621	146577279	1	37064
170412853	1	36621	28042120	1	37064
170412853	1	36621	13577432	1	37064
170412853	1	36621	330266607	1	37064
170412853	1	36621	219385219	1	37064
170412853	1	36621	94274731	1	37064
170412853	1	36621	117594043	1	37064
170412853	1	36621	185033618	1	37064
170412853	1	36621	146534350	1	37064
170412853	1	36621	23404648	1	37064
170412853	1	36621	146638371	1	37064
170412853	1	36621	462240391	1	37064
170412853	1	36621	170404718	1	37064
170412853	1	36621	434815505	1	37064
170412853	1	36621	188318681	1	37064
170412853	1	36621	129035452	1	37064
170412853	1	36621	403922608	1	37064
170412853	1	36621	219367540	1	37064
170412853	1	36621	419221245	1	37064
170412853	1	36621	80135198	1	37064
170412853	1	36621	15823819	1	37064
170412853	1	36621	321196632	1	37064
170412853	1	36621	215797402	1	37064
170412853	1	36621	125793182	1	37064
170412853	1	36621	73547237	1	37064
170412853	1	36621	277488350	1	37064
170412853	1	36621	189880361	1	37064
170412853	1	36621	13948317	1	37064
170412853	1	36621	301500013	1	37064
170412853	1	36621	103004822	1	37064
170412853	1	36621	350211969	1	37064
170412853	1	36621	304938587	1	37064
170412853	1	36621	379294920	1	37064
170412853	1	36621	161254919	1	37064
170412853	1	36621	51097639	1	37064
170412853	1	36621	257156642	1	37064
170412853	1	36621	143352870	1	37064
170412853	1	36621	355603179	1	37064
170412853	1	36621	370913634	1	37064
170412853	1	36621	195499242	1	37064
170412853	1	36621	457245023	1	37064
170412853	1	36621	21053903	1	37064
170412853	1	36621	210218129	1	37064
170412853	1	36621	229697090	1	37064
170412853	1	36621	239165194	1	37064
170412853	1	36621	326551396	1	37064
170412853	1	36621	341227959	1	37064
170412853	1	36621	50103511	1	37064
170412853	1	36621	108262063	1	37064
170412853	1	36621	122870851	1	37064
170412853	1	36621	123759859	1	37064
170412853	1	36621	137285465	1	37064
170412853	1	36621	210309627	1	37064
170412853	1	36621	253699921	1	37064
170412853	1	36621	282828995	1	37064
170412853	1	36621	326452742	1	37064
170412853	1	36621	355756385	1	37064
170412853	1	36621	360362905	1	37064
170412853	1	36621	370083991	1	37064
170412853	1	36621	35627155	1	37064
170412853	1	36621	64659842	1	37064
170412853	1	36621	142996904	1	37064
170412853	1	36621	195450656	1	37064
170412853	1	36621	212450427	1	37064
170412853	1	36621	224554505	1	37064
170412853	1	36621	273805105	1	37064
170412853	1	36621	13357678	1	37064
170412853	1	36621	210163738	1	37064
170412853	1	36621	268251257	1	37064
170412853	1	36621	35685542	1	37064
170412853	1	36621	151932003	1	37064
170412853	1	36621	369921595	1	37064
170412853	1	36621	113977863	1	37064
170412853	1	36621	243458812	1	37064
170412853	1	36621	253940167	1	37064
170412853	1	36621	274446537	1	37064
170412853	1	36621	283022594	1	37064
170412853	1	36621	326305677	1	37064
170412853	1	36621	326477568	1	37064
170412853	1	36621	93898148	1	37064
170412853	1	36621	239337677	1	37064
170412853	1	36621	355425877	1	37064
170412853	1	36621	50011368	1	37064
170412853	1	36621	417168302	1	37064
170412853	1	36621	64682847	1	37064
170412853	1	36621	79204441	1	37064
170412853	1	36621	84416322	1	37064
170412853	1	36621	253667055	1	37064
170412853	1	36621	377021280	1	37064
170412853	1	36621	109198681	1	37064
170412853	1	36621	311918702	1	37064
170412853	1	36621	271942568	1	37064
170412853	1	36621	284189602	1	37064
170412853	1	36621	15718685	1	37067
170412853	1	36621	370893425	1	37067
170412853	1	36621	386188658	1	37067
170412853	1	36621	30232581	1	37067
170412853	1	36621	68854399	1	37067
170412853	1	36621	262629488	1	37067
170412853	1	36621	169406167	1	37067
170412853	1	36621	109776761	1	37067
170412853	1	36621	153645401	1	37067
170412853	1	36621	451732382	1	37067
170412853	1	36621	44584933	1	37067
170412853	1	36621	422556701	1	37067
170412853	1	36621	117334533	1	37067
170412853	1	36621	88324999	1	37070
170412853	1	36621	175386499	1	37109
170412853	1	36621	422988354	1	37115
170412853	1	36621	320994934	1	37118
170412853	1	36621	451639817	1	37118
170412853	1	36621	344437689	1	37118
170412853	1	36621	306353035	1	37118
170412853	1	36621	30075495	1	37148
170412853	1	36621	321032648	1	37151
170412853	1	36621	277521219	1	37172
170412853	1	36621	88349171	1	37175
170412853	1	36621	422629891	1	37175
170412853	1	36621	190338317	1	37175
170412853	1	36621	168405834	1	37190
170412853	1	36621	408141988	1	37199
170412853	1	36621	79099408	1	37235
170412853	1	36621	349903312	1	37250
170412853	1	36621	190271779	1	37250
170412853	1	36621	364440336	1	37286
170412853	1	36621	437129128	1	37367
170412853	1	36621	175502133	1	37373
170412853	1	36621	144632019	1	37373
170412853	1	36621	15465555	1	37376
170412853	1	36621	262692841	1	37382
170412853	1	36621	373041272	1	37674
170412853	1	36621	44826992	1	37677
170412853	1	36621	73609661	1	37680
170412853	1	36621	233708495	1	37680
170412853	1	36621	422708102	1	37680
170412853	1	36621	132051443	1	37680
272315848	-1	19997	272315848	-1	19997
272315848	-1	19997	131170453	-1	19997
272315848	-1	19997	8371349	-1	19997
272315848	-1	19997	320569319	-1	19997
272315848	-1	19997	349722817	-1	19997
272315848	-1	19997	898178	-1	19997
272315848	-1	19997	422146169	-1	19997
272315848	-1	19997	29730481	-1	19997
272315848	-1	19997	407846219	-1	19997
272315848	-1	19997	291371403	-1	19997
272315848	-1	19997	333506279	-1	19997
272315848	-1	19997	347201996	-1	19997
272315848	-1	19997	407585147	-1	19997
272315848	-1	19997	102210094	-1	19997
272315848	-1	19997	160576702	-1	19997
272315848	-1	19997	73145220	-1	19997
272315848	-1	19997	599354	-1	19997
272315848	-1	19997	335402870	-1	19997
272315848	-1	19997	145656192	-1	19997
272315848	-1	19997	82145238	-1	19997
272315848	-1	19997	44364242	-1	19997
272315848	-1	19997	613230	-1	19997
272315848	-1	19997	68313418	-1	19997
272315848	-1	19997	72952662	-1	19997
272315848	-1	19997	102211118	-1	19997
272315848	-1	19997	110991163	-1	19997
272315848	-1	19997	214534035	-1	19997
272315848	-1	19997	275892364	-1	19997
272315848	-1	19997	363851692	-1	19997
272315848	-1	19997	373122262	-1	19997
272315848	-1	19997	131301948	-1	20000
272315848	-1	19997	451194386	-1	20000
272315848	-1	19997	276587044	-1	20000
272315848	-1	19997	262321367	-1	20000
272315848	-1	19997	436854187	-1	20000
272315848	-1	19997	175180420	-1	20000
272315848	-1	19997	247683266	-1	20000
272315848	-1	19997	80776226	-1	20000
272315848	-1	19997	189255517	-1	20000
272315848	-1	19997	214396872	-1	20000
272315848	-1	19997	320189614	-1	20000
272315848	-1	19997	451164267	-1	20000
272315848	-1	19997	234171	-1	20000
272315848	-1	19997	262085520	-1	20000
272315848	-1	19997	436558224	-1	20000
272315848	-1	19997	87492585	-1	20000
272315848	-1	19997	451492189	-1	20000
272315848	-1	19997	305951121	-1	20000
272315848	-1	19997	73167987	-1	20000
272315848	-1	19997	301576561	-1	20000
272315848	-1	19997	203866226	-1	20000
272315848	-1	19997	349708029	-1	20000
272315848	-1	19997	146115889	-1	20000
272315848	-1	19997	145632651	-1	20000
272315848	-1	19997	393055783	-1	20000
272315848	-1	19997	29514432	-1	20000
272315848	-1	19997	358934	-1	20000
272315848	-1	19997	334889214	-1	20000
272315848	-1	19997	536778	-1	20000
272315848	-1	19997	391650812	-1	20000
272315848	-1	19997	174926611	-1	20000
272315848	-1	19997	116850763	-1	20000
272315848	-1	19997	196048959	-1	20000
272315848	-1	19997	38017401	-1	20000
272315848	-1	19997	189307308	-1	20000
272315848	-1	19997	204154750	-1	20000
272315848	-1	19997	116677672	-1	20000
272315848	-1	19997	112441035	-1	20000
272315848	-1	19997	284043565	-1	20000
272315848	-1	19997	320639067	-1	20000
272315848	-1	19997	436470505	-1	20000
272315848	-1	19997	15199217	-1	20000
272315848	-1	19997	247660140	-1	20000
272315848	-1	19997	116770244	-1	20000
272315848	-1	19997	436894357	-1	20000
272315848	-1	19997	451445978	-1	20000
272315848	-1	19997	84530030	-1	20000
272315848	-1	19997	218760896	-1	20000
272315848	-1	19997	218821399	-1	20000
272315848	-1	19997	257781383	-1	20000
272315848	-1	19997	283356773	-1	20000
272315848	-1	19997	416060452	-1	20000
272315848	-1	19997	102446638	-1	20000
272315848	-1	19997	363906908	-1	20000
272315848	-1	19997	58621586	-1	20000
272315848	-1	19997	320347647	-1	20170
272315848	-1	19997	174931654	-1	20170
272315848	-1	19997	451219933	-1	20170
272315848	-1	19997	72921382	-1	20170
272315848	-1	19997	131166715	-1	20170
272315848	-1	19997	363969132	-1	20170
272315848	-1	19997	58383190	-1	20170
272315848	-1	19997	87681747	-1	20170
272315848	-1	19997	189471315	-1	20170
272315848	-1	19997	29513841	-1	20170
272315848	-1	19997	72924744	-1	20170
272315848	-1	19997	14974140	-1	20170
272315848	-1	19997	145712688	-1	20170
272315848	-1	19997	364152826	-1	20170
272315848	-1	19997	160693978	-1	20253
272315848	-1	19997	218463739	-1	20283
272315848	-1	19997	413453925	-1	20283
272315848	-1	19997	276551495	-1	20286
272315848	-1	19997	102261815	-1	20289
272315848	-1	19997	202802534	-1	20301
272315848	-1	19997	65271731	-1	20301
272315848	-1	19997	306048265	-1	20301
272315848	-1	19997	320489279	-1	20301
272315848	-1	19997	362382482	-1	20301
272315848	-1	19997	334839321	-1	20301
272315848	-1	19997	305658652	-1	20301
272315848	-1	19997	392906310	-1	20301
272315848	-1	19997	131419263	-1	20301
272315848	-1	19997	171449091	-1	20301
272315848	-1	19997	12935278	-1	20301
272315848	-1	19997	256598776	-1	20301
272315848	-1	19997	145660679	-1	20301
272315848	-1	19997	40688919	-1	20301
272315848	-1	19997	145874576	-1	20301
272315848	-1	19997	87681829	-1	20301
272315848	-1	19997	436769733	-1	20301
272315848	-1	19997	58576389	-1	20301
272315848	-1	19997	218331057	-1	20301
272315848	-1	19997	320118937	-1	20301
272315848	-1	19997	407510295	-1	20301
272315848	-1	19997	212759598	-1	20301
272315848	-1	19997	204303779	-1	23810
291601699	-1	23813	204068373	-1	23810
291601699	-1	23813	437543565	-1	23810
291601699	-1	23813	349274811	-1	23810
291601699	-1	23813	305626437	-1	23810
291601699	-1	23813	15276591	-1	23810
291601699	-1	23813	186436060	-1	23810
291601699	-1	23813	233056801	-1	23810
291601699	-1	23813	233120043	-1	23810
291601699	-1	23813	262162537	-1	23810
291601699	-1	23813	314888522	-1	23810
291601699	-1	23813	320552792	-1	23810
291601699	-1	23813	375075577	-1	23810
291601699	-1	23813	29776453	-1	23810
291601699	-1	23813	72478311	-1	23810
291601699	-1	23813	203847269	-1	23810
291601699	-1	23813	233408329	-1	23810
291601699	-1	23813	451055598	-1	23810
291601699	-1	23813	233334472	-1	23810
291601699	-1	23813	305377762	-1	23810
291601699	-1	23813	413980737	-1	23810
291601699	-1	23813	436051336	-1	23810
291601699	-1	23813	43839540	-1	23810
291601699	-1	23813	262480946	-1	23810
291601699	-1	23813	29831312	-1	23810
291601699	-1	23813	131409241	-1	23810
291601699	-1	23813	189477065	-1	23810
291601699	-1	23813	407765860	-1	23810
291601699	-1	23813	203841262	-1	23810
272315848	-1	19997	203966184	-1	23813
272315848	-1	19997	364174112	-1	23813
272315848	-1	19997	102357855	-1	23813
291601699	-1	23813	291601699	-1	23813
291601699	-1	23813	364428234	-1	23813
291601699	-1	23813	451575052	-1	23813
291601699	-1	23813	335669239	-1	23813
291601699	-1	23813	379376633	-1	23813
291601699	-1	23813	59463630	-1	23813
291601699	-1	23813	501168	-1	23813
291601699	-1	23813	451248408	-1	23813
291601699	-1	23813	116787540	-1	23813
291601699	-1	23813	175106305	-1	23813
291601699	-1	23813	276824222	-1	23813
291601699	-1	23813	291298428	-1	23813
291601699	-1	23813	348875441	-1	23813
291601699	-1	23813	222085	-1	23813
291601699	-1	23813	218383584	-1	23813
291601699	-1	23813	407412540	-1	23813
291601699	-1	23813	276733588	-1	23813
291601699	-1	23813	436627955	-1	23813
291601699	-1	23813	407816908	-1	23813
291601699	-1	23813	37101944	-1	23813
291601699	-1	23813	364049670	-1	23813
291601699	-1	23813	378711609	-1	23813
291601699	-1	23813	29868534	-1	23813
291601699	-1	23813	73920739	-1	23813
291601699	-1	23813	349783853	-1	23813
291601699	-1	23813	378867349	-1	23813
291601699	-1	23813	393835447	-1	23813
291601699	-1	23813	393835834	-1	23813
291601699	-1	23813	400960745	-1	23813
291601699	-1	23813	330936163	-1	23813
291601699	-1	23813	161170233	-1	23813
291601699	-1	23813	233878324	-1	23813
291601699	-1	23813	96411637	-1	23813
291601699	-1	23813	28901769	-1	23813
291601699	-1	23813	440521747	-1	23813
291601699	-1	23813	29869147	-1	23813
291601699	-1	23813	430443642	-1	23813
291601699	-1	23813	58377414	-1	23813
291601699	-1	23813	407480346	-1	23813
291601699	-1	23813	73888654	-1	23813
291601699	-1	23813	306552061	-1	23813
291601699	-1	23813	29551615	-1	23813
291601699	-1	23813	174724159	-1	23813
291601699	-1	23813	451233946	-1	23813
291601699	-1	23813	451146901	-1	23813
291601699	-1	23813	363810379	-1	23813
291601699	-1	23813	262281244	-1	23813
291601699	-1	23813	393835740	-1	23813
291601699	-1	23813	457876	-1	23813
291601699	-1	23813	407551167	-1	23813
291601699	-1	23813	160703485	-1	23813
291601699	-1	23813	189667272	-1	23813
291601699	-1	23813	262040512	-1	23813
291601699	-1	23813	407670644	-1	23813
291601699	-1	23813	364135644	-1	23813
291601699	-1	23813	430921338	-1	23813
291601699	-1	23813	262098310	-1	23813
291601699	-1	23813	320212041	-1	23813
291601699	-1	23813	72932305	-1	23813
291601699	-1	23813	87944513	-1	23813
291601699	-1	23813	87855266	-1	23813
291601699	-1	23813	189545052	-1	23813
291601699	-1	23813	276801771	-1	23813
291601699	-1	23813	436912441	-1	23813
291601699	-1	23813	116954581	-1	23813
291601699	-1	23813	131245773	-1	23813
291601699	-1	23813	58559946	-1	23813
291601699	-1	23813	247684532	-1	23813
291601699	-1	23813	44268543	-1	23813
291601699	-1	23813	247435957	-1	23813
291601699	-1	23813	254900121	-1	23813
291601699	-1	23813	349357505	-1	23813
291601699	-1	23813	349498031	-1	23813
291601699	-1	23813	422395823	-1	23813
291601699	-1	23813	44131326	-1	23813
291601699	-1	23813	315911244	-1	23813
272315848	-1	19997	116775267	-1	23983
272315848	-1	19997	102344825	-1	23983
272315848	-1	19997	320495325	-1	23983
272315848	-1	19997	131455620	-1	23983
291601699	-1	23813	320467839	-1	23983
291601699	-1	23813	189471204	-1	23983
291601699	-1	23813	407597886	-1	23983
291601699	-1	23813	103004081	-1	23983
291601699	-1	23813	103004395	-1	23983
291601699	-1	23813	161170339	-1	23983
291601699	-1	23813	704314	-1	23983
291601699	-1	23813	145972856	-1	23983
291601699	-1	23813	403616787	-1	23983
291601699	-1	23813	378578772	-1	23983
291601699	-1	23813	218902264	-1	23983
291601699	-1	23813	276762274	-1	23983
291601699	-1	23813	451161919	-1	23983
291601699	-1	23813	407947392	-1	23983
291601699	-1	23813	102493970	-1	23983
291601699	-1	23813	247554478	-1	23983
291601699	-1	23813	116932930	-1	23983
291601699	-1	23813	232940968	-1	24093
272315848	-1	19997	117085459	-1	24099
272315848	-1	19997	391067788	-1	24111
272315848	-1	19997	297784725	-1	24111
272315848	-1	19997	29702306	-1	24111
272315848	-1	19997	305930434	-1	24111
272315848	-1	19997	73769521	-1	24111
291601699	-1	23813	393439517	-1	24111
291601699	-1	23813	160592285	-1	24111
211213347	-1	26965	211213347	-1	26965
211213347	-1	26965	451689558	-1	26965
211213347	-1	26965	244149895	-1	27052
394521938	-1	31214	181242109	-1	31196
394521938	-1	31214	442990350	-1	31196
394521938	-1	31214	289709523	-1	31196
394521938	-1	31214	365147591	-1	31214
394521938	-1	31214	190998073	-1	31214
394521938	-1	31214	132445040	-1	31214
394521938	-1	31214	306946190	-1	31214
394521938	-1	31214	1571119	-1	31214
394521938	-1	31214	74280120	-1	31214
394521938	-1	31214	373463147	-1	31214
394521938	-1	31214	394521938	-1	31214
394521938	-1	31214	130143216	-1	31214
394521938	-1	31214	431039126	-1	31214
394521938	-1	31214	379652717	-1	31214
394521938	-1	31214	438146740	-1	31214
394521938	-1	31214	249106468	-1	31220
229037466	-1	33522	229037466	-1	33522
229037466	-1	33522	422603316	-1	33522
229037466	-1	33522	233483315	-1	33522
229037466	-1	33522	102958144	-1	33522
229037466	-1	33522	88320874	-1	33522
229037466	-1	33522	393570561	-1	33522
229037466	-1	33522	182379672	-1	33522
229037466	-1	33522	379248156	-1	33522
229037466	-1	33522	44668790	-1	33522
229037466	-1	33522	444973587	-1	33522
229037466	-1	33522	374540932	-1	33522
229037466	-1	33522	117183858	-1	33522
229037466	-1	33522	248507303	-1	33522
229037466	-1	33522	233860021	-1	33522
229037466	-1	33522	379276812	-1	33522
229037466	-1	33522	190217911	-1	33525
229037466	-1	33522	1134876	-1	33525
229037466	-1	33522	306333690	-1	33525
229037466	-1	33522	306263595	-1	33525
229037466	-1	33522	290345821	-1	33525
229037466	-1	33522	449450474	-1	33525
229037466	-1	33522	246524433	-1	33525
229037466	-1	33522	30344071	-1	33525
229037466	-1	33522	146293253	-1	33525
229037466	-1	33522	300112792	-1	33525
229037466	-1	33522	261325544	-1	33525
229037466	-1	33522	113532100	-1	33525
229037466	-1	33522	117634980	-1	33525
229037466	-1	33522	358163838	-1	33525
229037466	-1	33522	1280268	-1	33525
229037466	-1	33522	181650760	-1	33525
229037466	-1	33522	196149525	-1	33525
229037466	-1	33522	271734450	-1	33525
229037466	-1	33522	88067539	-1	33525
229037466	-1	33522	159731803	-1	33525
229037466	-1	33522	218133496	-1	33525
229037466	-1	33522	292082016	-1	33525
229037466	-1	33522	23706581	-1	33525
229037466	-1	33522	44791221	-1	33525
229037466	-1	33522	72255056	-1	33525
229037466	-1	33522	83471801	-1	33525
229037466	-1	33522	160834969	-1	33525
229037466	-1	33522	204885215	-1	33525
229037466	-1	33522	230270966	-1	33525
229037466	-1	33522	361857303	-1	33525
229037466	-1	33522	161224479	-1	33525
229037466	-1	33522	204787125	-1	33525
229037466	-1	33522	262599353	-1	33525
229037466	-1	33522	371162389	-1	33525
229037466	-1	33522	231061757	-1	33525
229037466	-1	33522	262740721	-1	33525
229037466	-1	33522	342371948	-1	33525
229037466	-1	33522	57638184	-1	33525
229037466	-1	33522	258935045	-1	33525
229037466	-1	33522	277585096	-1	33525
229037466	-1	33522	303474510	-1	33525
229037466	-1	33522	408446268	-1	33525
229037466	-1	33522	82930625	-1	33525
229037466	-1	33522	233636520	-1	33525
229037466	-1	33522	132088430	-1	33525
229037466	-1	33522	144170180	-1	33525
229037466	-1	33522	257637658	-1	33525
229037466	-1	33522	204378124	-1	33525
229037466	-1	33522	248254641	-1	33525
229037466	-1	33522	98455136	-1	33525
229037466	-1	33522	175267373	-1	33525
229037466	-1	33522	196935657	-1	33525
229037466	-1	33522	391236325	-1	33525
229037466	-1	33522	190132628	-1	33525
229037466	-1	33522	204634596	-1	33525
229037466	-1	33522	216669588	-1	33525
229037466	-1	33522	248292808	-1	33525
229037466	-1	33522	313533341	-1	33525
229037466	-1	33522	378950760	-1	33525
229037466	-1	33522	393879070	-1	33525
229037466	-1	33522	88158534	-1	33525
229037466	-1	33522	161225331	-1	33525
229037466	-1	33522	349772775	-1	33525
229037466	-1	33522	401953423	-1	33525
229037466	-1	33522	422809437	-1	33525
229037466	-1	33522	29868010	-1	33525
229037466	-1	33522	37851167	-1	33525
229037466	-1	33522	88021663	-1	33525
229037466	-1	33522	215705747	-1	33525
229037466	-1	33522	233728498	-1	33525
229037466	-1	33522	233826553	-1	33525
229037466	-1	33522	291961537	-1	33525
229037466	-1	33522	321140155	-1	33525
229037466	-1	33522	42205299	-1	33525
229037466	-1	33522	114801969	-1	33525
229037466	-1	33522	146178852	-1	33525
229037466	-1	33522	218931622	-1	33525
229037466	-1	33522	262559986	-1	33525
229037466	-1	33522	262593421	-1	33525
229037466	-1	33522	30161134	-1	33525
229037466	-1	33522	69492692	-1	33525
229037466	-1	33522	109312568	-1	33525
229037466	-1	33522	219001402	-1	33525
229037466	-1	33522	335553818	-1	33525
229037466	-1	33522	378931515	-1	33525
229037466	-1	33522	458006090	-1	33525
229037466	-1	33522	29992557	-1	33525
229037466	-1	33522	44451333	-1	33525
229037466	-1	33522	88292734	-1	33525
229037466	-1	33522	161020827	-1	33525
229037466	-1	33522	356875581	-1	33525
229037466	-1	33522	437079126	-1	33525
229037466	-1	33522	131966520	-1	33525
229037466	-1	33522	132102816	-1	33525
229037466	-1	33522	242323269	-1	33525
229037466	-1	33522	277310124	-1	33525
229037466	-1	33522	15589097	-1	33525
229037466	-1	33522	102771047	-1	33525
229037466	-1	33522	335237715	-1	33525
229037466	-1	33522	350075117	-1	33525
229037466	-1	33522	408268734	-1	33525
229037466	-1	33522	422687781	-1	33525
229037466	-1	33522	437066186	-1	33525
229037466	-1	33522	103066280	-1	33525
229037466	-1	33522	146185613	-1	33525
229037466	-1	33522	146375630	-1	33525
229037466	-1	33522	219426559	-1	33525
229037466	-1	33522	262674621	-1	33525
229037466	-1	33522	306191638	-1	33525
229037466	-1	33522	375506611	-1	33525
229037466	-1	33522	15492286	-1	33525
229037466	-1	33522	25249534	-1	33525
229037466	-1	33522	146354972	-1	33525
229037466	-1	33522	161155685	-1	33525
229037466	-1	33522	167703790	-1	33525
229037466	-1	33522	204381934	-1	33525
229037466	-1	33522	332072767	-1	33525
229037466	-1	33522	357154579	-1	33525
229037466	-1	33522	155630327	-1	33525
229037466	-1	33522	181948588	-1	33525
229037466	-1	33522	211107167	-1	33525
229037466	-1	33522	277370300	-1	33525
229037466	-1	33522	292046075	-1	33525
229037466	-1	33522	306254455	-1	33525
229037466	-1	33522	335461551	-1	33525
229037466	-1	33522	362859062	-1	33525
229037466	-1	33522	451574037	-1	33525
229037466	-1	33522	15524098	-1	33525
229037466	-1	33522	59000532	-1	33525
229037466	-1	33522	102854884	-1	33525
229037466	-1	33522	117564131	-1	33525
229037466	-1	33522	215550810	-1	33525
229037466	-1	33522	219143703	-1	33525
229037466	-1	33522	262999052	-1	33525
229037466	-1	33522	306435362	-1	33525
229037466	-1	33522	345571077	-1	33525
229037466	-1	33522	348411039	-1	33525
229037466	-1	33522	363128576	-1	33525
229037466	-1	33522	399961476	-1	33525
229037466	-1	33522	190111969	-1	33525
229037466	-1	33522	219294950	-1	33525
229037466	-1	33522	364559933	-1	33525
229037466	-1	33522	435157640	-1	33525
229037466	-1	33522	126030332	-1	33525
229037466	-1	33522	450600955	-1	33525
229037466	-1	33522	88202415	-1	33525
229037466	-1	33522	379067477	-1	33525
229037466	-1	33522	465161114	-1	33525
229037466	-1	33522	303749202	-1	33525
229037466	-1	33522	344943040	-1	33525
229037466	-1	33522	432178416	-1	33525
229037466	-1	33522	73700206	-1	33525
229037466	-1	33522	114996865	-1	33525
229037466	-1	33522	74011082	-1	33525
229037466	-1	33522	277233723	-1	33525
229037466	-1	33522	345005152	-1	33525
229037466	-1	33522	55734324	-1	33525
229037466	-1	33522	160917907	-1	33525
229037466	-1	33522	262998573	-1	33525
229037466	-1	33522	100622971	-1	33525
229037466	-1	33522	262598962	-1	33525
229037466	-1	33522	277488337	-1	33525
229037466	-1	33522	332683617	-1	33525
229037466	-1	33522	146644644	-1	33525
229037466	-1	33522	317019225	-1	33525
229037466	-1	33522	175591063	-1	33525
229037466	-1	33522	393842699	-1	33525
229037466	-1	33522	248384673	-1	33525
229037466	-1	33522	44494359	-1	33525
229037466	-1	33522	59287340	-1	33525
229037466	-1	33522	233447034	-1	33525
229037466	-1	33522	258757139	-1	33525
229037466	-1	33522	216998340	-1	33525
229037466	-1	33522	277334017	-1	33525
229037466	-1	33522	204382177	-1	33525
229037466	-1	33522	242881435	-1	33525
229037466	-1	33522	422635829	-1	33525
229037466	-1	33522	55473291	-1	33525
229037466	-1	33522	214045875	-1	33525
229037466	-1	33522	112580579	-1	33525
229037466	-1	33522	138728006	-1	33525
229037466	-1	33522	364547791	-1	33525
229037466	-1	33522	422918503	-1	33525
229037466	-1	33522	204794755	-1	33525
229037466	-1	33522	56189103	-1	33528
229037466	-1	33522	393735148	-1	33528
229037466	-1	33522	321137204	-1	33528
229037466	-1	33522	422729100	-1	33528
229037466	-1	33522	248420797	-1	33528
229037466	-1	33522	433646344	-1	33528
229037466	-1	33522	248210056	-1	33528
229037466	-1	33522	15761451	-1	33528
229037466	-1	33522	393666647	-1	33528
229037466	-1	33522	204708020	-1	33528
229037466	-1	33522	306602194	-1	33528
229037466	-1	33522	450080619	-1	33528
229037466	-1	33522	15344252	-1	33528
229037466	-1	33522	152528641	-1	33528
229037466	-1	33522	161094729	-1	33528
229037466	-1	33522	87102153	-1	33528
229037466	-1	33522	210864789	-1	33528
229037466	-1	33522	233814598	-1	33528
229037466	-1	33522	451589322	-1	33528
229037466	-1	33522	219367101	-1	33528
229037466	-1	33522	291798437	-1	33528
229037466	-1	33522	378935420	-1	33528
229037466	-1	33522	117341636	-1	33528
229037466	-1	33522	418299942	-1	33528
229037466	-1	33522	393784174	-1	33528
229037466	-1	33522	42548361	-1	33528
229037466	-1	33522	88404078	-1	33528
229037466	-1	33522	244157564	-1	33528
229037466	-1	33522	306278891	-1	33528
229037466	-1	33522	38179210	-1	33528
229037466	-1	33522	88088680	-1	33528
229037466	-1	33522	401339465	-1	33528
229037466	-1	33522	448658249	-1	33528
229037466	-1	33522	443733805	-1	33528
229037466	-1	33522	261605985	-1	33528
229037466	-1	33522	376090577	-1	33528
229037466	-1	33522	39325057	-1	33528
229037466	-1	33522	103003324	-1	33528
229037466	-1	33522	335270347	-1	33528
229037466	-1	33522	416997722	-1	33528
229037466	-1	33522	349775101	-1	33528
229037466	-1	33522	291985943	-1	33528
229037466	-1	33522	437425303	-1	33528
229037466	-1	33522	161151937	-1	33531
229037466	-1	33522	364510580	-1	33531
229037466	-1	33522	349957598	-1	33531
229037466	-1	33522	1019360	-1	33531
229037466	-1	33522	233867499	-1	33531
229037466	-1	33522	370869257	-1	33531
229037466	-1	33522	117131104	-1	33531
229037466	-1	33522	331823398	-1	33531
229037466	-1	33522	364770708	-1	33531
229037466	-1	33522	88084506	-1	33531
229037466	-1	33522	113959413	-1	33531
229037466	-1	33522	160765034	-1	33531
229037466	-1	33522	215714275	-1	33531
229037466	-1	33522	183526771	-1	33531
229037466	-1	33522	329304311	-1	33531
229037466	-1	33522	146293883	-1	33531
229037466	-1	33522	306279919	-1	33531
229037466	-1	33522	375836989	-1	33531
229037466	-1	33522	400437147	-1	33531
229037466	-1	33522	114678786	-1	33531
229037466	-1	33522	262828606	-1	33531
229037466	-1	33522	277106969	-1	33531
229037466	-1	33522	51807974	-1	33531
229037466	-1	33522	219106780	-1	33531
229037466	-1	33522	233651810	-1	33531
229037466	-1	33522	291645081	-1	33531
229037466	-1	33522	326972184	-1	33531
229037466	-1	33522	59466894	-1	33531
229037466	-1	33522	73663876	-1	33531
229037466	-1	33522	330893593	-1	33531
229037466	-1	33522	333060159	-1	33531
229037466	-1	33522	385733054	-1	33531
229037466	-1	33522	407948931	-1	33531
229037466	-1	33522	417867520	-1	33531
229037466	-1	33522	15778031	-1	33531
229037466	-1	33522	43634545	-1	33531
229037466	-1	33522	44856226	-1	33531
229037466	-1	33522	103094142	-1	33531
229037466	-1	33522	160753163	-1	33531
229037466	-1	33522	320689605	-1	33531
229037466	-1	33522	349877281	-1	33531
229037466	-1	33522	357128231	-1	33531
229037466	-1	33522	419977346	-1	33531
229037466	-1	33522	422683182	-1	33531
229037466	-1	33522	80442158	-1	33531
229037466	-1	33522	131688063	-1	33531
229037466	-1	33522	189984369	-1	33531
229037466	-1	33522	262932780	-1	33531
229037466	-1	33522	330976343	-1	33531
229037466	-1	33522	408450030	-1	33531
229037466	-1	33522	452091901	-1	33531
229037466	-1	33522	1198089	-1	33531
229037466	-1	33522	29894716	-1	33531
229037466	-1	33522	98812902	-1	33531
229037466	-1	33522	108608385	-1	33531
229037466	-1	33522	131729127	-1	33531
229037466	-1	33522	386124729	-1	33531
229037466	-1	33522	415212261	-1	33531
229037466	-1	33522	37196641	-1	33531
229037466	-1	33522	50690013	-1	33531
229037466	-1	33522	55316542	-1	33531
229037466	-1	33522	73689949	-1	33531
229037466	-1	33522	108805994	-1	33531
229037466	-1	33522	141682463	-1	33531
229037466	-1	33522	248189565	-1	33531
229037466	-1	33522	333023319	-1	33531
229037466	-1	33522	437187112	-1	33531
229037466	-1	33522	131958856	-1	33531
229037466	-1	33522	189812531	-1	33531
229037466	-1	33522	240949873	-1	33531
229037466	-1	33522	332985415	-1	33531
229037466	-1	33522	446206635	-1	33531
229037466	-1	33522	451733501	-1	33531
229037466	-1	33522	29066275	-1	33531
229037466	-1	33522	161129066	-1	33531
229037466	-1	33522	204458160	-1	33531
229037466	-1	33522	392195823	-1	33531
229037466	-1	33522	446093774	-1	33531
229037466	-1	33522	52032322	-1	33531
229037466	-1	33522	146306434	-1	33531
229037466	-1	33522	437291107	-1	33531
229037466	-1	33522	218972044	-1	33531
229037466	-1	33522	347684635	-1	33531
229037466	-1	33522	393422514	-1	33531
229037466	-1	33522	451733460	-1	33531
229037466	-1	33522	161000956	-1	33531
229037466	-1	33522	291906368	-1	33531
229037466	-1	33522	306581786	-1	33531
229037466	-1	33522	449530342	-1	33531
229037466	-1	33522	459065026	-1	33531
229037466	-1	33522	176564836	-1	33531
229037466	-1	33522	364659500	-1	33531
229037466	-1	33522	262645945	-1	33531
229037466	-1	33522	306304075	-1	33531
229037466	-1	33522	373461523	-1	33531
229037466	-1	33522	15617444	-1	33531
229037466	-1	33522	139251122	-1	33531
229037466	-1	33522	408305593	-1	33531
229037466	-1	33522	320989858	-1	33531
229037466	-1	33522	190080043	-1	33531
229037466	-1	33522	460541870	-1	33531
229037466	-1	33522	117425049	-1	33531
229037466	-1	33522	451744163	-1	33531
229037466	-1	33522	11502400	-1	33531
229037466	-1	33522	59341618	-1	33531
229037466	-1	33522	364302743	-1	33531
229037466	-1	33522	376507439	-1	33531
229037466	-1	33522	889525	-1	33531
229037466	-1	33522	73495888	-1	33531
229037466	-1	33522	73805311	-1	33531
229037466	-1	33522	248080997	-1	33531
229037466	-1	33522	233765379	-1	33531
229037466	-1	33522	88403804	-1	33531
229037466	-1	33522	15330452	-1	33531
229037466	-1	33522	88415882	-1	33531
229037466	-1	33522	451741670	-1	33531
229037466	-1	33522	131836413	-1	33531
229037466	-1	33522	320907121	-1	33531
229037466	-1	33522	379306010	-1	33531
229037466	-1	33522	262878963	-1	33531
229037466	-1	33522	306297257	-1	33531
229037466	-1	33522	422587704	-1	33531
229037466	-1	33522	451921861	-1	33531
229037466	-1	33522	102917478	-1	33531
229037466	-1	33522	437197282	-1	33531
229037466	-1	33522	189965854	-1	33531
229037466	-1	33522	349897795	-1	33531
229037466	-1	33522	463301777	-1	33531
229037466	-1	33522	379155851	-1	33531
229037466	-1	33522	29891430	-1	33531
229037466	-1	33522	277430611	-1	33531
229037466	-1	33522	393883605	-1	33537
229037466	-1	33522	67792890	-1	33537
229037466	-1	33522	306633463	-1	33537
229037466	-1	33522	30305715	-1	33537
229037466	-1	33522	356941440	-1	33537
229037466	-1	33522	422508290	-1	33537
229037466	-1	33522	451719226	-1	33537
229037466	-1	33522	763239	-1	33537
229037466	-1	33522	58985348	-1	33537
229037466	-1	33522	80392853	-1	33537
229037466	-1	33522	175485869	-1	33537
229037466	-1	33522	306412305	-1	33537
229037466	-1	33522	422668623	-1	33537
229037466	-1	33522	277572527	-1	33540
229037466	-1	33522	241839462	-1	33540
229037466	-1	33522	175643938	-1	33540
229037466	-1	33522	159601998	-1	33540
229037466	-1	33522	189921565	-1	33540
229037466	-1	33522	230905758	-1	33540
229037466	-1	33522	378982612	-1	33540
229037466	-1	33522	15343678	-1	33540
229037466	-1	33522	190186698	-1	33540
229037466	-1	33522	403345463	-1	33540
229037466	-1	33522	130632975	-1	33540
229037466	-1	33522	320722461	-1	33540
229037466	-1	33522	73693811	-1	33540
229037466	-1	33522	125652170	-1	33540
229037466	-1	33522	262562213	-1	33540
229037466	-1	33522	175271119	-1	33540
229037466	-1	33522	245259992	-1	33540
229037466	-1	33522	402398141	-1	33540
229037466	-1	33522	15406955	-1	33540
229037466	-1	33522	391025933	-1	33540
229037466	-1	33522	117588123	-1	33540
229037466	-1	33522	181919581	-1	33540
229037466	-1	33522	349924432	-1	33540
229037466	-1	33522	29847023	-1	33540
229037466	-1	33522	117259245	-1	33540
229037466	-1	33522	171270290	-1	33540
229037466	-1	33522	320699094	-1	33540
229037466	-1	33522	429316051	-1	33540
229037466	-1	33522	22543603	-1	33540
229037466	-1	33522	199972020	-1	33540
229037466	-1	33522	189817365	-1	33540
229037466	-1	33522	306629210	-1	33540
229037466	-1	33522	15779094	-1	33540
229037466	-1	33522	408181349	-1	33540
229037466	-1	33522	277100247	-1	33540
229037466	-1	33522	262903207	-1	33546
229037466	-1	33522	190290082	-1	33546
229037466	-1	33522	273532160	-1	33546
229037466	-1	33522	460108487	-1	33546
229037466	-1	33522	292103440	-1	33546
229037466	-1	33522	350090051	-1	33546
229037466	-1	33522	301770125	-1	33546
229037466	-1	33522	59320800	-1	33546
229037466	-1	33522	160734522	-1	33546
229037466	-1	33522	189810153	-1	33546
229037466	-1	33522	15619357	-1	33546
229037466	-1	33522	126553112	-1	33546
229037466	-1	33522	131789577	-1	33546
229037466	-1	33522	422478195	-1	33546
229037466	-1	33522	262697472	-1	33546
229037466	-1	33522	1013810	-1	33546
229037466	-1	33522	461864476	-1	33549
229037466	-1	33522	420445863	-1	33552
229037466	-1	33522	72094912	-1	33552
229037466	-1	33522	140952395	-1	33552
229037466	-1	33522	349831924	-1	33564
229037466	-1	33522	19181737	-1	33567
229037466	-1	33522	288802095	-1	33570
229037466	-1	33522	175585441	-1	33735
229037466	-1	33522	59005590	-1	33738
229037466	-1	33522	262834044	-1	33738
229037466	-1	33522	15676502	-1	33738
229037466	-1	33522	197303266	-1	33738
229037466	-1	33522	132160435	-1	33744
229037466	-1	33522	117116827	-1	33744
229037466	-1	33522	15341653	-1	33744
229037466	-1	33522	422569250	-1	33744
229037466	-1	33522	64656833	-1	33747
229037466	-1	33522	233478643	-1	33747
229037466	-1	33522	219076129	-1	33747
229037466	-1	33522	29947586	-1	33747
229037466	-1	33522	102560577	-1	33747
229037466	-1	33522	117315465	-1	33747
229037466	-1	33522	156586095	-1	33747
229037466	-1	33522	227440231	-1	33747
229037466	-1	33522	330205205	-1	33747
229037466	-1	33522	154316283	-1	33747
229037466	-1	33522	233802277	-1	33747
229037466	-1	33522	42653199	-1	33747
229037466	-1	33522	217270708	-1	33747
229037466	-1	33522	214080932	-1	33747
229037466	-1	33522	392457640	-1	33747
229037466	-1	33522	20452487	-1	33747
229037466	-1	33522	248489515	-1	33747
229037466	-1	33522	248219422	-1	33747
229037466	-1	33522	262699022	-1	33747
229037466	-1	33522	262753726	-1	33747
229037466	-1	33522	218908593	-1	33747
229037466	-1	33522	306303663	-1	33747
229037466	-1	33522	102811203	-1	33747
229037466	-1	33522	175742224	-1	33747
229037466	-1	33522	291620169	-1	33747
229037466	-1	33522	378883507	-1	33747
229037466	-1	33522	131685889	-1	33747
229037466	-1	33522	393501921	-1	33747
229037466	-1	33522	277329020	-1	33747
229037466	-1	33522	175408000	-1	33747
229037466	-1	33522	299267062	-1	33747
229037466	-1	33522	358009340	-1	33747
229037466	-1	33522	422560451	-1	33747
229037466	-1	33522	131876731	-1	33747
229037466	-1	33522	408409058	-1	33747
229037466	-1	33522	23676522	-1	33747
229037466	-1	33522	73609383	-1	33747
229037466	-1	33522	326953876	-1	33747
229037466	-1	33522	795716	-1	33747
229037466	-1	33522	189965612	-1	33747
229037466	-1	33522	277215893	-1	33747
229037466	-1	33522	117288008	-1	33747
229037466	-1	33522	168475814	-1	33756
229037466	-1	33522	79120054	-1	34134
229037466	-1	33522	248350468	-1	34134
229037466	-1	33522	451677941	-1	34134
229037466	-1	33522	181193082	-1	34134
229037466	-1	33522	14134338	-1	34134
229037466	-1	33522	262754220	-1	34134
229037466	-1	33522	331692301	-1	34134
229037466	-1	33522	128633182	-1	34134
229037466	-1	33522	321063721	-1	34134
229037466	-1	33522	68322751	-1	34134
229037466	-1	33522	131886750	-1	34134
229037466	-1	33522	130417720	-1	34134
229037466	-1	33522	262883221	-1	34134
229037466	-1	33522	350089584	-1	34134
229037466	-1	33522	379206685	-1	34134
229037466	-1	33522	59001256	-1	34134
229037466	-1	33522	364764896	-1	34134
229037466	-1	33522	422783503	-1	34134
229037466	-1	33522	306219151	-1	34137
229037466	-1	33522	422694827	-1	34137
229037466	-1	33522	44601617	-1	34137
229037466	-1	33522	102641204	-1	34137
229037466	-1	33522	146243295	-1	34137
229037466	-1	33522	160809959	-1	34137
229037466	-1	33522	219213844	-1	34137
229037466	-1	33522	262576975	-1	34137
229037466	-1	33522	364418214	-1	34137
229037466	-1	33522	1098289	-1	34137
229037466	-1	33522	44573463	-1	34137
229037466	-1	33522	59076004	-1	34137
229037466	-1	33522	102734205	-1	34137
229037466	-1	33522	175394678	-1	34137
229037466	-1	33522	190187858	-1	34137
229037466	-1	33522	218961632	-1	34137
229037466	-1	33522	219138730	-1	34137
229037466	-1	33522	248162293	-1	34137
229037466	-1	33522	262675386	-1	34137
229037466	-1	33522	320999286	-1	34137
229037466	-1	33522	335302142	-1	34137
229037466	-1	33522	408062879	-1	34137
229037466	-1	33522	422654401	-1	34137
229037466	-1	33522	437166259	-1	34137
229037466	-1	33522	451621453	-1	34137
229037466	-1	33522	452013209	-1	34137
229037466	-1	33522	15376052	-1	34137
229037466	-1	33522	30148140	-1	34137
229037466	-1	33522	30282463	-1	34137
229037466	-1	33522	117235466	-1	34137
229037466	-1	33522	132069112	-1	34137
229037466	-1	33522	189941056	-1	34137
229037466	-1	33522	204560855	-1	34137
229037466	-1	33522	248119540	-1	34137
229037466	-1	33522	277436954	-1	34137
229037466	-1	33522	306343784	-1	34137
229037466	-1	33522	321185314	-1	34137
229037466	-1	33522	437193506	-1	34137
229037466	-1	33522	30128930	-1	34137
229037466	-1	33522	59390364	-1	34137
229037466	-1	33522	73786758	-1	34137
229037466	-1	33522	88221670	-1	34137
229037466	-1	33522	277384703	-1	34137
229037466	-1	33522	306343366	-1	34137
229037466	-1	33522	321128187	-1	34137
229037466	-1	33522	379157160	-1	34137
229037466	-1	33522	422628886	-1	34137
229037466	-1	33522	422687651	-1	34137
229037466	-1	33522	451803887	-1	34137
229037466	-1	33522	248303658	-1	34137
229037466	-1	33522	335655432	-1	34137
229037466	-1	33522	103049004	-1	34137
229037466	-1	33522	292044394	-1	34137
229037466	-1	33522	175544155	-1	34137
229037466	-1	33522	248100706	-1	34137
229037466	-1	33522	44705393	-1	34137
229037466	-1	33522	175576102	-1	34137
229037466	-1	33522	408449650	-1	34137
229037466	-1	33522	985437	-1	34137
229037466	-1	33522	44714934	-1	34137
229037466	-1	33522	422617513	-1	34137
229037466	-1	33522	233691260	-1	34137
229037466	-1	33522	393739952	-1	34137
229037466	-1	33522	379005495	-1	34137
 