405902186	1	2526	405902186	1	2526
405902186	1	2526	437146630	1	2526
405902186	1	2526	373879599	1	2526
405902186	1	2526	175575441	1	2640
405902186	1	2526	6943913	1	2649
405902186	1	2526	202004466	1	2649
405902186	1	2526	146492341	1	2649
405902186	1	2526	216923193	1	2649
405902186	1	2526	421412688	1	2649
405902186	1	2526	132922660	1	2652
405902186	1	2526	380055378	1	2655
405902186	1	2526	409042770	1	2655
405902186	1	2526	205085763	1	2655
405902186	1	2526	292318972	1	2655
405902186	1	2526	147264972	1	2655
405902186	1	2526	74180310	1	2655
405902186	1	2526	74578919	1	2658
405902186	1	2526	452457106	1	2661
405902186	1	2526	379748736	1	2679
405902186	1	2526	52224443	1	2682
405902186	1	2526	388871484	1	2685
405902186	1	2526	205639270	1	2685
405902186	1	2526	219713219	1	2685
405902186	1	2526	350618239	1	2685
405902186	1	2526	147455169	1	2688
405902186	1	2526	205403878	1	2688
405902186	1	2526	118394616	1	2691
405902186	1	2526	249212413	1	3059
405902186	1	2526	234660397	1	3059
405902186	1	2526	220162159	1	3059
405902186	1	2526	408657102	1	3059
405902186	1	2526	59658036	1	3059
405902186	1	2526	205427007	1	3059
405902186	1	2526	74717554	1	3059
405902186	1	2526	74344132	1	3059
405902186	1	2526	463959399	1	3059
405902186	1	2526	365092438	1	3059
405902186	1	2526	452355617	1	3059
405902186	1	2526	1892998	1	3059
405902186	1	2526	409146636	1	3059
405902186	1	2526	161804960	1	3059
405902186	1	2526	176393184	1	3059
405902186	1	2526	423410860	1	3059
405902186	1	2526	438139184	1	3059
405902186	1	2526	423598513	1	3059
405902186	1	2526	263241263	1	3059
405902186	1	2526	1919823	1	3059
405902186	1	2526	118246785	1	3059
405902186	1	2526	132885174	1	3059
405902186	1	2526	394630485	1	3059
405902186	1	2526	16551497	1	3059
405902186	1	2526	89253995	1	3059
405902186	1	2526	409171872	1	3059
405902186	1	2526	359581592	1	3059
405902186	1	2526	138302736	1	3059
405902186	1	2526	156136604	1	3059
405902186	1	2526	365468863	1	3059
405902186	1	2526	230042090	1	3059
405902186	1	2526	45415127	1	3059
405902186	1	2526	74631625	1	3059
405902186	1	2526	219940014	1	3059
405902186	1	2526	103534429	1	3059
405902186	1	2526	452294686	1	3059
405902186	1	2526	307412639	1	3059
405902186	1	2526	45602137	1	3059
405902186	1	2526	234198637	1	3059
405902186	1	2526	234543613	1	3059
405902186	1	2526	278178961	1	3059
405902186	1	2526	176477275	1	3059
405902186	1	2526	350697414	1	3059
405902186	1	2526	419899696	1	3059
405902186	1	2526	365029547	1	3059
405902186	1	2526	336346487	1	3059
405902186	1	2526	379630364	1	3059
405902186	1	2526	234530547	1	3059
405902186	1	2526	372984462	1	3059
405902186	1	2526	379976939	1	3059
405902186	1	2526	103796625	1	3062
405902186	1	2526	351004204	1	3062
405902186	1	2526	176503521	1	3062
405902186	1	2526	118259868	1	3062
405902186	1	2526	292839693	1	3062
405902186	1	2526	191051739	1	3062
405902186	1	2526	239854669	1	3068
405902186	1	2526	409169149	1	3071
405902186	1	2526	16550578	1	3086
405902186	1	2526	70865341	1	3137
405902186	1	2526	218890710	1	3467
405902186	1	2526	275243670	1	3479
405902186	1	2526	156906734	1	3479
405902186	1	2526	263428305	1	3479
405902186	1	2526	365220693	1	3479
405902186	1	2526	147377138	1	3479
405902186	1	2526	162016104	1	3479
405902186	1	2526	263806475	1	3479
405902186	1	2526	59739704	1	3479
405902186	1	2526	394130629	1	3479
405902186	1	2526	249046549	1	3479
405902186	1	2526	103735881	1	3479
405902186	1	2526	234136394	1	3479
405902186	1	2526	94139091	1	3479
405902186	1	2526	438219788	1	3479
405902186	1	2526	103648340	1	3479
405902186	1	2526	394217655	1	3479
405902186	1	2526	1535667	1	3479
405902186	1	2526	45678655	1	3479
405902186	1	2526	219919732	1	3479
405902186	1	2526	118191937	1	3479
405902186	1	2526	190795434	1	3479
405902186	1	2526	16322578	1	3479
405902186	1	2526	88868176	1	3479
405902186	1	2526	161595171	1	3479
405902186	1	2526	220028151	1	3479
405902186	1	2526	234336813	1	3479
405902186	1	2526	350478932	1	3479
405902186	1	2526	409124918	1	3479
405902186	1	2526	83275953	1	3479
405902186	1	2526	103466454	1	3479
405902186	1	2526	147326301	1	3479
405902186	1	2526	255897284	1	3479
405902186	1	2526	408802050	1	3479
405902186	1	2526	452427280	1	3479
405902186	1	2526	30856349	1	3479
405902186	1	2526	39400430	1	3479
405902186	1	2526	74720597	1	3479
405902186	1	2526	452729470	1	3479
405902186	1	2526	74433824	1	3479
405902186	1	2526	88886019	1	3479
405902186	1	2526	176446118	1	3479
405902186	1	2526	205052967	1	3479
405902186	1	2526	219759177	1	3479
405902186	1	2526	350549041	1	3479
405902186	1	2526	147325865	1	3479
405902186	1	2526	176461120	1	3479
405902186	1	2526	45152266	1	3479
405902186	1	2526	71135837	1	3479
405902186	1	2526	248682499	1	3479
405902186	1	2526	173945657	1	3479
405902186	1	2526	203287891	1	3479
405902186	1	2526	1341	1	3479
405902186	1	2526	89196961	1	3479
405902186	1	2526	86811971	1	3479
405902186	1	2526	103589584	1	3479
405902186	1	2526	118057697	1	3479
405902186	1	2526	1839973	1	3479
405902186	1	2526	89169913	1	3479
405902186	1	2526	437776039	1	3479
405902186	1	2526	438192470	1	3479
405902186	1	2526	205471612	1	3479
405902186	1	2526	176283921	1	3479
405902186	1	2526	16139630	1	3479
405902186	1	2526	423257597	1	3479
405902186	1	2526	220033885	1	3479
405902186	1	2526	1587654	1	3479
405902186	1	2526	117124572	1	3479
405902186	1	2526	103390380	1	3479
405902186	1	2526	161836043	1	3479
405902186	1	2526	147432643	1	3479
405902186	1	2526	261581563	1	3479
405902186	1	2526	307251557	1	3479
405902186	1	2526	350729782	1	3479
405902186	1	2526	393428252	1	3479
405902186	1	2526	58978531	1	3479
405902186	1	2526	176386060	1	3479
405902186	1	2526	59836760	1	3479
405902186	1	2526	407976607	1	3479
405902186	1	2526	336176405	1	3479
405902186	1	2526	96065391	1	3479
405902186	1	2526	205302276	1	3479
405902186	1	2526	365576833	1	3479
405902186	1	2526	389245782	1	3479
405902186	1	2526	307093583	1	3479
405902186	1	2526	88730015	1	3479
405902186	1	2526	292359011	1	3479
405902186	1	2526	336273401	1	3479
405902186	1	2526	45442020	1	3479
405902186	1	2526	306942960	1	3479
405902186	1	2526	60043567	1	3479
405902186	1	2526	117156035	1	3479
405902186	1	2526	379139016	1	3479
405902186	1	2526	451610590	1	3479
405902186	1	2526	379750167	1	3479
405902186	1	2526	394134177	1	3479
405902186	1	2526	74377969	1	3479
405902186	1	2526	176169158	1	3479
405902186	1	2526	350898867	1	3479
405902186	1	2526	437489743	1	3479
405902186	1	2526	117112930	1	3479
405902186	1	2526	408098471	1	3479
405902186	1	2526	175277102	1	3479
405902186	1	2526	277254464	1	3479
405902186	1	2526	393559005	1	3479
405902186	1	2526	437213505	1	3479
405902186	1	2526	248171769	1	3479
405902186	1	2526	262529385	1	3479
405902186	1	2526	117816975	1	3479
405902186	1	2526	131679397	1	3479
405902186	1	2526	131810588	1	3479
405902186	1	2526	204819928	1	3479
405902186	1	2526	262552163	1	3479
405902186	1	2526	73512947	1	3479
405902186	1	2526	234352350	1	3479
405902186	1	2526	349930847	1	3479
405902186	1	2526	175433049	1	3479
405902186	1	2526	291766242	1	3479
405902186	1	2526	407970148	1	3479
405902186	1	2526	88214171	1	3479
405902186	1	2526	219087020	1	3479
405902186	1	2526	364318936	1	3479
405902186	1	2526	451752648	1	3479
405902186	1	2526	160923779	1	3479
405902186	1	2526	233444595	1	3479
405902186	1	2526	277254997	1	3479
405902186	1	2526	301126313	1	3479
405902186	1	2526	335976425	1	3479
405902186	1	2526	277810294	1	3479
405902186	1	2526	205104243	1	3479
405902186	1	2526	248026446	1	3479
405902186	1	2526	277109954	1	3479
405902186	1	2526	88071099	1	3479
405902186	1	2526	349819473	1	3479
405902186	1	2526	59700673	1	3479
405902186	1	2526	437038675	1	3479
405902186	1	2526	58956192	1	3479
405902186	1	2526	335246765	1	3479
405902186	1	2526	349265303	1	3479
405902186	1	2526	154890691	1	3479
405902186	1	2526	16240937	1	3479
405902186	1	2526	461936688	1	3479
405902186	1	2526	423571853	1	3479
405902186	1	2526	342158564	1	3479
405902186	1	2526	103725688	1	3479
405902186	1	2526	263682694	1	3479
405902186	1	2526	350595105	1	3479
405902186	1	2526	394219831	1	3479
405902186	1	2526	51842457	1	3479
405902186	1	2526	146957349	1	3479
405902186	1	2526	171322427	1	3479
405902186	1	2526	336536186	1	3479
405902186	1	2526	406482230	1	3479
405902186	1	2526	45487179	1	3479
405902186	1	2526	321799973	1	3479
405902186	1	2526	234360175	1	3479
405902186	1	2526	307045413	1	3479
405902186	1	2526	263624097	1	3479
405902186	1	2526	394316602	1	3479
405902186	1	2526	394487889	1	3479
405902186	1	2526	336425968	1	3479
405902186	1	2526	379776276	1	3479
405902186	1	2526	292522000	1	3479
405902186	1	2526	360445180	1	3479
405902186	1	2526	360604144	1	3479
405902186	1	2526	307325158	1	3479
405902186	1	2526	301668713	1	3479
405902186	1	2526	132435977	1	3479
405902186	1	2526	278148125	1	3479
405902186	1	2526	59765730	1	3479
405902186	1	2526	408897692	1	3479
405902186	1	2526	249038925	1	3479
405902186	1	2526	103589193	1	3479
405902186	1	2526	314232992	1	3479
405902186	1	2526	791978	1	3479
405902186	1	2526	125381873	1	3479
405902186	1	2526	321977176	1	3479
405902186	1	2526	54415149	1	3479
405902186	1	2526	379121190	1	3479
405902186	1	2526	272667934	1	3479
405902186	1	2526	435167011	1	3479
405902186	1	2526	263443262	1	3479
405902186	1	2526	394679760	1	3479
405902186	1	2526	452295636	1	3479
405902186	1	2526	55882780	1	3479
405902186	1	2526	292638820	1	3479
405902186	1	2526	30927425	1	3479
405902186	1	2526	336182757	1	3479
405902186	1	2526	438011194	1	3479
405902186	1	2526	30941633	1	3479
405902186	1	2526	350850028	1	3479
405902186	1	2526	332283203	1	3479
405902186	1	2526	423564937	1	3479
405902186	1	2526	379970293	1	3479
405902186	1	2526	336406894	1	3479
405902186	1	2526	190880523	1	3479
405902186	1	2526	380026705	1	3479
405902186	1	2526	336243269	1	3479
405902186	1	2526	423493470	1	3479
405902186	1	2526	219908350	1	3479
405902186	1	2526	394174097	1	3479
405902186	1	2526	30949751	1	3479
405902186	1	2526	16082561	1	3479
405902186	1	2526	45350334	1	3479
405902186	1	2526	216014312	1	3479
405902186	1	2526	307172486	1	3479
405902186	1	2526	321701750	1	3479
405902186	1	2526	365450699	1	3479
405902186	1	2526	176574369	1	3479
405902186	1	2526	459277251	1	3479
405902186	1	2526	155964313	1	3479
405902186	1	2526	219603872	1	3479
405902186	1	2526	239771823	1	3479
405902186	1	2526	16477948	1	3479
405902186	1	2526	103824754	1	3479
405902186	1	2526	132680671	1	3479
405902186	1	2526	321725784	1	3479
405902186	1	2526	292433068	1	3479
405902186	1	2526	161940716	1	3479
405902186	1	2526	30895913	1	3479
405902186	1	2526	292801893	1	3479
405902186	1	2526	249013521	1	3479
405902186	1	2526	379683157	1	3479
405902186	1	2526	161725667	1	3479
405902186	1	2526	234379540	1	3479
405902186	1	2526	452529829	1	3479
405902186	1	2526	118372845	1	3479
405902186	1	2526	278014330	1	3479
405902186	1	2526	409143755	1	3479
405902186	1	2526	45529224	1	3479
405902186	1	2526	147283803	1	3479
405902186	1	2526	423642917	1	3479
405902186	1	2526	190576529	1	3479
405902186	1	2526	118073912	1	3479
405902186	1	2526	176239237	1	3479
405902186	1	2526	205614082	1	3479
405902186	1	2526	234134033	1	3479
405902186	1	2526	307308671	1	3479
405902186	1	2526	103393220	1	3479
405902186	1	2526	234380603	1	3479
405902186	1	2526	147180179	1	3479
405902186	1	2526	103030450	1	3479
405902186	1	2526	350817604	1	3479
405902186	1	2526	160769377	1	3479
405902186	1	2526	321782544	1	3479
405902186	1	2526	365502206	1	3479
405902186	1	2526	59993005	1	3479
405902186	1	2526	301094445	1	3479
405902186	1	2526	307128189	1	3479
405902186	1	2526	16360323	1	3479
405902186	1	2526	303176083	1	3479
405902186	1	2526	432905375	1	3479
405902186	1	2526	219992064	1	3479
405902186	1	2526	306862128	1	3479
405902186	1	2526	321532854	1	3479
405902186	1	2526	365596739	1	3479
405902186	1	2526	42998479	1	3479
405902186	1	2526	74181524	1	3479
405902186	1	2526	190907321	1	3479
405902186	1	2526	225572231	1	3479
405902186	1	2526	255248528	1	3479
405902186	1	2526	263413465	1	3479
405902186	1	2526	423730644	1	3479
405902186	1	2526	1731639	1	3479
405902186	1	2526	1889786	1	3479
405902186	1	2526	103547714	1	3479
405902186	1	2526	271407944	1	3479
405902186	1	2526	437900086	1	3479
405902186	1	2526	459001307	1	3479
405902186	1	2526	15513422	1	3479
405902186	1	2526	16579086	1	3479
405902186	1	2526	25543218	1	3479
405902186	1	2526	318013043	1	3479
405902186	1	2526	74619009	1	3479
405902186	1	2526	270301415	1	3479
405902186	1	2526	277080930	1	3479
405902186	1	2526	74320275	1	3479
405902186	1	2526	103823497	1	3479
405902186	1	2526	131846074	1	3479
405902186	1	2526	138173051	1	3479
405902186	1	2526	161703007	1	3479
405902186	1	2526	248807982	1	3479
405902186	1	2526	336514781	1	3479
405902186	1	2526	350532761	1	3479
405902186	1	2526	365259188	1	3479
405902186	1	2526	407989090	1	3479
405902186	1	2526	103328080	1	3479
405902186	1	2526	350716360	1	3479
405902186	1	2526	44448768	1	3479
405902186	1	2526	132674538	1	3479
405902186	1	2526	146237126	1	3479
405902186	1	2526	176306348	1	3479
405902186	1	2526	176429885	1	3479
405902186	1	2526	204401818	1	3479
405902186	1	2526	205380444	1	3479
405902186	1	2526	205388762	1	3479
405902186	1	2526	234411413	1	3479
405902186	1	2526	437072722	1	3479
405902186	1	2526	446658266	1	3479
405902186	1	2526	1612049	1	3479
405902186	1	2526	117156745	1	3479
405902186	1	2526	161012942	1	3479
405902186	1	2526	378905063	1	3479
405902186	1	2526	408219268	1	3479
405902186	1	2526	12704607	1	3479
405902186	1	2526	161575061	1	3479
405902186	1	2526	205312830	1	3479
405902186	1	2526	306987750	1	3479
405902186	1	2526	364364726	1	3479
405902186	1	2526	768160	1	3479
405902186	1	2526	30619769	1	3479
405902186	1	2526	88017615	1	3479
405902186	1	2526	249177377	1	3479
405902186	1	2526	263285315	1	3479
405902186	1	2526	320679206	1	3479
405902186	1	2526	329948042	1	3479
405902186	1	2526	350740091	1	3479
405902186	1	2526	263517709	1	3479
405902186	1	2526	278103405	1	3479
405902186	1	2526	278193997	1	3479
405902186	1	2526	336219793	1	3479
405902186	1	2526	380100095	1	3479
405902186	1	2526	409211616	1	3479
405902186	1	2526	437012585	1	3479
405902186	1	2526	16118926	1	3479
405902186	1	2526	26055583	1	3479
405902186	1	2526	292638627	1	3479
405902186	1	2526	320738276	1	3479
405902186	1	2526	98000880	1	3479
405902186	1	2526	31095826	1	3479
405902186	1	2526	243075389	1	3479
405902186	1	2526	245492448	1	3479
405902186	1	2526	249013204	1	3479
405902186	1	2526	292785066	1	3479
405902186	1	2526	146195592	1	3479
405902186	1	2526	378886347	1	3479
405902186	1	2526	131812022	1	3479
405902186	1	2526	408096014	1	3479
405902186	1	2526	15477124	1	3479
405902186	1	2526	204402725	1	3479
405902186	1	2526	248171396	1	3479
405902186	1	2526	335278964	1	3479
405902186	1	2526	16097675	1	3479
405902186	1	2526	102756509	1	3479
405902186	1	2526	160776804	1	3479
405902186	1	2526	176230403	1	3479
405902186	1	2526	190220264	1	3479
405902186	1	2526	234263964	1	3479
405902186	1	2526	262930460	1	3479
405902186	1	2526	277255192	1	3479
405902186	1	2526	321375252	1	3479
405902186	1	2526	422670278	1	3479
405902186	1	2526	452386152	1	3479
405902186	1	2526	806582	1	3479
405902186	1	2526	176040433	1	3479
405902186	1	2526	437053387	1	3479
405902186	1	2526	161461986	1	3479
405902186	1	2526	278314763	1	3479
405902186	1	2526	45619228	1	3479
405902186	1	2526	335222298	1	3479
405902186	1	2526	132853366	1	3479
405902186	1	2526	364305229	1	3479
405902186	1	2526	59997600	1	3479
405902186	1	2526	277867755	1	3479
405902186	1	2526	82887549	1	3479
405902186	1	2526	1570439	1	3479
405902186	1	2526	16110384	1	3479
405902186	1	2526	176067880	1	3479
405902186	1	2526	103478326	1	3479
405902186	1	2526	117264428	1	3479
405902186	1	2526	335260277	1	3479
405902186	1	2526	422638072	1	3479
405902186	1	2526	45422842	1	3479
405902186	1	2526	8813819	1	3479
405902186	1	2526	45519686	1	3479
405902186	1	2526	408869380	1	3479
405902186	1	2526	131696429	1	3479
405902186	1	2526	102610715	1	3479
405902186	1	2526	88014249	1	3479
405902186	1	2526	175266736	1	3479
405902186	1	2526	335514927	1	3479
405902186	1	2526	422533722	1	3479
405902186	1	2526	320706996	1	3479
405902186	1	2526	74749988	1	3479
405902186	1	2526	437301044	1	3479
405902186	1	2526	389801521	1	3479
405902186	1	2526	315337293	1	3479
405902186	1	2526	214867233	1	3479
405902186	1	2526	335421156	1	3479
405902186	1	2526	306151391	1	3479
405902186	1	2526	186703854	1	3479
405902186	1	2526	30049247	1	3479
405902186	1	2526	286047221	1	3479
405902186	1	2526	364318506	1	3479
405902186	1	2526	60111644	1	3479
405902186	1	2526	1569171	1	3479
405902186	1	2526	74579619	1	3479
405902186	1	2526	147201788	1	3479
405902186	1	2526	365107733	1	3479
405902186	1	2526	45254031	1	3479
405902186	1	2526	45533230	1	3479
405902186	1	2526	117884213	1	3479
405902186	1	2526	129477979	1	3479
405902186	1	2526	263386803	1	3479
405902186	1	2526	394461720	1	3479
405902186	1	2526	452660079	1	3479
405902186	1	2526	8729992	1	3479
405902186	1	2526	190923694	1	3479
405902186	1	2526	205105306	1	3479
405902186	1	2526	335934494	1	3479
405902186	1	2526	336450914	1	3479
405902186	1	2526	255192724	1	3479
405902186	1	2526	307365450	1	3479
405902186	1	2526	423402119	1	3479
405902186	1	2526	452587980	1	3479
405902186	1	2526	438055752	1	3479
405902186	1	2526	184072366	1	3479
405902186	1	2526	45570370	1	3479
405902186	1	2526	176369063	1	3479
405902186	1	2526	234283179	1	3479
405902186	1	2526	103325353	1	3479
405902186	1	2526	103825144	1	3479
405902186	1	2526	263682706	1	3479
405902186	1	2526	1858212	1	3479
405902186	1	2526	161816478	1	3479
405902186	1	2526	307057146	1	3479
405902186	1	2526	219919444	1	3479
405902186	1	2526	118381505	1	3479
405902186	1	2526	30602605	1	3479
405902186	1	2526	30056209	1	3479
405902186	1	2526	204730537	1	3482
405902186	1	2526	161554701	1	3482
405902186	1	2526	365139791	1	3482
405902186	1	2526	88791206	1	3482
405902186	1	2526	336053568	1	3482
405902186	1	2526	248805963	1	3482
405902186	1	2526	132901339	1	3485
405902186	1	2526	30729166	1	3491
405902186	1	2526	321530156	1	3494
405902186	1	2526	306988509	1	3494
405902186	1	2526	219086893	1	3524
405902186	1	2526	31080239	1	3536
405902186	1	2526	393596438	1	3542
405902186	1	2526	74583507	1	3548
405902186	1	2526	219796482	1	3548
405902186	1	2526	190653369	1	3548
405902186	1	2526	59745784	1	3548
405902186	1	2526	30970471	1	3548
405902186	1	2526	190827738	1	3557
405902186	1	2526	437488905	1	3575
405902186	1	2526	118239237	1	3581
405902186	1	2526	263623431	1	3599
405902186	1	2526	74481758	1	3605
405902186	1	2526	45394836	1	3647
405902186	1	2526	449469647	1	3680
405902186	1	2526	44588554	1	3692
405902186	1	2526	59833913	1	3716
405902186	1	2526	117806900	1	3773
405902186	1	2526	379845969	1	3803
405902186	1	2526	190574791	1	3812
405902186	1	2526	292533874	1	4016
405902186	1	2526	423592421	1	4016
405902186	1	2526	74398713	1	4040
405902186	1	2526	117298689	1	4088
 