29538740	1	392	3.567E-107	3	1645	3001	38	153	0.601	8.027E-39	143	271	769	1645	2010	366	1612	2091
29538740	1	392	3.567E-107	3	1645	3001	44	89	0.338	4.539E-16	269	424	769	2067	2543	477	2025	2603
29538740	1	392	3.567E-107	3	1645	3001	54	154	0.581	6.126E-38	422	554	769	2597	3001	405	2534	3187
29865450	1	241	1.018E-61	2	3055	3712	56	74	0.589	3.656E-12	77	135	303	3055	3240	186	2995	3306
29865450	1	241	1.018E-61	2	3055	3712	64	167	0.608	1.475E-43	135	273	303	3299	3712	414	3287	3775
44197619	1	251	9.944E-65	2	1660	2528	38	153	0.631	1.508E-38	54	174	470	1660	2010	351	1612	2091
44197619	1	251	9.944E-65	2	1660	2528	44	100	0.377	5.443E-20	172	323	470	2067	2528	462	2025	2603
44202685	1	359	3.064E-97	3	1660	3001	38	130	0.542	9.511E-31	91	214	716	1660	2010	351	1612	2091
44202685	1	359	3.064E-97	3	1660	3001	44	91	0.350	1.309E-16	212	363	716	2067	2528	462	2025	2603
44202685	1	359	3.064E-97	3	1660	3001	54	141	0.541	1.381E-33	366	498	716	2597	3001	405	2534	3187
44570309	1	544	6.249E-153	4	2067	3869	44	143	0.491	1.114E-34	224	378	705	2067	2531	465	2025	2603
44570309	1	544	6.249E-153	4	2067	3869	54	185	0.508	1.043E-48	379	549	705	2594	3172	579	2534	3187
44570309	1	544	6.249E-153	4	2067	3869	64	177	0.646	5.562E-47	551	679	705	3347	3757	411	3287	3775
44570309	1	544	6.249E-153	4	2067	3869	66	46	0.635	8.780E-04	669	702	705	3768	3869	102	3768	3872
58466694	1	202	5.598E-50	3	1645	3715	38	162	0.631	5.693E-42	147	275	775	1645	2010	366	1612	2091
58466694	1	202	5.598E-50	3	1645	3715	44	99	0.372	1.895E-19	273	423	775	2067	2528	462	2025	2603
58466694	1	202	5.598E-50	3	1645	3715	64	133	0.510	8.665E-32	615	745	775	3305	3715	411	3287	3775
58567870	1	328	6.581E-88	3	2070	3700	44	95	0.361	4.272E-18	266	416	781	2070	2531	462	2025	2603
58567870	1	328	6.581E-88	3	2070	3700	54	146	0.510	3.226E-35	418	563	781	2597	3046	450	2534	3187
58567870	1	328	6.581E-88	3	2070	3700	64	132	0.515	3.053E-31	611	740	781	3299	3700	402	3287	3775
58582579	1	374	9.352E-102	3	1645	3001	38	153	0.605	8.027E-39	147	274	779	1645	2010	366	1612	2091
58582579	1	374	9.352E-102	3	1645	3001	44	99	0.372	1.895E-19	272	423	779	2067	2528	462	2025	2603
58582579	1	374	9.352E-102	3	1645	3001	54	125	0.491	5.087E-28	426	559	779	2597	3001	405	2534	3187
58593957	1	173	3.006E-41	3	1645	3700	38	155	0.574	2.275E-39	151	288	791	1645	2037	393	1612	2091
58593957	1	173	3.006E-41	3	1645	3700	44	96	0.364	1.229E-18	277	429	791	2067	2531	465	2025	2603
58593957	1	173	3.006E-41	3	1645	3700	64	130	0.520	7.851E-31	628	752	791	3308	3700	393	3287	3775
58594627	1	365	4.788E-99	3	1277	2531	30	132	0.645	5.410E-32	3	104	742	1277	1582	306	1235	1645
58594627	1	365	4.788E-99	3	1277	2531	38	152	0.566	2.067E-38	102	239	742	1645	2037	393	1612	2091
58594627	1	365	4.788E-99	3	1277	2531	44	94	0.359	5.833E-18	228	380	742	2067	2531	465	2025	2603
58661074	1	227	1.668E-57	2	2067	3001	44	98	0.369	4.827E-19	65	217	573	2067	2528	462	2025	2603
58661074	1	227	1.668E-57	2	2067	3001	54	130	0.505	1.199E-29	220	352	573	2597	3001	405	2534	3187
58780177	1	383	1.826E-104	3	1268	2528	30	124	0.590	5.606E-29	45	150	722	1268	1582	315	1235	1645
58780177	1	383	1.826E-104	3	1268	2528	38	170	0.657	1.038E-44	148	276	722	1645	2010	366	1612	2091
58780177	1	383	1.826E-104	3	1268	2528	44	93	0.356	2.026E-17	274	427	722	2067	2528	462	2025	2603
102128950	1	637	6.310E-181	6	1265	3869	30	154	0.713	1.135E-39	0	105	745	1265	1582	318	1235	1645
102128950	1	637	6.310E-181	6	1265	3869	38	179	0.719	1.007E-47	105	226	745	1651	2001	351	1612	2091
102128950	1	637	6.310E-181	6	1265	3869	44	126	0.444	1.103E-28	227	381	745	2067	2531	465	2025	2603
102128950	1	637	6.310E-181	6	1265	3869	56	83	0.613	1.838E-15	516	579	745	3055	3255	201	2995	3306
102128950	1	637	6.310E-181	6	1265	3869	64	190	0.693	2.302E-51	574	708	745	3299	3703	405	3287	3775
102128950	1	637	6.310E-181	6	1265	3869	66	38	0.545	2.814E-01	709	741	745	3768	3869	102	3768	3872
102166300	1	372	3.741E-101	3	1651	3001	38	147	0.598	1.705E-36	147	270	774	1651	2010	360	1612	2091
102166300	1	372	3.741E-101	3	1651	3001	44	91	0.350	1.309E-16	268	416	774	2067	2528	462	2025	2603
102166300	1	372	3.741E-101	3	1651	3001	54	137	0.529	3.157E-32	419	551	774	2597	3001	405	2534	3187
102416306	1	229	4.171E-58	3	1651	3703	38	154	0.637	4.273E-39	143	263	793	1651	2001	351	1612	2091
102416306	1	229	4.171E-58	3	1651	3703	54	150	0.531	1.407E-36	413	558	793	2561	3001	441	2534	3187
102416306	1	229	4.171E-58	3	1651	3703	64	136	0.526	6.978E-33	623	757	793	3299	3703	405	3287	3775
102428860	1	395	4.459E-108	3	1645	3001	38	160	0.621	2.754E-41	145	274	774	1645	2010	366	1612	2091
102428860	1	395	4.459E-108	3	1645	3001	44	100	0.374	7.436E-20	272	423	774	2067	2531	465	2025	2603
102428860	1	395	4.459E-108	3	1645	3001	54	136	0.524	1.103E-31	425	557	774	2597	3001	405	2534	3187
131774036	1	1108	1.038E-322	7	1265	3869	30	173	0.785	5.582E-46	0	105	764	1265	1582	318	1235	1645
131774036	1	1108	1.038E-322	7	1265	3869	38	186	0.647	2.512E-50	103	246	764	1645	2001	357	1612	2091
131774036	1	1108	1.038E-322	7	1265	3869	44	181	0.593	1.184E-47	247	400	764	2067	2531	465	2025	2603
131774036	1	1108	1.038E-322	7	1265	3869	54	205	0.737	1.135E-55	402	537	764	2597	3004	408	2534	3187
131774036	1	1108	1.038E-322	7	1265	3869	56	103	0.771	1.795E-22	535	595	764	3055	3246	192	2995	3306
131774036	1	1108	1.038E-322	7	1265	3869	64	221	0.715	3.455E-62	593	737	764	3299	3754	456	3287	3775
131774036	1	1108	1.038E-322	7	1265	3869	66	48	0.671	9.354E-05	728	761	764	3768	3869	102	3768	3872
160297355	1	631	4.038E-179	6	1262	3872	30	150	0.689	5.019E-38	45	150	875	1262	1582	321	1235	1645
160297355	1	631	4.038E-179	6	1262	3872	38	181	0.722	1.517E-48	148	270	875	1645	2001	357	1612	2091
160297355	1	631	4.038E-179	6	1262	3872	44	133	0.464	2.851E-31	271	425	875	2067	2531	465	2025	2603
160297355	1	631	4.038E-179	6	1262	3872	56	81	0.598	1.228E-14	560	623	875	3055	3255	201	2995	3306
160297355	1	631	4.038E-179	6	1262	3872	64	176	0.646	1.432E-46	618	753	875	3299	3703	405	3287	3775
160297355	1	631	4.038E-179	6	1262	3872	66	45	0.610	1.666E-03	754	787	875	3768	3872	105	3768	3872
160856086	1	803	6.746E-231	5	1262	3775	30	173	0.781	4.071E-46	40	146	787	1262	1582	321	1235	1645
160856086	1	803	6.746E-231	5	1262	3775	44	183	0.599	2.453E-48	268	421	787	2067	2531	465	2025	2603
160856086	1	803	6.746E-231	5	1262	3775	54	220	0.783	7.296E-61	423	558	787	2597	3004	408	2534	3187
160856086	1	803	6.746E-231	5	1262	3775	56	117	0.865	2.025E-27	556	619	787	3055	3246	192	2995	3306
160856086	1	803	6.746E-231	5	1262	3775	64	231	0.715	9.454E-66	617	770	787	3299	3775	477	3287	3775
174790710	1	138	1.033E-30	3	1645	3700	38	117	0.492	2.254E-26	122	247	769	1645	2010	366	1612	2091
174790710	1	138	1.033E-30	3	1645	3700	44	96	0.364	2.292E-18	245	397	769	2067	2528	462	2025	2603
174790710	1	138	1.033E-30	3	1645	3700	64	124	0.478	8.818E-29	596	734	769	3299	3700	402	3287	3775
174946829	1	307	1.380E-81	4	1268	3712	30	121	0.585	3.724E-28	44	148	800	1268	1582	315	1235	1645
174946829	1	307	1.380E-81	4	1268	3712	38	142	0.595	5.459E-35	148	268	800	1651	2001	351	1612	2091
174946829	1	307	1.380E-81	4	1268	3712	44	106	0.389	9.414E-22	269	418	800	2067	2531	465	2025	2603
174946829	1	307	1.380E-81	4	1268	3712	64	134	0.518	6.325E-32	618	752	800	3314	3712	399	3287	3775
175046833	1	62	7.803E-08	1	3055	3255	56	62	0.480	3.528E-08	13	79	114	3055	3255	201	2995	3306
175114797	1	385	4.566E-105	3	1645	3001	38	156	0.610	8.835E-40	148	276	781	1645	2010	366	1612	2091
175114797	1	385	4.566E-105	3	1645	3001	44	88	0.340	1.152E-15	274	428	781	2067	2531	465	2025	2603
175114797	1	385	4.566E-105	3	1645	3001	54	142	0.545	5.402E-34	430	562	781	2597	3001	405	2534	3187
175178804	1	396	2.230E-108	5	1268	3616	30	147	0.685	3.337E-37	46	151	865	1268	1582	315	1235	1645
175178804	1	396	2.230E-108	5	1268	3616	38	146	0.695	3.202E-36	151	252	865	1651	1959	309	1612	2091
175178804	1	396	2.230E-108	5	1268	3616	44	102	0.380	1.144E-20	290	442	865	2067	2531	465	2025	2603
175178804	1	396	2.230E-108	5	1268	3616	56	64	0.514	9.956E-09	573	632	865	3055	3243	189	2995	3306
175178804	1	396	2.230E-108	5	1268	3616	64	100	0.504	1.872E-20	632	727	865	3305	3616	312	3287	3775
175219663	1	381	7.306E-104	4	1268	3001	30	119	0.575	2.473E-27	34	138	866	1268	1582	315	1235	1645
175219663	1	381	7.306E-104	4	1268	3001	38	151	0.614	3.882E-38	138	261	866	1651	2001	351	1612	2091
175219663	1	381	7.306E-104	4	1268	3001	44	85	0.425	1.380E-14	262	369	866	2067	2393	327	2025	2603
175219663	1	381	7.306E-104	4	1268	3001	54	159	0.597	1.040E-39	506	638	866	2597	3001	405	2534	3187
175234930	1	374	9.352E-102	3	1651	3001	38	150	0.606	9.994E-38	148	272	769	1651	2010	360	1612	2091
175234930	1	374	9.352E-102	3	1651	3001	44	90	0.348	1.787E-16	270	421	769	2067	2528	462	2025	2603
175234930	1	374	9.352E-102	3	1651	3001	54	137	0.528	4.316E-32	424	556	769	2597	3001	405	2534	3187
182930196	1	1138	0.000E+00	7	1262	3872	30	170	0.770	3.713E-45	37	143	784	1262	1582	321	1235	1645
182930196	1	1138	0.000E+00	7	1262	3872	38	196	0.768	9.437E-54	141	264	784	1645	2001	357	1612	2091
182930196	1	1138	0.000E+00	7	1262	3872	44	178	0.590	7.824E-47	265	417	784	2067	2528	462	2025	2603
182930196	1	1138	0.000E+00	7	1262	3872	54	220	0.782	9.995E-61	420	555	784	2597	3004	408	2534	3187
182930196	1	1138	0.000E+00	7	1262	3872	56	118	0.871	1.075E-27	553	616	784	3055	3246	192	2995	3306
182930196	1	1138	0.000E+00	7	1262	3872	64	226	0.726	4.169E-64	614	759	784	3299	3757	459	3287	3775
182930196	1	1138	0.000E+00	7	1262	3872	66	42	0.581	1.138E-02	749	783	784	3768	3872	105	3768	3872
189466779	1	368	5.985E-100	3	1268	2531	30	133	0.628	2.877E-32	45	150	726	1268	1582	315	1235	1645
189466779	1	368	5.985E-100	3	1268	2531	38	154	0.572	4.273E-39	148	285	726	1645	2037	393	1612	2091
189466779	1	368	5.985E-100	3	1268	2531	44	94	0.358	7.963E-18	274	426	726	2067	2531	465	2025	2603
189502112	1	310	1.725E-82	5	1265	3869	30	137	0.637	1.680E-33	42	148	789	1265	1582	318	1235	1645
189502112	1	310	1.725E-82	5	1265	3869	38	183	0.721	5.889E-49	146	269	789	1645	2001	357	1612	2091
189502112	1	310	1.725E-82	5	1265	3869	56	82	0.608	3.461E-15	559	624	789	3055	3255	201	2995	3306
189502112	1	310	1.725E-82	5	1265	3869	64	160	0.614	5.890E-41	623	753	789	3314	3703	390	3287	3775
189502112	1	310	1.725E-82	5	1265	3869	66	36	0.515	1.936E+00	754	787	789	3768	3869	102	3768	3872
189555289	1	620	8.270E-176	6	1262	3872	30	147	0.676	6.274E-37	45	150	905	1262	1582	321	1235	1645
189555289	1	620	8.270E-176	6	1262	3872	38	182	0.724	8.073E-49	148	270	905	1645	2001	357	1612	2091
189555289	1	620	8.270E-176	6	1262	3872	44	134	0.451	1.522E-31	271	432	905	2067	2537	471	2025	2603
189555289	1	620	8.270E-176	6	1262	3872	56	80	0.593	2.312E-14	568	631	905	3055	3255	201	2995	3306
189555289	1	620	8.270E-176	6	1262	3872	64	171	0.630	8.637E-45	626	761	905	3299	3703	405	3287	3775
189555289	1	620	8.270E-176	6	1262	3872	66	42	0.571	2.161E-02	762	795	905	3768	3872	105	3768	3872
189860255	1	100	2.839E-19	1	3314	3685	64	100	0.429	2.562E-20	111	238	239	3314	3685	372	3287	3775
218444853	1	295	5.653E-78	3	2076	3700	44	87	0.345	1.572E-15	288	433	791	2076	2528	453	2025	2603
218444853	1	295	5.653E-78	3	2076	3700	54	141	0.542	1.010E-33	436	568	791	2597	3001	405	2534	3187
218444853	1	295	5.653E-78	3	2076	3700	64	129	0.513	2.019E-30	631	756	791	3305	3700	396	3287	3775
218651429	1	312	4.313E-83	3	2067	3703	44	98	0.370	2.588E-19	269	420	802	2067	2531	465	2025	2603
218651429	1	312	4.313E-83	3	2067	3703	54	156	0.589	6.825E-39	422	554	802	2597	3001	405	2534	3187
218651429	1	312	4.313E-83	3	2067	3703	64	138	0.531	1.980E-33	637	767	802	3299	3703	405	3287	3775
218791117	1	138	1.033E-30	3	1651	3700	38	120	0.508	2.490E-27	124	247	770	1651	2010	360	1612	2091
218791117	1	138	1.033E-30	3	1651	3700	44	94	0.358	7.963E-18	245	398	770	2067	2531	465	2025	2603
218791117	1	138	1.033E-30	3	1651	3700	64	125	0.485	6.437E-29	599	735	770	3305	3700	396	3287	3775
233155157	1	390	1.427E-106	3	1645	3001	38	156	0.612	6.446E-40	146	274	772	1645	2010	366	1612	2091
233155157	1	390	1.427E-106	3	1645	3001	44	94	0.359	7.963E-18	272	422	772	2067	2528	462	2025	2603
233155157	1	390	1.427E-106	3	1645	3001	54	143	0.549	2.112E-34	425	557	772	2597	3001	405	2534	3187
247546083	1	457	9.669E-127	5	1645	3869	38	179	0.709	1.007E-47	106	229	888	1645	2001	357	1612	2091
247546083	1	457	9.669E-127	5	1645	3869	44	111	0.405	8.668E-24	230	384	888	2067	2531	465	2025	2603
247546083	1	457	9.669E-127	5	1645	3869	56	80	0.618	1.685E-14	520	581	888	3055	3246	192	2995	3306
247546083	1	457	9.669E-127	5	1645	3869	64	181	0.661	3.255E-48	579	714	888	3299	3703	405	3287	3775
247546083	1	457	9.669E-127	5	1645	3869	66	38	0.540	3.880E-01	715	748	888	3768	3869	102	3768	3872
247591187	1	369	2.993E-100	5	1618	3869	38	188	0.719	9.751E-51	101	228	845	1618	2001	384	1612	2091
247591187	1	369	2.993E-100	5	1618	3869	44	127	0.448	3.148E-29	229	381	845	2067	2531	465	2025	2603
247591187	1	369	2.993E-100	5	1618	3869	56	86	0.682	2.005E-16	608	668	845	3064	3246	183	2995	3306
247591187	1	369	2.993E-100	5	1618	3869	64	177	0.642	5.562E-47	666	803	845	3299	3703	405	3287	3775
247591187	1	369	2.993E-100	5	1618	3869	66	32	0.715	6.696E+01	822	841	845	3810	3869	60	3768	3872
247960874	1	66	4.877E-09	1	2157	2531	44	66	0.322	2.720E-08	90	213	245	2157	2531	375	2025	2603
248106925	1	1369	0.000E+00	8	1073	3866	24	50	0.619	1.076E-04	52	90	839	1073	1189	117	1019	1225
248106925	1	1369	0.000E+00	8	1073	3866	30	186	0.775	1.663E-50	88	203	839	1235	1582	348	1235	1645
248106925	1	1369	0.000E+00	8	1073	3866	38	233	0.939	2.331E-66	203	319	839	1651	2001	351	1612	2091
248106925	1	1369	0.000E+00	8	1073	3866	44	226	0.712	3.014E-63	320	475	839	2067	2531	465	2025	2603
248106925	1	1369	0.000E+00	8	1073	3866	54	241	0.855	3.026E-68	477	611	839	2597	3001	405	2534	3187
248106925	1	1369	0.000E+00	8	1073	3866	56	132	0.963	1.668E-32	610	673	839	3055	3246	192	2995	3306
248106925	1	1369	0.000E+00	8	1073	3866	64	247	0.872	3.118E-71	671	805	839	3299	3703	405	3287	3775
248106925	1	1369	0.000E+00	8	1073	3866	66	50	0.714	1.892E-05	806	838	839	3768	3866	99	3768	3872
277042524	1	270	1.897E-70	3	1268	3046	30	128	0.614	1.270E-30	60	164	800	1268	1582	315	1235	1645
277042524	1	270	1.897E-70	3	1268	3046	44	101	0.374	3.985E-20	286	437	800	2067	2534	468	2025	2603
277042524	1	270	1.897E-70	3	1268	3046	54	160	0.553	2.965E-40	438	585	800	2597	3046	450	2534	3187
284576320	1	643	9.859E-183	6	1253	3863	30	151	0.679	1.419E-38	3	111	780	1253	1582	330	1235	1645
284576320	1	643	9.859E-183	6	1253	3863	38	175	0.706	1.721E-46	111	232	780	1651	2001	351	1612	2091
284576320	1	643	9.859E-183	6	1253	3863	44	130	0.460	3.506E-30	233	385	780	2067	2525	459	2025	2603
284576320	1	643	9.859E-183	6	1253	3863	56	101	0.667	1.199E-21	522	595	780	3055	3255	201	2995	3306
284576320	1	643	9.859E-183	6	1253	3863	64	182	0.587	1.264E-48	590	747	780	3299	3712	414	3287	3775
284576320	1	643	9.859E-183	6	1253	3863	66	42	0.626	1.138E-02	745	776	780	3768	3863	96	3768	3872
291057302	1	312	4.313E-83	4	1256	3246	30	125	0.581	2.175E-29	29	137	787	1256	1582	327	1235	1645
291057302	1	312	4.313E-83	4	1256	3246	44	98	0.370	2.588E-19	260	411	787	2067	2531	465	2025	2603
291057302	1	312	4.313E-83	4	1256	3246	54	156	0.543	9.338E-39	400	547	787	2558	3004	447	2534	3187
291057302	1	312	4.313E-83	4	1256	3246	56	66	0.497	2.048E-09	545	612	787	3055	3246	192	2995	3306
291152843	1	231	1.043E-58	2	2067	3001	44	91	0.352	7.030E-17	65	217	570	2067	2528	462	2025	2603
291152843	1	231	1.043E-58	2	2067	3001	54	141	0.542	1.010E-33	220	352	570	2597	3001	405	2534	3187
291183800	1	156	3.939E-36	3	1651	3700	38	149	0.590	3.526E-37	148	275	781	1651	2010	360	1612	2091
291183800	1	156	3.939E-36	3	1651	3700	44	84	0.331	2.565E-14	273	424	781	2067	2528	462	2025	2603
291183800	1	156	3.939E-36	3	1651	3700	64	121	0.485	2.050E-27	622	746	781	3305	3700	396	3287	3775
291185366	1	340	1.607E-91	3	2067	3703	44	102	0.380	1.144E-20	269	422	784	2067	2531	465	2025	2603
291185366	1	340	1.607E-91	3	2067	3703	54	157	0.592	3.645E-39	424	556	784	2597	3001	405	2534	3187
291185366	1	340	1.607E-91	3	2067	3703	64	141	0.540	2.183E-34	619	749	784	3299	3703	405	3287	3775
291262275	1	228	8.342E-58	4	1313	3664	30	121	0.667	6.999E-28	116	204	894	1313	1579	267	1235	1645
291262275	1	228	8.342E-58	4	1313	3664	38	136	0.571	6.160E-33	210	331	894	1657	2001	345	1612	2091
291262275	1	228	8.342E-58	4	1313	3664	44	92	0.350	5.151E-17	328	472	894	2061	2528	468	2025	2603
291262275	1	228	8.342E-58	4	1313	3664	64	112	0.439	1.513E-24	701	840	894	3299	3664	366	3287	3775
320271274	1	536	1.600E-150	4	1268	3001	30	147	0.685	3.337E-37	39	144	770	1268	1582	315	1235	1645
320271274	1	536	1.600E-150	4	1268	3001	38	169	0.667	1.951E-44	142	267	770	1645	2010	366	1612	2091
320271274	1	536	1.600E-150	4	1268	3001	44	85	0.332	1.380E-14	265	416	770	2067	2531	465	2025	2603
320271274	1	536	1.600E-150	4	1268	3001	54	137	0.528	4.316E-32	418	550	770	2597	3001	405	2534	3187
320662849	1	111	1.386E-22	1	3314	3703	64	111	0.460	3.885E-24	51	180	210	3314	3703	390	3287	3775
334796080	1	296	2.826E-78	4	1651	3715	38	151	0.666	7.292E-38	150	260	776	1651	1986	336	1612	2091
334796080	1	296	2.826E-78	4	1651	3715	44	97	0.366	6.592E-19	272	424	776	2067	2531	465	2025	2603
334796080	1	296	2.826E-78	4	1651	3715	56	68	0.541	4.210E-10	559	618	776	3055	3243	189	2995	3306
334796080	1	296	2.826E-78	4	1651	3715	64	122	0.475	7.979E-28	618	746	776	3305	3715	411	3287	3775
334899657	1	219	4.271E-55	2	2067	3001	44	87	0.339	2.925E-15	65	211	564	2067	2528	462	2025	2603
334899657	1	219	4.271E-55	2	2067	3001	54	133	0.516	7.201E-31	214	346	564	2597	3001	405	2534	3187
335028869	1	284	1.158E-74	4	1268	3700	30	130	0.622	2.622E-31	61	165	802	1268	1579	312	1235	1645
335028869	1	284	1.158E-74	4	1268	3700	38	137	0.572	4.495E-33	171	292	802	1657	2001	345	1612	2091
335028869	1	284	1.158E-74	4	1268	3700	44	93	0.353	2.026E-17	289	433	802	2061	2528	468	2025	2603
335028869	1	284	1.158E-74	4	1268	3700	64	126	0.498	1.828E-29	631	758	802	3299	3700	402	3287	3775
335069528	1	400	1.394E-109	3	1645	3001	38	160	0.622	5.175E-41	173	301	802	1645	2010	366	1612	2091
335069528	1	400	1.394E-109	3	1645	3001	44	105	0.388	1.286E-21	299	450	802	2067	2531	465	2025	2603
335069528	1	400	1.394E-109	3	1645	3001	54	136	0.525	8.068E-32	452	584	802	2597	3001	405	2534	3187
335190177	1	378	5.845E-103	3	1684	3001	38	138	0.632	1.747E-33	168	276	780	1684	2010	327	1612	2091
335190177	1	378	5.845E-103	3	1684	3001	44	104	0.385	4.485E-21	274	422	780	2067	2528	462	2025	2603
335190177	1	378	5.845E-103	3	1684	3001	54	139	0.534	9.032E-33	425	557	780	2597	3001	405	2534	3187
335533173	1	1153	0.000E+00	7	1247	3869	30	175	0.760	6.121E-47	27	138	779	1247	1582	336	1235	1645
335533173	1	1153	0.000E+00	7	1247	3869	38	192	0.762	4.159E-52	138	259	779	1651	2001	351	1612	2091
335533173	1	1153	0.000E+00	7	1247	3869	44	183	0.597	1.791E-48	260	415	779	2067	2531	465	2025	2603
335533173	1	1153	0.000E+00	7	1247	3869	54	195	0.701	4.034E-52	416	550	779	2594	3004	411	2534	3187
335533173	1	1153	0.000E+00	7	1247	3869	56	115	0.776	1.352E-26	544	614	779	3043	3255	213	2995	3306
335533173	1	1153	0.000E+00	7	1247	3869	64	248	0.876	1.210E-71	609	743	779	3299	3703	405	3287	3775
335533173	1	1153	0.000E+00	7	1247	3869	66	49	0.676	6.794E-05	744	777	779	3768	3869	102	3768	3872
349746631	1	218	8.542E-55	2	1651	2528	38	134	0.545	4.078E-32	158	284	458	1651	2010	360	1612	2091
349746631	1	218	8.542E-55	2	1651	2528	44	86	0.338	3.989E-15	282	432	458	2067	2528	462	2025	2603
364106583	1	345	5.021E-93	5	1262	3872	30	147	0.678	4.575E-37	53	158	898	1262	1582	321	1235	1645
364106583	1	345	5.021E-93	5	1262	3872	38	182	0.718	1.107E-48	156	279	898	1645	2001	357	1612	2091
364106583	1	345	5.021E-93	5	1262	3872	56	85	0.628	2.752E-16	568	631	898	3055	3255	201	2995	3306
364106583	1	345	5.021E-93	5	1262	3872	64	180	0.659	4.462E-48	626	761	898	3299	3703	405	3287	3775
364106583	1	345	5.021E-93	5	1262	3872	66	42	0.581	1.138E-02	762	795	898	3768	3872	105	3768	3872
374138689	1	1051	1.491E-305	7	1262	3872	30	166	0.751	1.642E-43	32	138	778	1262	1582	321	1235	1645
374138689	1	1051	1.491E-305	7	1262	3872	38	173	0.687	1.565E-45	136	259	778	1645	2001	357	1612	2091
374138689	1	1051	1.491E-305	7	1262	3872	44	163	0.546	1.218E-41	260	414	778	2067	2531	465	2025	2603
374138689	1	1051	1.491E-305	7	1262	3872	54	188	0.688	8.442E-50	415	549	778	2594	2998	405	2534	3187
374138689	1	1051	1.491E-305	7	1262	3872	56	94	0.730	2.603E-19	554	613	778	3070	3255	186	2995	3306
374138689	1	1051	1.491E-305	7	1262	3872	64	213	0.767	1.387E-59	608	742	778	3299	3703	405	3287	3775
374138689	1	1051	1.491E-305	7	1262	3872	66	57	0.757	1.144E-07	743	777	778	3768	3872	105	3768	3872
392998814	1	386	2.283E-105	3	1645	3004	38	154	0.605	3.118E-39	144	272	775	1645	2010	366	1612	2091
392998814	1	386	2.283E-105	3	1645	3004	44	97	0.368	6.592E-19	270	422	775	2067	2528	462	2025	2603
392998814	1	386	2.283E-105	3	1645	3004	54	138	0.527	2.309E-32	425	558	775	2597	3004	408	2534	3187
393354948	1	380	1.461E-103	3	1684	3001	38	138	0.632	1.747E-33	168	276	780	1684	2010	327	1612	2091
393354948	1	380	1.461E-103	3	1684	3001	44	104	0.385	4.485E-21	274	422	780	2067	2528	462	2025	2603
393354948	1	380	1.461E-103	3	1684	3001	54	141	0.540	1.889E-33	425	557	780	2597	3001	405	2534	3187
393405494	1	269	3.793E-70	2	1268	2004	30	128	0.606	2.388E-30	37	142	420	1268	1582	315	1235	1645
393405494	1	269	3.793E-70	2	1268	2004	38	142	0.582	7.481E-35	145	268	420	1633	2004	372	1612	2091
393698520	1	352	3.922E-95	2	2067	2998	44	163	0.546	1.218E-41	245	399	565	2067	2531	465	2025	2603
393698520	1	352	3.922E-95	2	2067	2998	54	188	0.688	8.442E-50	400	534	565	2594	2998	405	2534	3187
407663112	1	501	5.496E-140	5	1268	3712	30	129	0.612	6.758E-31	176	281	921	1268	1582	315	1235	1645
407663112	1	501	5.496E-140	5	1268	3712	38	164	0.645	1.613E-42	279	405	921	1645	2010	366	1612	2091
407663112	1	501	5.496E-140	5	1268	3712	44	117	0.422	1.085E-25	403	556	921	2067	2528	462	2025	2603
407663112	1	501	5.496E-140	5	1268	3712	56	75	0.560	1.415E-12	688	753	921	3043	3243	201	2995	3306
407663112	1	501	5.496E-140	5	1268	3712	64	149	0.566	2.922E-37	756	890	921	3311	3712	402	3287	3775
407951558	1	123	3.384E-26	1	1262	1582	30	123	0.579	7.687E-29	36	143	171	1262	1582	321	1235	1645
422387303	1	378	5.845E-103	3	1684	3004	38	161	0.721	2.010E-41	173	281	768	1684	2010	327	1612	2091
422387303	1	378	5.845E-103	3	1684	3004	44	81	0.324	2.243E-13	279	415	768	2067	2528	462	2025	2603
422387303	1	378	5.845E-103	3	1684	3004	54	139	0.531	9.032E-33	418	551	768	2597	3004	408	2534	3187
436511337	1	161	1.231E-37	1	2591	3001	54	161	0.597	1.584E-40	3	138	243	2591	3001	411	2534	3187
436815770	1	459	2.417E-127	5	1645	3866	38	185	0.714	8.873E-50	169	295	952	1645	2010	366	1612	2091
436815770	1	459	2.417E-127	5	1645	3866	44	111	0.403	8.668E-24	293	448	952	2067	2531	465	2025	2603
436815770	1	459	2.417E-127	5	1645	3866	56	78	0.605	8.199E-14	585	647	952	3055	3246	192	2995	3306
436815770	1	459	2.417E-127	5	1645	3866	64	183	0.669	3.579E-49	645	780	952	3299	3703	405	3287	3775
436815770	1	459	2.417E-127	5	1645	3866	66	38	0.548	5.350E-01	781	813	952	3768	3866	99	3768	3872
451088815	1	212	5.467E-53	2	2157	3001	44	77	0.361	4.939E-12	20	140	495	2157	2528	372	2025	2603
451088815	1	212	5.467E-53	2	2157	3001	54	136	0.524	1.103E-31	143	275	495	2597	3001	405	2534	3187
451192520	1	202	5.598E-50	2	3100	3703	56	60	0.600	1.714E-07	142	189	357	3100	3246	147	2995	3306
451192520	1	202	5.598E-50	2	3100	3703	64	142	0.551	6.192E-35	189	320	357	3305	3703	399	3287	3775
451202957	1	390	1.427E-106	3	1657	3004	38	161	0.652	1.466E-41	146	268	600	1657	2001	345	1612	2091
451202957	1	390	1.427E-106	3	1657	3004	44	85	0.335	7.420E-15	270	422	600	2070	2531	462	2025	2603
451202957	1	390	1.427E-106	3	1657	3004	54	142	0.542	5.402E-34	424	557	600	2597	3004	408	2534	3187
451217569	1	372	3.741E-101	3	1268	2531	30	133	0.626	3.945E-32	162	267	738	1268	1582	315	1235	1645
451217569	1	372	3.741E-101	3	1268	2531	38	156	0.579	6.446E-40	265	402	738	1645	2037	393	1612	2091
451217569	1	372	3.741E-101	3	1268	2531	44	96	0.362	2.292E-18	391	543	738	2067	2531	465	2025	2603
451218178	1	306	2.760E-81	4	1268	3700	30	133	0.626	3.945E-32	45	150	788	1268	1582	315	1235	1645
451218178	1	306	2.760E-81	4	1268	3700	38	155	0.574	2.275E-39	148	285	788	1645	2037	393	1612	2091
451218178	1	306	2.760E-81	4	1268	3700	44	94	0.359	5.833E-18	274	426	788	2067	2531	465	2025	2603
451218178	1	306	2.760E-81	4	1268	3700	64	133	0.529	8.665E-32	625	749	788	3308	3700	393	3287	3775
451306843	1	479	2.305E-133	5	1645	3869	38	182	0.718	1.107E-48	165	288	857	1645	2001	357	1612	2091
451306843	1	479	2.305E-133	5	1645	3869	44	139	0.484	1.880E-33	289	442	857	2067	2525	459	2025	2603
451306843	1	479	2.305E-133	5	1645	3869	56	89	0.551	1.594E-17	613	685	857	3001	3246	246	2995	3306
451306843	1	479	2.305E-133	5	1645	3869	64	197	0.686	7.876E-54	683	824	857	3299	3712	414	3287	3775
451306843	1	479	2.305E-133	5	1645	3869	66	40	0.589	1.074E-01	824	855	857	3774	3869	96	3768	3872
451536119	1	227	1.668E-57	2	2070	3001	44	88	0.343	1.152E-15	60	205	558	2070	2528	459	2025	2603
451536119	1	227	1.668E-57	2	2070	3001	54	140	0.537	3.533E-33	208	340	558	2597	3001	405	2534	3187
451917124	1	638	3.155E-181	5	2067	3872	44	152	0.517	1.110E-37	40	191	556	2067	2528	462	2025	2603
451917124	1	638	3.155E-181	5	2067	3872	54	168	0.625	7.639E-43	194	326	556	2597	3001	405	2534	3187
451917124	1	638	3.155E-181	5	2067	3872	56	107	0.688	7.579E-24	313	388	556	3031	3246	216	2995	3306
451917124	1	638	3.155E-181	5	2067	3872	64	188	0.687	1.114E-50	386	520	556	3299	3703	405	3287	3775
451917124	1	638	3.155E-181	5	2067	3872	66	36	0.498	2.670E+00	521	555	556	3768	3872	105	3768	3872
 