155794004	1	5751	155794004	1	5751
155794004	1	5751	399914849	1	5751
155794004	1	5751	401247912	1	5751
155794004	1	5751	246245471	1	5751
155794004	1	5751	434719284	1	5751
155794004	1	5751	284883874	1	5751
155794004	1	5751	26869080	1	5751
155794004	1	5751	70480505	1	5751
155794004	1	5751	124114792	1	5751
155794004	1	5751	24414643	1	5751
155794004	1	5751	319518190	1	5751
155794004	1	5751	361160675	1	5751
155794004	1	5751	95031635	1	5751
155794004	1	5751	254619088	1	5751
155794004	1	5751	314309830	1	5751
155794004	1	5751	53975563	1	5751
155794004	1	5751	346253494	1	5751
155794004	1	5751	459916664	1	5751
155794004	1	5751	446831931	1	5751
155794004	1	5751	283938312	1	5751
155794004	1	5751	446061355	1	5751
155794004	1	5751	290687011	1	5751
155794004	1	5751	306549193	1	5751
155794004	1	5751	371795328	1	5751
155794004	1	5751	349876094	1	5751
155794004	1	5751	450493469	1	5751
155794004	1	5751	168976841	1	5751
155794004	1	5751	364739410	1	5751
155794004	1	5751	450260319	1	5751
155794004	1	5751	444517134	1	5751
155794004	1	5751	168818149	1	5751
155794004	1	5751	166826029	1	5751
155794004	1	5751	1229037	1	5751
155794004	1	5751	364744300	1	5751
155794004	1	5751	350278266	1	5751
155794004	1	5751	371886037	1	5751
155794004	1	5751	172398129	1	5751
155794004	1	5751	22413640	1	5751
155794004	1	5751	126967841	1	5751
155794004	1	5751	125744038	1	5751
155794004	1	5751	65846024	1	5751
155794004	1	5751	131669380	1	5751
155794004	1	5751	372604917	1	5751
155794004	1	5751	371992140	1	5751
155794004	1	5751	314957179	1	5751
155794004	1	5751	321196518	1	5751
155794004	1	5751	306178219	1	5751
155794004	1	5751	128546737	1	5751
155794004	1	5751	174442237	1	5751
155794004	1	5751	183169071	1	5751
155794004	1	5751	320721180	1	5751
155794004	1	5751	447114507	1	5751
155794004	1	5751	117102804	1	5751
155794004	1	5751	173236643	1	5751
155794004	1	5751	316192913	1	5751
155794004	1	5751	125925087	1	5751
155794004	1	5751	286783349	1	5751
155794004	1	5751	359497170	1	5751
155794004	1	5751	301476881	1	5751
155794004	1	5751	319871137	1	5751
155794004	1	5751	175426347	1	5751
155794004	1	5751	175360244	1	5751
155794004	1	5751	233948491	1	5751
155794004	1	5751	124541519	1	5751
155794004	1	5751	196999055	1	5751
155794004	1	5751	405141215	1	5751
155794004	1	5751	434958300	1	5751
155794004	1	5751	460802791	1	5751
155794004	1	5751	185832377	1	5751
155794004	1	5751	69354231	1	5751
155794004	1	5751	7687765	1	5751
155794004	1	5751	109478819	1	5751
155794004	1	5751	364323410	1	5751
155794004	1	5751	364531162	1	5751
155794004	1	5751	317318879	1	5751
155794004	1	5751	371273752	1	5751
155794004	1	5751	201491119	1	5751
155794004	1	5751	83525308	1	5751
155794004	1	5751	303403445	1	5751
155794004	1	5751	304348598	1	5751
155794004	1	5751	356086095	1	5751
155794004	1	5751	306508528	1	5751
155794004	1	5751	262969918	1	5751
155794004	1	5751	283749396	1	5751
155794004	1	5751	364724126	1	5751
155794004	1	5751	306544583	1	5751
155794004	1	5751	225071839	1	5751
155794004	1	5751	54731807	1	5751
155794004	1	5751	219363171	1	5751
155794004	1	5751	67600686	1	5751
155794004	1	5751	306673254	1	5751
155794004	1	5751	73540779	1	5751
155794004	1	5751	69801903	1	5751
155794004	1	5751	8125202	1	5751
155794004	1	5751	320827712	1	5751
155794004	1	5751	1265173	1	5751
155794004	1	5751	212789587	1	5751
155794004	1	5751	320829202	1	5751
155794004	1	5751	359651982	1	5751
155794004	1	5751	428814524	1	5751
155794004	1	5751	428583928	1	5751
155794004	1	5751	228740070	1	5751
155794004	1	5751	435623364	1	5751
155794004	1	5751	97293057	1	5751
155794004	1	5751	404950125	1	5751
155794004	1	5751	306552976	1	5751
155794004	1	5751	290470969	1	5751
155794004	1	5751	99622219	1	5751
155794004	1	5751	320853725	1	5751
155794004	1	5751	445815552	1	5751
155794004	1	5751	306392971	1	5751
155794004	1	5751	82110694	1	5751
155794004	1	5751	355855823	1	5751
155794004	1	5751	459036238	1	5751
155794004	1	5751	465141286	1	5751
155794004	1	5751	240365393	1	5751
155794004	1	5751	101186158	1	5751
155794004	1	5751	175623306	1	5751
155794004	1	5751	102862914	1	5751
155794004	1	5751	13183324	1	5751
155794004	1	5751	219110223	1	5751
155794004	1	5751	170535923	1	5751
155794004	1	5751	446424086	1	5751
155794004	1	5751	117282893	1	5751
155794004	1	5751	57236060	1	5751
155794004	1	5751	15523121	1	5751
155794004	1	5751	66259865	1	5751
155794004	1	5751	306418068	1	5751
155794004	1	5751	56480043	1	5751
155794004	1	5751	954718	1	5751
155794004	1	5751	375515765	1	5751
155794004	1	5751	248301471	1	5751
155794004	1	5751	260780611	1	5751
155794004	1	5751	174236589	1	5751
155794004	1	5751	321075715	1	5751
155794004	1	5751	69603643	1	5751
155794004	1	5751	169072972	1	5751
155794004	1	5751	283855447	1	5751
155794004	1	5751	68017508	1	5751
155794004	1	5751	359017613	1	5751
155794004	1	5751	174478706	1	5751
155794004	1	5751	202393137	1	5751
155794004	1	5751	434109768	1	5751
155794004	1	5751	42889109	1	5751
155794004	1	5751	170843580	1	5751
155794004	1	5751	112410705	1	5751
155794004	1	5751	198387813	1	5751
155794004	1	5751	289445836	1	5751
155794004	1	5751	246423062	1	5751
155794004	1	5751	15453808	1	5751
155794004	1	5751	211406793	1	5751
155794004	1	5751	214916338	1	5751
155794004	1	5751	173221474	1	5751
155794004	1	5751	175506903	1	5751
155794004	1	5751	450168004	1	5751
155794004	1	5751	52867473	1	5751
155794004	1	5751	401682531	1	5751
155794004	1	5751	40731045	1	5751
155794004	1	5751	132049748	1	5751
155794004	1	5751	431295947	1	5751
155794004	1	5751	451964911	1	5751
155794004	1	5751	44648195	1	5751
155794004	1	5751	115265280	1	5751
155794004	1	5751	256400997	1	5751
155794004	1	5751	204758187	1	5751
155794004	1	5751	127481253	1	5751
155794004	1	5751	229701293	1	5751
155794004	1	5751	11561171	1	5751
155794004	1	5751	443612257	1	5751
155794004	1	5751	233451059	1	5751
155794004	1	5751	277075513	1	5751
155794004	1	5751	331286337	1	5751
155794004	1	5751	376317162	1	5751
155794004	1	5751	28449857	1	5751
155794004	1	5751	212091310	1	5751
155794004	1	5751	414567141	1	5751
155794004	1	5751	256638239	1	5751
155794004	1	5751	284280699	1	5751
155794004	1	5751	111210576	1	5751
155794004	1	5751	418751842	1	5751
155794004	1	5751	377278095	1	5751
155794004	1	5751	70168451	1	5751
155794004	1	5751	422879859	1	5751
155794004	1	5751	407951236	1	5751
155794004	1	5751	88036658	1	5751
155794004	1	5751	233452934	1	5751
155794004	1	5751	44538926	1	5751
155794004	1	5751	73855196	1	5751
155794004	1	5751	10468963	1	5751
155794004	1	5751	433578157	1	5751
155794004	1	5751	244765064	1	5751
155794004	1	5751	27860212	1	5751
155794004	1	5751	403891940	1	5751
155794004	1	5751	277465979	1	5751
155794004	1	5751	210689704	1	5751
155794004	1	5751	65897079	1	5751
155794004	1	5751	15492446	1	5751
155794004	1	5751	131692784	1	5751
155794004	1	5751	88115403	1	5751
155794004	1	5751	146586102	1	5751
155794004	1	5751	56931312	1	5751
155794004	1	5751	423003132	1	5751
155794004	1	5751	306345697	1	5751
155794004	1	5751	26346904	1	5751
155794004	1	5751	437055639	1	5751
155794004	1	5751	1296592	1	5751
155794004	1	5751	328743843	1	5751
155794004	1	5751	161127173	1	5751
155794004	1	5751	200204951	1	5751
155794004	1	5751	140909837	1	5751
155794004	1	5751	262613840	1	5751
155794004	1	5751	187933091	1	5751
155794004	1	5751	188717505	1	5751
155794004	1	5751	65605954	1	5751
155794004	1	5751	446535516	1	5751
155794004	1	5751	59052970	1	5751
155794004	1	5751	84981013	1	5751
155794004	1	5751	372589768	1	5751
155794004	1	5751	112441952	1	5751
155794004	1	5751	463723471	1	5751
155794004	1	5751	346705353	1	5751
155794004	1	5751	373456546	1	5751
155794004	1	5751	80300279	1	5751
155794004	1	5751	7984765	1	5751
155794004	1	5751	393458150	1	5751
155794004	1	5751	55532685	1	5751
155794004	1	5751	341484589	1	5751
155794004	1	5751	255877045	1	5751
155794004	1	5751	157297510	1	5751
155794004	1	5751	335386376	1	5751
155794004	1	5751	437178833	1	5751
155794004	1	5751	233596689	1	5751
155794004	1	5751	291780264	1	5751
155794004	1	5751	379030532	1	5751
155794004	1	5751	430678923	1	5751
155794004	1	5751	117584174	1	5751
155794004	1	5751	88117712	1	5751
155794004	1	5751	291660660	1	5751
155794004	1	5751	1087247	1	5751
155794004	1	5751	460218479	1	5751
155794004	1	5751	306271126	1	5769
155794004	1	5751	437480503	1	5966
155794004	1	5751	385036538	1	5969
155794004	1	5751	233887625	1	5969
155794004	1	5751	161025624	1	5969
155794004	1	5751	100090025	1	5969
155794004	1	5751	219280795	1	5969
155794004	1	5751	283279847	1	5969
155794004	1	5751	232440468	1	5969
155794004	1	5751	333040120	1	5969
155794004	1	5751	342931463	1	5969
155794004	1	5751	50539305	1	5969
155794004	1	5751	80866305	1	5969
155794004	1	5751	228278208	1	5969
155794004	1	5751	329878020	1	5969
155794004	1	5751	432675666	1	5969
155794004	1	5751	462163516	1	5969
155794004	1	5751	362838492	1	5969
155794004	1	5751	350171356	1	5969
155794004	1	5751	359174627	1	5969
155794004	1	5751	168417557	1	5969
155794004	1	5751	181870146	1	5969
155794004	1	5751	349848332	1	5969
155794004	1	5751	228888600	1	5969
155794004	1	5751	291600429	1	5969
155794004	1	5751	445134559	1	5969
155794004	1	5751	292131731	1	5969
155794004	1	5751	289354485	1	5969
155794004	1	5751	139826086	1	5969
155794004	1	5751	84865279	1	5969
155794004	1	5751	291835134	1	5969
155794004	1	5751	447497660	1	5969
155794004	1	5751	461078875	1	5969
155794004	1	5751	370971659	1	5969
155794004	1	5751	12542446	1	5969
155794004	1	5751	285207576	1	5969
155794004	1	5751	327626753	1	5969
155794004	1	5751	347462955	1	5969
155794004	1	5751	443464715	1	5969
155794004	1	5751	287627998	1	5969
155794004	1	5751	73700014	1	5969
155794004	1	5751	283805659	1	5969
155794004	1	5751	359735775	1	5969
155794004	1	5751	173999631	1	5969
155794004	1	5751	185878325	1	5969
155794004	1	5751	288788306	1	5969
155794004	1	5751	448690666	1	5969
155794004	1	5751	96280696	1	5969
155794004	1	5751	146212937	1	5969
155794004	1	5751	117585212	1	5969
155794004	1	5751	306182904	1	5969
155794004	1	5751	982014	1	5969
155794004	1	5751	884596	1	5969
155794004	1	5751	451995081	1	5969
155794004	1	5751	124198341	1	5969
155794004	1	5751	109032589	1	5969
155794004	1	5751	59339814	1	5969
155794004	1	5751	257120752	1	5969
155794004	1	5751	168812428	1	5969
155794004	1	5751	436003332	1	5969
155794004	1	5751	196228879	1	5969
155794004	1	5751	273545587	1	5969
155794004	1	5751	326942416	1	5969
155794004	1	5751	102640621	1	5969
155794004	1	5751	270572229	1	5969
155794004	1	5751	233882898	1	5969
155794004	1	5751	418732700	1	5969
155794004	1	5751	190061087	1	5969
155794004	1	5751	202427514	1	5969
155794004	1	5751	155002951	1	5969
155794004	1	5751	448822282	1	5969
155794004	1	5751	146628789	1	5969
155794004	1	5751	175505236	1	6017
155794004	1	5751	10408342	1	6579
155794004	1	5751	98019992	1	6579
155794004	1	5751	41222667	1	6579
155794004	1	5751	211262461	1	6579
155794004	1	5751	14088737	1	6579
155794004	1	5751	70449449	1	6579
155794004	1	5751	86606771	1	6579
155794004	1	5751	288636228	1	6579
155794004	1	5751	117210134	1	6579
155794004	1	5751	117636168	1	6579
155794004	1	5751	408224540	1	6579
155794004	1	5751	26440330	1	6579
155794004	1	5751	146702004	1	6579
155794004	1	5751	243312396	1	6579
155794004	1	5751	42889164	1	6579
155794004	1	5751	247066999	1	6579
155794004	1	5751	437208321	1	6579
155794004	1	5751	40936621	1	6579
155794004	1	5751	51755337	1	6579
155794004	1	5751	117499757	1	6579
155794004	1	5751	292100665	1	6579
155794004	1	5751	376788234	1	6579
155794004	1	5751	417159743	1	6579
155794004	1	5751	283479157	1	6579
155794004	1	5751	378865702	1	6579
155794004	1	5751	406925955	1	6579
155794004	1	5751	95292894	1	6579
155794004	1	5751	240383592	1	6579
155794004	1	5751	243532304	1	6579
155794004	1	5751	255194752	1	6579
155794004	1	5751	268843460	1	6579
155794004	1	5751	243998665	1	6579
155794004	1	5751	114291352	1	6579
155794004	1	5751	143676462	1	6579
155794004	1	5751	219017024	1	6579
155794004	1	5751	58938543	1	6579
155794004	1	5751	184830807	1	6579
155794004	1	5751	334281508	1	6579
155794004	1	5751	262915233	1	6579
155794004	1	5751	219328824	1	6579
155794004	1	5751	388220922	1	6579
155794004	1	5751	437515281	1	6579
155794004	1	5751	109664031	1	6579
155794004	1	5751	262953357	1	6579
155794004	1	5751	84981178	1	6579
155794004	1	5751	187620506	1	6579
155794004	1	5751	254600409	1	6579
155794004	1	5751	55895957	1	6579
155794004	1	5751	379140796	1	6579
155794004	1	5751	414404839	1	6579
155794004	1	5751	88127164	1	6579
155794004	1	5751	213326006	1	6579
155794004	1	5751	259041361	1	6579
155794004	1	5751	344127655	1	6579
155794004	1	5751	377650816	1	6579
155794004	1	5751	8243059	1	6579
155794004	1	5751	40493854	1	6579
155794004	1	5751	66868152	1	6579
155794004	1	5751	202123827	1	6579
155794004	1	5751	219104625	1	6579
155794004	1	5751	277575598	1	6579
155794004	1	5751	379361128	1	6579
155794004	1	5751	154847893	1	6579
155794004	1	5751	158531406	1	6579
155794004	1	5751	174361467	1	6579
155794004	1	5751	233934878	1	6579
155794004	1	5751	277576132	1	6579
155794004	1	5751	462567132	1	6579
155794004	1	5751	124191600	1	6579
155794004	1	5751	422765375	1	6579
155794004	1	5751	434560058	1	6579
155794004	1	5751	1166264	1	6579
155794004	1	5751	88478288	1	6579
155794004	1	5751	408145532	1	6579
155794004	1	5751	81461128	1	6579
155794004	1	5751	204459605	1	6579
155794004	1	5751	332871005	1	6579
155794004	1	5751	393892791	1	6579
155794004	1	5751	188701716	1	6579
155794004	1	5751	449427247	1	6579
155794004	1	5751	44904511	1	6579
155794004	1	5751	144698490	1	6579
155794004	1	5751	152951961	1	6579
155794004	1	5751	334012312	1	6579
155794004	1	5751	393898749	1	6579
155794004	1	5751	117289145	1	6579
155794004	1	5751	344503525	1	6579
155794004	1	5751	393495249	1	6579
155794004	1	5751	422709866	1	6579
155794004	1	5751	26050701	1	6579
155794004	1	5751	81063289	1	6579
155794004	1	5751	124789023	1	6579
155794004	1	5751	10789866	1	6579
155794004	1	5751	277246070	1	6579
155794004	1	5751	188060422	1	6579
155794004	1	5751	225412647	1	6579
155794004	1	5751	88419919	1	6579
155794004	1	5751	243859261	1	6579
155794004	1	5751	422910824	1	6579
155794004	1	5751	82467460	1	6579
155794004	1	5751	111223158	1	6579
155794004	1	5751	15364592	1	6579
155794004	1	5751	173982072	1	6579
155794004	1	5751	377671802	1	6579
155794004	1	5751	433344041	1	6579
155794004	1	5751	160938710	1	6579
155794004	1	5751	129587977	1	6579
155794004	1	5751	132160395	1	6579
155794004	1	5751	277561003	1	6579
155794004	1	5751	341554891	1	6579
155794004	1	5751	146371839	1	6579
155794004	1	5751	390734319	1	6579
155794004	1	5751	159770100	1	6579
155794004	1	5751	343635994	1	6579
155794004	1	5751	14159128	1	6579
155794004	1	5751	327269983	1	6579
155794004	1	5751	403123519	1	6579
155794004	1	5751	375946857	1	6579
155794004	1	5751	44442016	1	6579
155794004	1	5751	851037	1	6579
155794004	1	5751	408037454	1	6579
155794004	1	5751	432226965	1	6579
155794004	1	5751	287652500	1	6579
155794004	1	5751	130281560	1	6579
155794004	1	5751	15844001	1	6579
155794004	1	5751	25370007	1	6579
155794004	1	5751	214919198	1	6579
155794004	1	5751	291856419	1	6579
155794004	1	5751	335475628	1	6579
155794004	1	5751	350079414	1	6579
155794004	1	5751	131659489	1	6579
155794004	1	5751	186451164	1	6579
155794004	1	5751	378900054	1	6579
155794004	1	5751	200864840	1	6579
155794004	1	5751	257639661	1	6579
155794004	1	5751	262831365	1	6579
155794004	1	5751	273086651	1	6579
155794004	1	5751	196152735	1	6579
155794004	1	5751	181901180	1	6579
155794004	1	5751	15625541	1	6579
155794004	1	5751	88453871	1	6579
155794004	1	5751	399696234	1	6579
155794004	1	5751	407983071	1	6579
155794004	1	5751	348862044	1	6579
155794004	1	5751	403512118	1	6579
155794004	1	5751	451607086	1	6579
155794004	1	5751	272209016	1	6579
155794004	1	5751	437528959	1	6579
155794004	1	5751	142340155	1	6579
155794004	1	5751	403536699	1	6579
155794004	1	5751	44443685	1	6579
155794004	1	5751	420506596	1	6579
155794004	1	5751	364637047	1	6579
155794004	1	5751	359312465	1	6579
155794004	1	5751	145190222	1	6579
155794004	1	5751	88258247	1	6579
155794004	1	5751	44633794	1	6579
155794004	1	5751	117553280	1	6579
155794004	1	5751	190084719	1	6579
155794004	1	5751	429259951	1	6579
155794004	1	5751	298837625	1	6579
155794004	1	5751	226515333	1	6579
155794004	1	5751	379302775	1	6579
155794004	1	5751	200291577	1	6579
155794004	1	5751	59174936	1	6579
155794004	1	5751	44393495	1	6579
155794004	1	5751	88295370	1	6579
155794004	1	5751	408385349	1	6579
155794004	1	5751	187082397	1	6579
155794004	1	5751	443717806	1	6579
155794004	1	5751	228574264	1	6579
155794004	1	5751	80111979	1	6579
155794004	1	5751	1046357	1	6579
155794004	1	5751	190262584	1	6579
155794004	1	5751	444184429	1	6579
155794004	1	5751	385007525	1	6579
155794004	1	5751	143541148	1	6579
155794004	1	5751	161071427	1	6579
155794004	1	5751	70589607	1	6579
155794004	1	5751	231995002	1	6579
155794004	1	5751	44853728	1	6579
155794004	1	5751	273045931	1	6579
155794004	1	5751	30239563	1	6579
155794004	1	5751	198655420	1	6826
155794004	1	5751	102583774	1	6826
155794004	1	5751	331537833	1	6826
155794004	1	5751	54891974	1	6826
155794004	1	5751	254306725	1	6826
155794004	1	5751	376657115	1	6826
155794004	1	5751	254143216	1	6826
155794004	1	5751	38757648	1	6826
155794004	1	5751	26514455	1	6826
155794004	1	5751	112494649	1	6826
155794004	1	5751	262731255	1	6826
155794004	1	5751	431746108	1	6826
155794004	1	5751	132158884	1	6826
155794004	1	5751	80799029	1	6826
155794004	1	5751	329575197	1	6826
155794004	1	5751	109066484	1	6826
155794004	1	5751	112229622	1	6826
155794004	1	5751	246650401	1	6826
155794004	1	5751	51941016	1	6826
155794004	1	5751	159656702	1	6826
155794004	1	5751	407935880	1	6826
155794004	1	5751	241270382	1	6826
155794004	1	5751	386422031	1	6826
155794004	1	5751	233950040	1	6826
155794004	1	5751	258929890	1	6826
155794004	1	5751	41256449	1	6826
155794004	1	5751	55153907	1	6826
155794004	1	5751	203025674	1	6826
155794004	1	5751	344663470	1	6826
155794004	1	5751	407937567	1	6826
155794004	1	5751	155090277	1	6826
155794004	1	5751	343911765	1	6826
155794004	1	5751	55671200	1	6826
155794004	1	5751	95747513	1	6826
155794004	1	5751	402134087	1	6826
155794004	1	5751	143737303	1	6826
155794004	1	5751	111948707	1	7916
155794004	1	5751	437361909	1	8748
155794004	1	5751	306580579	1	9307
155794004	1	5751	321121038	1	9307
155794004	1	5751	175469362	1	9319
155794004	1	5751	190344786	1	9667
155794004	1	5751	15792917	1	9688
155794004	1	5751	460696712	1	9823
155794004	1	5751	321008693	1	9826
155794004	1	5751	218945950	1	10176
155794004	1	5751	283888070	1	10176
155794004	1	5751	161052936	1	10176
379210473	1	38901	379210473	1	38901
379210473	1	38901	73701012	1	38907
379210473	1	38901	160796729	1	38913
379210473	1	38901	175660442	1	38913
379210473	1	38901	350127548	1	38916
415365443	-1	20000	11673200	-1	20000
415365443	-1	20000	399642467	-1	20000
415365443	-1	20000	329992110	-1	20000
415365443	-1	20000	415365443	-1	20000
415365443	-1	20000	451687558	-1	20000
415365443	-1	20000	444577870	-1	20000
415365443	-1	20000	219417746	-1	20000
415365443	-1	20000	408270871	-1	20000
415365443	-1	20000	217486003	-1	20000
415365443	-1	20000	38643402	-1	20000
415365443	-1	20000	8879837	-1	20000
415365443	-1	20000	407967588	-1	20000
415365443	-1	20000	273959823	-1	20000
415365443	-1	20000	376077414	-1	20000
415365443	-1	20000	356390393	-1	20000
415365443	-1	20000	433834275	-1	20000
415365443	-1	20000	140811315	-1	20000
415365443	-1	20000	335481489	-1	20000
415365443	-1	20000	217736659	-1	20000
415365443	-1	20000	376715025	-1	20000
415365443	-1	20000	39912093	-1	20000
415365443	-1	20000	175569763	-1	20000
415365443	-1	20000	291640628	-1	20000
415365443	-1	20000	262662290	-1	20000
415365443	-1	20000	277066628	-1	20000
415365443	-1	20000	437019853	-1	20000
415365443	-1	20000	404307736	-1	20000
415365443	-1	20000	391244866	-1	20000
415365443	-1	20000	272857601	-1	20000
415365443	-1	20000	306238355	-1	20000
415365443	-1	20000	314919475	-1	20000
415365443	-1	20000	289583918	-1	20000
415365443	-1	20000	370667032	-1	20000
415365443	-1	20000	39654037	-1	20000
415365443	-1	20000	151830168	-1	20000
415365443	-1	20000	408314066	-1	20000
415365443	-1	20000	434913858	-1	20000
415365443	-1	20000	393761510	-1	20000
415365443	-1	20000	197580211	-1	20000
415365443	-1	20000	312906867	-1	20000
415365443	-1	20000	146267986	-1	20000
415365443	-1	20000	451748453	-1	20000
415365443	-1	20000	88330579	-1	20000
415365443	-1	20000	58998317	-1	20000
415365443	-1	20000	233804774	-1	20000
415365443	-1	20000	437094401	-1	20000
415365443	-1	20000	347878725	-1	20000
415365443	-1	20000	102720259	-1	20000
415365443	-1	20000	144163461	-1	20000
415365443	-1	20000	248102447	-1	20000
415365443	-1	20000	344389517	-1	20000
415365443	-1	20000	15419644	-1	20000
415365443	-1	20000	451640105	-1	20000
415365443	-1	20000	67773122	-1	20000
415365443	-1	20000	364705950	-1	20000
415365443	-1	20000	404656645	-1	20000
415365443	-1	20000	277594371	-1	20000
415365443	-1	20000	233932639	-1	20000
415365443	-1	20000	291891644	-1	20000
415365443	-1	20000	52893791	-1	20000
415365443	-1	20000	190284254	-1	20000
415365443	-1	20000	213776965	-1	20000
415365443	-1	20000	73735222	-1	20000
415365443	-1	20000	379231995	-1	20000
415365443	-1	20000	291666962	-1	20000
415365443	-1	20000	30031544	-1	20000
415365443	-1	20000	102813541	-1	20000
415365443	-1	20000	248016192	-1	20000
415365443	-1	20000	348534468	-1	20000
415365443	-1	20000	419463163	-1	20000
415365443	-1	20000	30004986	-1	20000
415365443	-1	20000	175460179	-1	20000
415365443	-1	20000	146301778	-1	20000
415365443	-1	20000	69832175	-1	20000
415365443	-1	20000	86071512	-1	20000
415365443	-1	20000	364586678	-1	20000
415365443	-1	20000	130638711	-1	20000
415365443	-1	20000	233947053	-1	20000
415365443	-1	20000	277478047	-1	20000
415365443	-1	20000	123368541	-1	20000
415365443	-1	20000	98303908	-1	20000
415365443	-1	20000	142076438	-1	20000
415365443	-1	20000	231182207	-1	20000
415365443	-1	20000	15377249	-1	20000
415365443	-1	20000	335505520	-1	20000
415365443	-1	20000	335675375	-1	20000
415365443	-1	20000	343644953	-1	20000
415365443	-1	20000	146598610	-1	20000
415365443	-1	20000	408344366	-1	20000
415365443	-1	20000	44752089	-1	20000
415365443	-1	20000	146185825	-1	20000
415365443	-1	20000	457827090	-1	20000
415365443	-1	20000	233822124	-1	20000
415365443	-1	20000	330317771	-1	20000
415365443	-1	20000	320891847	-1	20000
415365443	-1	20000	117142831	-1	20000
415365443	-1	20000	88325569	-1	20000
415365443	-1	20000	434435222	-1	20000
415365443	-1	20000	6650963	-1	20000
415365443	-1	20000	24461115	-1	20000
415365443	-1	20000	10253695	-1	20000
415365443	-1	20000	231378060	-1	20000
415365443	-1	20000	123014994	-1	20000
415365443	-1	20000	171481032	-1	20000
415365443	-1	20000	343484544	-1	20000
415365443	-1	20000	30488118	-1	20000
415365443	-1	20000	44488400	-1	20000
415365443	-1	20000	131744652	-1	20000
415365443	-1	20000	408186216	-1	20000
415365443	-1	20000	53816450	-1	20000
415365443	-1	20000	27081201	-1	20000
415365443	-1	20000	437476801	-1	20000
415365443	-1	20000	44465044	-1	20000
415365443	-1	20000	27588773	-1	20000
415365443	-1	20000	73811457	-1	20000
415365443	-1	20000	200907512	-1	20000
415365443	-1	20000	277449399	-1	20000
415365443	-1	20000	161260251	-1	20000
415365443	-1	20000	211408922	-1	20000
415365443	-1	20000	73978504	-1	20000
415365443	-1	20000	270323350	-1	20000
415365443	-1	20000	393828160	-1	20000
415365443	-1	20000	288599750	-1	20000
415365443	-1	20000	335436822	-1	20000
415365443	-1	20000	346024850	-1	20000
415365443	-1	20000	362596786	-1	20000
415365443	-1	20000	408392866	-1	20000
415365443	-1	20000	269876454	-1	20000
415365443	-1	20000	128653174	-1	20000
415365443	-1	20000	102748103	-1	20000
415365443	-1	20000	126327491	-1	20000
415365443	-1	20000	421449521	-1	20000
415365443	-1	20000	1220846	-1	20000
415365443	-1	20000	117457345	-1	20000
415365443	-1	20000	364719842	-1	20000
415365443	-1	20000	171886283	-1	20000
415365443	-1	20000	146198282	-1	20000
415365443	-1	20000	291727533	-1	20000
415365443	-1	20000	167055733	-1	20000
415365443	-1	20000	260556470	-1	20000
415365443	-1	20000	401870072	-1	20000
415365443	-1	20000	173883570	-1	20000
415365443	-1	20000	59292497	-1	20000
415365443	-1	20000	373288690	-1	20000
415365443	-1	20000	225012439	-1	20000
415365443	-1	20000	253573022	-1	20000
415365443	-1	20000	126154072	-1	20000
415365443	-1	20000	7032121	-1	20000
415365443	-1	20000	201493003	-1	20000
415365443	-1	20000	335556830	-1	20000
415365443	-1	20000	408195421	-1	20000
415365443	-1	20000	333831277	-1	20000
415365443	-1	20000	244156891	-1	20000
415365443	-1	20000	437102085	-1	20000
415365443	-1	20000	462869744	-1	20000
415365443	-1	20000	330221582	-1	20000
415365443	-1	20000	160828703	-1	20000
415365443	-1	20000	182068661	-1	20000
415365443	-1	20000	391988518	-1	20000
415365443	-1	20000	248360550	-1	20000
415365443	-1	20000	392625448	-1	20000
415365443	-1	20000	88526501	-1	20000
415365443	-1	20000	88535601	-1	20000
415365443	-1	20000	248024882	-1	20000
415365443	-1	20000	342662644	-1	20000
415365443	-1	20000	348280596	-1	20000
415365443	-1	20000	379362425	-1	20000
415365443	-1	20000	422862764	-1	20000
415365443	-1	20000	233521740	-1	20000
415365443	-1	20000	335656209	-1	20000
415365443	-1	20000	96611528	-1	20000
415365443	-1	20000	102990386	-1	20000
415365443	-1	20000	98880416	-1	20000
415365443	-1	20000	159290951	-1	20000
415365443	-1	20000	140949006	-1	20000
415365443	-1	20000	321008014	-1	20000
415365443	-1	20000	243174938	-1	20000
415365443	-1	20000	457874533	-1	20000
415365443	-1	20000	277194606	-1	20000
415365443	-1	20000	233888284	-1	20000
415365443	-1	20000	66563526	-1	20000
415365443	-1	20000	420444157	-1	20000
415365443	-1	20000	229202455	-1	20000
415365443	-1	20000	8063083	-1	20000
415365443	-1	20000	42702307	-1	20000
415365443	-1	20000	15584970	-1	20000
415365443	-1	20000	288764097	-1	20000
415365443	-1	20000	66963553	-1	20000
415365443	-1	20000	15411916	-1	20000
415365443	-1	20000	379241077	-1	20000
415365443	-1	20000	146403225	-1	20000
415365443	-1	20000	224686767	-1	20000
415365443	-1	20000	326477720	-1	20000
415365443	-1	20000	23090309	-1	20000
415365443	-1	20000	157274679	-1	20000
415365443	-1	20000	197714286	-1	20000
415365443	-1	20000	219285968	-1	20000
415365443	-1	20000	14387047	-1	20000
415365443	-1	20000	168357145	-1	20000
415365443	-1	20000	210146680	-1	20000
415365443	-1	20000	203238579	-1	20000
415365443	-1	20000	112876965	-1	20000
415365443	-1	20000	184941756	-1	20000
415365443	-1	20000	71893005	-1	20000
415365443	-1	20000	384614118	-1	20000
415365443	-1	20000	155714178	-1	20000
415365443	-1	20000	357684836	-1	20000
415365443	-1	20000	342451043	-1	20000
415365443	-1	20000	108858375	-1	20000
415365443	-1	20000	88437510	-1	20000
415365443	-1	20000	175724693	-1	20000
415365443	-1	20000	146579029	-1	20000
415365443	-1	20000	126383290	-1	20000
415365443	-1	20000	197544338	-1	20000
415365443	-1	20000	141978737	-1	20000
415365443	-1	20000	198776521	-1	20000
415365443	-1	20000	448739045	-1	20000
415365443	-1	20000	42125031	-1	20000
415365443	-1	20000	320744399	-1	20000
415365443	-1	20000	219338368	-1	20000
415365443	-1	20000	463025628	-1	20000
415365443	-1	20000	443229120	-1	20000
415365443	-1	20000	233505217	-1	20000
415365443	-1	20000	152408619	-1	20000
415365443	-1	20000	393614128	-1	20000
415365443	-1	20000	59014487	-1	20000
415365443	-1	20000	172952238	-1	20000
415365443	-1	20000	1120356	-1	20000
415365443	-1	20000	175802838	-1	20000
415365443	-1	20000	1201614	-1	20000
415365443	-1	20000	66375074	-1	20000
415365443	-1	20000	99472812	-1	20000
415365443	-1	20000	124233024	-1	20000
415365443	-1	20000	231012886	-1	20000
415365443	-1	20000	313922952	-1	20000
415365443	-1	20000	317539081	-1	20000
415365443	-1	20000	65722116	-1	20000
415365443	-1	20000	190049939	-1	20000
415365443	-1	20000	214501781	-1	20000
415365443	-1	20000	300539525	-1	20000
415365443	-1	20000	248324196	-1	20000
415365443	-1	20000	256689196	-1	20000
415365443	-1	20000	282919245	-1	20000
415365443	-1	20000	201673992	-1	20000
415365443	-1	20000	44461183	-1	20000
415365443	-1	20000	146442446	-1	20000
415365443	-1	20000	335392665	-1	20000
415365443	-1	20000	463461468	-1	20000
415365443	-1	20000	146636702	-1	20000
415365443	-1	20000	146403617	-1	20000
415365443	-1	20000	117221163	-1	20000
415365443	-1	20000	171570603	-1	20000
415365443	-1	20000	29879359	-1	20000
415365443	-1	20000	430568078	-1	20000
415365443	-1	20000	350216475	-1	20000
415365443	-1	20000	289739162	-1	20000
415365443	-1	20000	44699057	-1	20000
415365443	-1	20000	320938361	-1	20000
415365443	-1	20000	44687470	-1	20000
415365443	-1	20000	277430397	-1	20000
415365443	-1	20000	110822106	-1	20000
415365443	-1	20000	391128642	-1	20000
415365443	-1	20000	350130482	-1	20000
415365443	-1	20000	102956154	-1	20000
415365443	-1	20000	159606639	-1	20000
415365443	-1	20000	204819040	-1	20000
415365443	-1	20000	346040877	-1	20000
415365443	-1	20000	204457635	-1	20000
415365443	-1	20000	100092813	-1	20000
415365443	-1	20000	67991555	-1	20000
415365443	-1	20000	173016315	-1	20000
415365443	-1	20000	231672327	-1	20000
415365443	-1	20000	393396972	-1	20000
415365443	-1	20000	59035209	-1	20000
415365443	-1	20000	81867729	-1	20000
415365443	-1	20000	361041163	-1	20000
415365443	-1	20000	408249715	-1	20000
415365443	-1	20000	30339447	-1	20000
415365443	-1	20000	84695464	-1	20000
415365443	-1	20000	85040913	-1	20000
415365443	-1	20000	186562277	-1	20000
415365443	-1	20000	277570504	-1	20000
415365443	-1	20000	110795040	-1	20000
415365443	-1	20000	291629288	-1	20000
415365443	-1	20000	277293889	-1	20000
415365443	-1	20000	350114041	-1	20000
415365443	-1	20000	9863989	-1	20000
415365443	-1	20000	113701285	-1	20000
415365443	-1	20000	434284090	-1	20000
415365443	-1	20000	291765101	-1	20000
415365443	-1	20000	462718439	-1	20000
415365443	-1	20000	270052352	-1	20000
415365443	-1	20000	21687633	-1	20000
415365443	-1	20000	306595731	-1	20000
415365443	-1	20000	373083172	-1	20000
415365443	-1	20000	400106555	-1	20000
415365443	-1	20000	94543942	-1	20000
415365443	-1	20000	405561055	-1	20000
415365443	-1	20000	198559878	-1	20000
415365443	-1	20000	30346918	-1	20000
415365443	-1	20000	15315335	-1	20000
415365443	-1	20000	261731733	-1	20000
415365443	-1	20000	15665529	-1	20000
415365443	-1	20000	306472654	-1	20000
415365443	-1	20000	190116846	-1	20000
415365443	-1	20000	123668954	-1	20000
415365443	-1	20000	224506845	-1	20000
415365443	-1	20000	331283657	-1	20000
415365443	-1	20000	126926122	-1	20000
415365443	-1	20000	399893476	-1	20000
415365443	-1	20000	140962972	-1	20000
415365443	-1	20000	297591297	-1	20000
415365443	-1	20000	457552715	-1	20000
415365443	-1	20000	442688972	-1	20000
415365443	-1	20000	102975561	-1	20000
415365443	-1	20000	117517088	-1	20000
415365443	-1	20000	262700702	-1	20000
415365443	-1	20000	360250751	-1	20000
415365443	-1	20000	316472558	-1	20000
415365443	-1	20000	392408900	-1	20000
415365443	-1	20000	1020566	-1	20000
415365443	-1	20000	452072778	-1	20000
415365443	-1	20000	298392047	-1	20000
415365443	-1	20000	320862276	-1	20000
415365443	-1	20000	88145326	-1	20000
415365443	-1	20000	233533854	-1	20000
415365443	-1	20000	393870523	-1	20000
415365443	-1	20000	321160194	-1	20000
415365443	-1	20000	186820242	-1	20000
415365443	-1	20000	159810131	-1	20000
415365443	-1	20000	100559088	-1	20000
415365443	-1	20000	40194302	-1	20000
415365443	-1	20000	131879895	-1	20000
415365443	-1	20000	9618016	-1	20000
415365443	-1	20000	306671050	-1	20000
415365443	-1	20000	344570016	-1	20000
415365443	-1	20000	422590740	-1	20000
415365443	-1	20000	190177350	-1	20000
415365443	-1	20000	291693908	-1	20000
415365443	-1	20000	9660858	-1	20000
415365443	-1	20000	146558650	-1	20000
415365443	-1	20000	30316908	-1	20000
415365443	-1	20000	290670866	-1	20000
415365443	-1	20000	117599741	-1	20000
415365443	-1	20000	422785227	-1	20000
415365443	-1	20000	370841607	-1	20000
415365443	-1	20000	190289891	-1	20000
415365443	-1	20000	256585368	-1	20000
415365443	-1	20000	335758654	-1	20000
415365443	-1	20000	38423088	-1	20000
415365443	-1	20000	171691375	-1	20000
415365443	-1	20000	12228679	-1	20000
415365443	-1	20000	435578974	-1	20000
415365443	-1	20000	112827257	-1	20000
415365443	-1	20000	124278588	-1	20000
415365443	-1	20000	229183379	-1	20000
415365443	-1	20000	442982857	-1	20000
415365443	-1	20000	292044201	-1	20000
415365443	-1	20000	183113695	-1	20000
415365443	-1	20000	52925579	-1	20000
415365443	-1	20000	277113628	-1	20000
415365443	-1	20000	378995722	-1	20000
415365443	-1	20000	379313035	-1	20000
415365443	-1	20000	393745204	-1	20000
415365443	-1	20000	88074705	-1	20003
415365443	-1	20000	73530746	-1	20003
415365443	-1	20000	218947571	-1	20003
415365443	-1	20000	393446669	-1	20003
415365443	-1	20000	190095194	-1	20003
415365443	-1	20000	15322586	-1	20003
415365443	-1	20000	451569580	-1	20003
415365443	-1	20000	292072558	-1	20003
415365443	-1	20000	306167098	-1	20003
415365443	-1	20000	422517952	-1	20003
415365443	-1	20000	364331733	-1	20003
415365443	-1	20000	117097884	-1	20003
415365443	-1	20000	349929341	-1	20003
415365443	-1	20000	131639501	-1	20003
415365443	-1	20000	233432960	-1	20003
415365443	-1	20000	262551562	-1	20003
415365443	-1	20000	349800987	-1	20003
415365443	-1	20000	102934767	-1	20006
415365443	-1	20000	219207273	-1	20006
415365443	-1	20000	248248711	-1	20006
415365443	-1	20000	270570161	-1	20006
415365443	-1	20000	40745033	-1	20006
415365443	-1	20000	15672400	-1	20006
415365443	-1	20000	146232786	-1	20006
415365443	-1	20000	435051993	-1	20006
415365443	-1	20000	143126968	-1	20006
415365443	-1	20000	258021282	-1	20006
415365443	-1	20000	72696842	-1	20006
415365443	-1	20000	197412774	-1	20006
415365443	-1	20000	391777906	-1	20006
415365443	-1	20000	186235114	-1	20006
415365443	-1	20000	138210424	-1	20006
415365443	-1	20000	291744800	-1	20006
415365443	-1	20000	357044225	-1	20006
415365443	-1	20000	71043693	-1	20006
415365443	-1	20000	15805499	-1	20006
415365443	-1	20000	217683305	-1	20006
415365443	-1	20000	111839322	-1	20006
415365443	-1	20000	186851875	-1	20006
415365443	-1	20000	300819248	-1	20006
415365443	-1	20000	59370361	-1	20006
415365443	-1	20000	96729059	-1	20006
415365443	-1	20000	111646470	-1	20006
415365443	-1	20000	446451689	-1	20006
415365443	-1	20000	437493219	-1	20006
415365443	-1	20000	362859141	-1	20006
415365443	-1	20000	275590482	-1	20006
415365443	-1	20000	1119256	-1	20006
415365443	-1	20000	291995985	-1	20006
415365443	-1	20000	112937917	-1	20006
415365443	-1	20000	186598238	-1	20006
415365443	-1	20000	364451476	-1	20006
415365443	-1	20000	283351752	-1	20006
415365443	-1	20000	417663681	-1	20006
415365443	-1	20000	316508510	-1	20006
415365443	-1	20000	73967013	-1	20006
415365443	-1	20000	248329365	-1	20006
415365443	-1	20000	364306650	-1	20006
415365443	-1	20000	306302345	-1	20006
415365443	-1	20000	422469206	-1	20006
415365443	-1	20000	41840424	-1	20006
415365443	-1	20000	364444573	-1	20006
415365443	-1	20000	364321732	-1	20006
415365443	-1	20000	233705849	-1	20006
415365443	-1	20000	15719820	-1	20006
415365443	-1	20000	73881478	-1	20009
415365443	-1	20000	117175938	-1	20027
415365443	-1	20000	274338203	-1	20027
415365443	-1	20000	349988325	-1	20033
415365443	-1	20000	219174293	-1	20033
415365443	-1	20000	189911966	-1	20033
415365443	-1	20000	55415969	-1	20033
415365443	-1	20000	302262707	-1	20033
415365443	-1	20000	40001798	-1	20033
415365443	-1	20000	379107092	-1	20033
415365443	-1	20000	277062644	-1	20033
415365443	-1	20000	364569665	-1	20033
415365443	-1	20000	291815562	-1	20033
415365443	-1	20000	102632887	-1	20033
415365443	-1	20000	460182980	-1	20033
415365443	-1	20000	219281912	-1	20033
415365443	-1	20000	408309640	-1	20036
415365443	-1	20000	451652948	-1	20048
415365443	-1	20000	204802912	-1	20066
415365443	-1	20000	379076521	-1	20066
415365443	-1	20000	175436165	-1	20072
415365443	-1	20000	190089954	-1	20084
415365443	-1	20000	131899063	-1	20093
415365443	-1	20000	88333141	-1	20093
415365443	-1	20000	15561002	-1	20093
415365443	-1	20000	335699382	-1	20093
415365443	-1	20000	44445053	-1	20093
415365443	-1	20000	160927734	-1	20108
415365443	-1	20000	175330480	-1	20120
415365443	-1	20000	399178785	-1	20120
415365443	-1	20000	248114362	-1	20120
415365443	-1	20000	408037105	-1	20135
415365443	-1	20000	183992200	-1	20150
415365443	-1	20000	66850393	-1	20186
415365443	-1	20000	291903398	-1	20210
415365443	-1	20000	117562205	-1	20213
415365443	-1	20000	262961644	-1	20213
415365443	-1	20000	84561080	-1	20213
415365443	-1	20000	364324955	-1	20240
415365443	-1	20000	218902445	-1	20282
415365443	-1	20000	320694167	-1	20282
415365443	-1	20000	451564298	-1	20282
415365443	-1	20000	248034234	-1	20291
415365443	-1	20000	248036893	-1	20291
415365443	-1	20000	451590763	-1	20291
415365443	-1	20000	776625	-1	20291
415365443	-1	20000	73473993	-1	20291
415365443	-1	20000	102566902	-1	20291
415365443	-1	20000	131855273	-1	20291
415365443	-1	20000	277270891	-1	20291
415365443	-1	20000	306204188	-1	20291
415365443	-1	20000	422686796	-1	20291
415365443	-1	20000	437227607	-1	20291
415365443	-1	20000	44606043	-1	20291
415365443	-1	20000	175397311	-1	20291
415365443	-1	20000	233494710	-1	20291
415365443	-1	20000	306354392	-1	20291
415365443	-1	20000	248036631	-1	20291
415365443	-1	20000	30064764	-1	20291
415365443	-1	20000	160938973	-1	20291
415365443	-1	20000	204563464	-1	20291
415365443	-1	20000	408064614	-1	20300
415365443	-1	20000	73536889	-1	20300
415365443	-1	20000	379062828	-1	20300
415365443	-1	20000	291812271	-1	20300
415365443	-1	20000	117230880	-1	20300
415365443	-1	20000	204410761	-1	20300
415365443	-1	20000	248106562	-1	20300
415365443	-1	20000	44452484	-1	20312
415365443	-1	20000	320744887	-1	20318
415365443	-1	20000	287353230	-1	20333
415365443	-1	20000	204448078	-1	20345
415365443	-1	20000	291621518	-1	20360
415365443	-1	20000	102756859	-1	20360
415365443	-1	20000	306521296	-1	20378
415365443	-1	20000	233569563	-1	20378
415365443	-1	20000	277306026	-1	20384
415365443	-1	20000	73888496	-1	20495
415365443	-1	20000	385603578	-1	20495
415365443	-1	20000	59177578	-1	20504
415365443	-1	20000	59325572	-1	20504
415365443	-1	20000	103042775	-1	20510
415365443	-1	20000	393834293	-1	20510
415365443	-1	20000	437447504	-1	20510
415365443	-1	20000	175390986	-1	20510
415365443	-1	20000	73654009	-1	20510
415365443	-1	20000	131762128	-1	20510
415365443	-1	20000	233968511	-1	20510
415365443	-1	20000	320868607	-1	20510
415365443	-1	20000	335426372	-1	20510
415365443	-1	20000	350185263	-1	20510
415365443	-1	20000	364696358	-1	20510
415365443	-1	20000	59250747	-1	20510
415365443	-1	20000	88479195	-1	20510
415365443	-1	20000	175589031	-1	20510
415365443	-1	20000	408036254	-1	20510
415365443	-1	20000	408387484	-1	20510
415365443	-1	20000	422659819	-1	20510
415365443	-1	20000	117425122	-1	20510
415365443	-1	20000	131776325	-1	20510
415365443	-1	20000	175752937	-1	20510
415365443	-1	20000	320778663	-1	20510
415365443	-1	20000	422538821	-1	20510
415365443	-1	20000	437521255	-1	20510
415365443	-1	20000	59227096	-1	20510
415365443	-1	20000	59233171	-1	20510
415365443	-1	20000	190090435	-1	20510
415365443	-1	20000	408049219	-1	20510
415365443	-1	20000	59153610	-1	20510
415365443	-1	20000	451862968	-1	20510
415365443	-1	20000	320757962	-1	20510
415365443	-1	20000	408052536	-1	20510
415365443	-1	20000	452053893	-1	20510
415365443	-1	20000	218972863	-1	20510
415365443	-1	20000	219226942	-1	20510
415365443	-1	20000	408442202	-1	20510
415365443	-1	20000	451663926	-1	20510
415365443	-1	20000	175616126	-1	20510
415365443	-1	20000	219221885	-1	20510
415365443	-1	20000	451902790	-1	20510
415365443	-1	20000	175616197	-1	20510
415365443	-1	20000	408252579	-1	20510
415365443	-1	20000	408367924	-1	20510
415365443	-1	20000	218973433	-1	20510
415365443	-1	20000	73557073	-1	20519
415365443	-1	20000	335559433	-1	20519
415365443	-1	20000	422852665	-1	20519
415365443	-1	20000	248345488	-1	20519
415365443	-1	20000	364436066	-1	20519
415365443	-1	20000	437553575	-1	20519
415365443	-1	20000	102732148	-1	20519
415365443	-1	20000	175510093	-1	20519
415365443	-1	20000	321057960	-1	20519
415365443	-1	20000	350145980	-1	20519
415365443	-1	20000	422546681	-1	20519
415365443	-1	20000	59388664	-1	20519
415365443	-1	20000	233606422	-1	20519
415365443	-1	20000	320930866	-1	20519
415365443	-1	20000	408262596	-1	20519
415365443	-1	20000	59389529	-1	20519
415365443	-1	20000	102648206	-1	20519
415365443	-1	20000	175772552	-1	20519
415365443	-1	20000	451780374	-1	20519
415365443	-1	20000	59065303	-1	20519
415365443	-1	20000	59179144	-1	20519
415365443	-1	20000	175449200	-1	20519
415365443	-1	20000	350082408	-1	20522
415365443	-1	20000	320956478	-1	20522
415365443	-1	20000	451743825	-1	20522
415365443	-1	20000	452044110	-1	20522
415365443	-1	20000	59069729	-1	20522
415365443	-1	20000	59133898	-1	20522
415365443	-1	20000	175712096	-1	20522
415365443	-1	20000	59251428	-1	20522
415365443	-1	20000	306426947	-1	20522
415365443	-1	20000	219182958	-1	20522
415365443	-1	20000	218918647	-1	20531
68237112	-1	38033	68237112	-1	38033
68237112	-1	38033	175731211	-1	38042
68237112	-1	38033	190274447	-1	38042
68237112	-1	38033	161189894	-1	38042
68237112	-1	38033	102720327	-1	38042
 