1341	-1	308	6.900E-82	1	1540	2994	301	308	0.368	8.372E-87	268	769	774	-2994	-1540	1455	3012	1537
768160	-1	305	5.520E-81	1	1684	2994	301	305	0.396	1.371E-85	254	700	757	-2994	-1684	1311	3012	1537
791978	-1	324	1.053E-86	1	1567	2994	301	324	0.392	4.530E-92	254	736	757	-2994	-1567	1428	3012	1537
806582	-1	295	5.653E-78	1	1684	3006	301	295	0.384	4.390E-82	248	698	755	-3006	-1684	1323	3012	1537
1535667	-1	331	8.226E-89	1	1540	2994	301	331	0.389	1.224E-94	257	755	765	-2994	-1540	1455	3012	1537
1569171	-1	312	4.313E-83	1	1687	2994	301	312	0.397	5.106E-88	210	665	722	-2994	-1687	1308	3012	1537
1570439	-1	292	4.522E-77	1	1543	2994	301	292	0.353	3.850E-81	266	770	789	-2994	-1543	1452	3012	1537
1587654	-1	294	1.131E-77	1	1540	2994	301	294	0.355	8.164E-82	273	775	781	-2994	-1540	1455	3012	1537
1675013	-1	93	3.633E-17	1	3462	3776	266	93	0.470	1.611E-17	39	139	159	-3776	-3462	315	4019	3462
1731639	-1	321	8.423E-86	1	1645	2994	301	321	0.398	5.459E-91	258	725	768	-2994	-1645	1350	3012	1537
1839973	-1	306	2.760E-81	1	1540	2994	301	306	0.366	7.367E-86	283	783	788	-2994	-1540	1455	3012	1537
1858212	-1	318	6.739E-85	1	1546	2994	301	318	0.374	4.816E-90	272	777	783	-2994	-1546	1449	3012	1537
1889786	-1	323	2.106E-86	1	1684	2994	301	323	0.420	1.152E-91	244	646	702	-2994	-1684	1311	3012	1537
1892998	-1	604	5.420E-171	2	1564	3403	275	167	0.641	1.363E-43	77	206	722	-3403	-3038	366	3436	2975
1892998	-1	604	5.420E-171	2	1564	3403	301	440	0.491	4.388E-132	203	687	722	-2994	-1564	1431	3012	1537
1919823	-1	426	2.076E-117	1	1564	2994	301	426	0.478	3.446E-127	256	741	776	-2994	-1564	1431	3012	1537
6943913	-1	850	4.793E-245	3	1537	3812	266	133	0.578	2.978E-31	24	136	758	-3812	-3462	351	4019	3462
6943913	-1	850	4.793E-245	3	1537	3812	275	204	0.811	1.791E-56	136	256	758	-3403	-3044	360	3436	2975
6943913	-1	850	4.793E-245	3	1537	3812	301	514	0.540	1.518E-157	255	756	758	-2994	-1537	1458	3012	1537
8729992	-1	308	6.900E-82	1	1687	2994	301	308	0.391	8.372E-87	263	722	777	-2994	-1687	1308	3012	1537
8813819	-1	327	1.316E-87	1	1687	2994	301	327	0.418	2.752E-93	284	729	781	-2994	-1687	1308	3012	1537
12704607	-1	308	6.900E-82	1	1540	2994	301	308	0.372	8.372E-87	260	753	762	-2994	-1540	1455	3012	1537
15477124	-1	297	1.413E-78	1	1684	3006	301	297	0.386	9.304E-83	248	698	755	-3006	-1684	1323	3012	1537
15513422	-1	312	4.313E-83	1	1684	2994	301	312	0.403	3.742E-88	254	700	757	-2994	-1684	1311	3012	1537
16082561	-1	310	1.725E-82	1	1648	2994	301	310	0.393	3.296E-87	267	725	772	-2994	-1648	1347	3012	1537
16097675	-1	301	8.832E-80	1	1684	3006	301	301	0.384	4.175E-84	294	753	804	-3006	-1684	1323	3012	1537
16110384	-1	292	4.522E-77	1	1543	2994	301	292	0.353	3.850E-81	266	770	782	-2994	-1543	1452	3012	1537
16139630	-1	308	6.900E-82	1	1546	2994	301	308	0.369	1.142E-86	239	738	747	-2994	-1546	1449	3012	1537
16213214	-1	485	3.602E-135	2	1657	3403	275	151	0.613	4.111E-38	144	267	776	-3403	-3047	357	3436	2975
16213214	-1	485	3.602E-135	2	1657	3403	301	334	0.415	1.384E-95	267	726	776	-2994	-1657	1338	3012	1537
16240937	-1	342	4.017E-92	1	1546	2994	301	342	0.396	3.719E-98	262	763	776	-2994	-1546	1449	3012	1537
16347904	-1	322	4.212E-86	1	1546	2994	301	322	0.381	2.147E-91	264	761	771	-2994	-1546	1449	3012	1537
16360323	-1	322	4.212E-86	1	1684	2994	301	322	0.411	2.147E-91	271	718	777	-2994	-1684	1311	3012	1537
16477948	-1	312	4.313E-83	1	1546	2994	301	312	0.373	5.106E-88	264	761	773	-2994	-1546	1449	3012	1537
16481903	-1	329	3.290E-88	1	1543	2994	301	329	0.387	7.924E-94	261	759	770	-2994	-1543	1452	3012	1537
16550578	-1	389	2.854E-106	1	1546	2994	301	389	0.448	2.764E-114	229	704	739	-2994	-1546	1449	3012	1537
16551497	-1	385	4.566E-105	1	1546	2994	301	385	0.445	4.602E-113	189	664	930	-2994	-1546	1449	3012	1537
16579086	-1	327	1.316E-87	1	1684	2994	301	327	0.414	2.752E-93	259	710	769	-2994	-1684	1311	3012	1537
25543218	-1	326	2.632E-87	1	1546	2994	301	326	0.386	9.558E-93	259	753	766	-2994	-1546	1449	3012	1537
30049247	-1	302	4.416E-80	1	1687	2994	301	302	0.394	1.645E-84	76	521	579	-2994	-1687	1308	3012	1537
30619769	-1	312	4.313E-83	1	1684	2994	301	312	0.400	5.106E-88	260	711	769	-2994	-1684	1311	3012	1537
30729166	-1	287	1.447E-75	1	1684	3003	301	287	0.372	1.590E-79	270	729	785	-3003	-1684	1320	3012	1537
30758623	-1	309	3.450E-82	1	1546	2994	301	309	0.373	6.136E-87	260	753	766	-2994	-1546	1449	3012	1537
30856349	-1	312	4.313E-83	1	1540	2994	301	312	0.371	5.106E-88	267	768	773	-2994	-1540	1455	3012	1537
30895913	-1	328	6.581E-88	1	1546	2994	301	328	0.387	1.477E-93	263	760	772	-2994	-1546	1449	3012	1537
30927425	-1	321	8.423E-86	1	1546	2994	301	321	0.381	2.930E-91	119	616	628	-2994	-1546	1449	3012	1537
30941633	-1	316	2.695E-84	1	1546	2994	301	316	0.377	3.112E-89	260	756	768	-2994	-1546	1449	3012	1537
30949751	-1	305	5.520E-81	1	1546	2994	301	305	0.368	1.005E-85	270	766	778	-2994	-1546	1449	3012	1537
30970471	-1	276	2.964E-72	1	1684	2925	301	276	0.387	6.820E-76	0	418	476	-2925	-1684	1242	3012	1537
31080239	-1	291	9.044E-77	1	1645	2937	301	291	0.383	7.160E-81	1	448	490	-2937	-1645	1293	3012	1537
39400430	-1	314	1.078E-83	1	1540	2994	301	314	0.372	1.473E-88	269	770	775	-2994	-1540	1455	3012	1537
39839686	-1	319	3.369E-85	1	1645	2994	301	319	0.394	1.894E-90	277	747	785	-2994	-1645	1350	3012	1537
41213649	-1	319	3.369E-85	1	1564	3006	301	319	0.377	1.894E-90	265	767	779	-3006	-1564	1443	3012	1537
42998479	-1	312	4.313E-83	1	1645	2994	301	312	0.391	3.742E-88	259	725	768	-2994	-1645	1350	3012	1537
44588554	-1	247	1.591E-63	1	1558	2781	301	247	0.356	5.748E-66	1	422	589	-2781	-1558	1224	3012	1537
45152266	-1	310	1.725E-82	1	1540	2994	301	310	0.369	2.415E-87	268	769	774	-2994	-1540	1455	3012	1537
45254031	-1	304	1.104E-80	1	1687	3006	301	304	0.386	1.871E-85	268	730	790	-3006	-1687	1320	3012	1537
45315698	-1	282	4.631E-74	1	1687	2994	301	282	0.375	8.933E-78	292	738	794	-2994	-1687	1308	3012	1537
45350334	-1	306	2.760E-81	1	1684	2994	301	306	0.394	3.958E-86	268	719	772	-2994	-1684	1311	3012	1537
45415127	-1	610	8.469E-173	2	1564	3403	275	168	0.646	3.860E-44	143	272	790	-3403	-3038	366	3436	2975
45415127	-1	610	8.469E-173	2	1564	3403	301	445	0.495	7.481E-134	269	754	790	-2994	-1564	1431	3012	1537
45422842	-1	325	5.265E-87	1	1546	2994	301	325	0.384	1.305E-92	276	773	778	-2994	-1546	1449	3012	1537
45442020	-1	294	1.131E-77	1	1546	2994	301	294	0.365	8.164E-82	265	737	750	-2994	-1546	1449	3012	1537
45487179	-1	323	2.106E-86	1	1546	2994	301	323	0.383	6.184E-92	236	732	745	-2994	-1546	1449	3012	1537
45527803	-1	311	8.625E-83	1	1684	3006	301	311	0.391	9.508E-88	254	718	771	-3006	-1684	1323	3012	1537
45529224	-1	322	4.212E-86	1	1546	2994	301	322	0.382	1.573E-91	263	760	772	-2994	-1546	1449	3012	1537
45530956	-1	319	3.369E-85	1	1546	2994	301	319	0.379	2.585E-90	119	616	629	-2994	-1546	1449	3012	1537
45533230	-1	295	5.653E-78	1	1687	2994	301	295	0.383	3.219E-82	272	724	776	-2994	-1687	1308	3012	1537
45570370	-1	304	1.104E-80	1	1687	2994	301	304	0.403	1.871E-85	299	732	790	-2994	-1687	1308	3012	1537
45602137	-1	480	1.153E-133	2	1657	3403	275	151	0.612	5.635E-38	145	268	772	-3403	-3047	357	3436	2975
45602137	-1	480	1.153E-133	2	1657	3403	301	329	0.414	1.082E-93	268	721	772	-2994	-1657	1338	3012	1537
45619228	-1	296	2.826E-78	1	1543	2994	301	296	0.357	1.269E-82	266	768	774	-2994	-1543	1452	3012	1537
45678655	-1	335	5.141E-90	1	1543	2994	301	335	0.392	7.422E-96	264	762	773	-2994	-1543	1452	3012	1537
52224443	-1	88	1.163E-15	1	3498	3782	266	88	0.487	6.766E-16	49	139	151	-3782	-3498	285	4019	3462
54415149	-1	287	1.447E-75	1	1687	2994	301	287	0.379	1.590E-79	120	566	623	-2994	-1687	1308	3012	1537
55882780	-1	319	3.369E-85	1	1546	2994	301	319	0.380	1.388E-90	260	756	768	-2994	-1546	1449	3012	1537
57064697	-1	311	8.625E-83	1	1645	2994	301	311	0.388	1.297E-87	266	734	776	-2994	-1645	1350	3012	1537
58956192	-1	286	2.894E-75	1	1558	3006	301	286	0.354	5.494E-79	248	739	756	-3006	-1558	1449	3012	1537
58978531	-1	290	1.809E-76	1	1543	3006	301	290	0.355	1.331E-80	248	744	755	-3006	-1543	1464	3012	1537
59658036	-1	613	1.059E-173	2	1546	3403	275	173	0.660	1.201E-45	137	266	898	-3403	-3038	366	3436	2975
59658036	-1	613	1.059E-173	2	1546	3403	301	443	0.490	6.701E-133	263	752	898	-2994	-1546	1449	3012	1537
59700673	-1	302	4.416E-80	1	1558	2994	301	302	0.374	1.645E-84	285	764	780	-2994	-1558	1437	3012	1537
59739704	-1	325	5.265E-87	1	1537	2994	301	325	0.388	2.431E-92	270	759	760	-2994	-1537	1458	3012	1537
59765730	-1	421	6.645E-116	1	1567	2994	301	421	0.481	2.756E-125	224	691	713	-2994	-1567	1428	3012	1537
59833913	-1	256	3.108E-66	1	1687	2760	301	256	0.391	6.511E-69	1	381	437	-2760	-1687	1074	3012	1537
59836760	-1	298	7.066E-79	1	1543	2994	301	298	0.369	2.688E-83	222	705	710	-2994	-1543	1452	3012	1537
59993005	-1	331	8.226E-89	1	1684	2994	301	331	0.420	2.281E-94	222	669	726	-2994	-1684	1311	3012	1537
59997600	-1	298	7.066E-79	1	1546	2994	301	298	0.349	3.667E-83	264	787	799	-2994	-1546	1449	3012	1537
60108745	-1	311	8.625E-83	1	1687	2994	301	311	0.399	9.508E-88	267	718	776	-2994	-1687	1308	3012	1537
60111644	-1	298	7.066E-79	1	1687	2994	301	298	0.386	3.667E-83	266	717	769	-2994	-1687	1308	3012	1537
66537946	-1	328	6.581E-88	1	1546	2994	301	328	0.386	2.016E-93	263	760	772	-2994	-1546	1449	3012	1537
70865341	-1	651	3.851E-185	2	1537	3325	275	139	0.713	7.225E-34	1	95	597	-3325	-3044	282	3436	2975
70865341	-1	651	3.851E-185	2	1537	3325	301	513	0.539	3.891E-157	94	595	597	-2994	-1537	1458	3012	1537
71135837	-1	311	8.625E-83	1	1540	2994	301	311	0.374	1.297E-87	260	753	762	-2994	-1540	1455	3012	1537
73512947	-1	318	6.739E-85	1	1687	3006	301	318	0.406	4.816E-90	248	698	756	-3006	-1687	1320	3012	1537
74180310	-1	701	3.420E-200	3	1564	3806	266	103	0.477	4.809E-21	18	127	768	-3806	-3462	345	4019	3462
74180310	-1	701	3.420E-200	3	1564	3806	275	164	0.635	1.701E-42	127	255	768	-3403	-3038	366	3436	2975
74180310	-1	701	3.420E-200	3	1564	3806	301	437	0.489	5.373E-131	252	736	768	-2994	-1564	1431	3012	1537
74181524	-1	312	4.313E-83	1	1645	2994	301	312	0.391	3.742E-88	259	725	768	-2994	-1645	1350	3012	1537
74320275	-1	312	4.313E-83	1	1546	3006	301	312	0.368	5.106E-88	252	759	764	-3006	-1546	1461	3012	1537
74344132	-1	606	1.355E-171	2	1564	3403	275	169	0.648	2.816E-44	130	259	751	-3403	-3038	366	3436	2975
74344132	-1	606	1.355E-171	2	1564	3403	301	440	0.497	6.001E-132	256	716	751	-2994	-1564	1431	3012	1537
74377969	-1	302	4.416E-80	1	1546	2994	301	302	0.372	1.645E-84	303	777	786	-2994	-1546	1449	3012	1537
74398713	-1	194	1.433E-47	1	1687	2433	301	194	0.403	5.084E-48	3	278	337	-2433	-1687	747	3012	1537
74433824	-1	310	1.725E-82	1	1540	2994	301	310	0.370	2.415E-87	290	789	794	-2994	-1540	1455	3012	1537
74578919	-1	93	3.633E-17	1	3462	3803	266	93	0.443	1.179E-17	21	132	215	-3803	-3462	342	4019	3462
74579619	-1	309	3.450E-82	1	1561	2994	301	309	0.366	4.497E-87	300	807	821	-2994	-1561	1434	3012	1537
74583507	-1	297	1.413E-78	1	1546	2925	301	297	0.372	9.304E-83	8	482	494	-2925	-1546	1380	3012	1537
74619009	-1	314	1.078E-83	1	1546	2994	301	314	0.375	1.473E-88	263	759	771	-2994	-1546	1449	3012	1537
74631625	-1	601	4.336E-170	2	1564	3403	275	165	0.636	4.815E-43	130	259	776	-3403	-3038	366	3436	2975
74631625	-1	601	4.336E-170	2	1564	3403	301	439	0.490	1.123E-131	256	741	776	-2994	-1564	1431	3012	1537
74717554	-1	601	4.336E-170	2	1564	3403	275	165	0.636	4.815E-43	130	259	773	-3403	-3038	366	3436	2975
74717554	-1	601	4.336E-170	2	1564	3403	301	439	0.492	8.208E-132	256	738	773	-2994	-1564	1431	3012	1537
74720597	-1	312	4.313E-83	1	1540	2994	301	312	0.372	3.742E-88	268	767	772	-2994	-1540	1455	3012	1537
74749988	-1	323	2.106E-86	1	1546	2994	301	323	0.383	6.184E-92	259	755	768	-2994	-1546	1449	3012	1537
82887549	-1	293	2.261E-77	1	1543	2994	301	293	0.353	1.518E-81	119	624	630	-2994	-1543	1452	3012	1537
83275953	-1	321	8.423E-86	1	1543	2994	301	321	0.380	5.459E-91	120	618	629	-2994	-1543	1452	3012	1537
86811971	-1	306	2.760E-81	1	1540	2994	301	306	0.367	5.400E-86	283	782	787	-2994	-1540	1455	3012	1537
88014249	-1	313	2.156E-83	1	1687	2994	301	313	0.404	2.742E-88	254	699	757	-2994	-1687	1308	3012	1537
88017615	-1	305	5.520E-81	1	1684	2994	301	305	0.396	1.371E-85	254	700	757	-2994	-1684	1311	3012	1537
88071099	-1	296	2.826E-78	1	1558	2994	301	296	0.365	1.269E-82	252	739	758	-2994	-1558	1437	3012	1537
88214171	-1	302	4.416E-80	1	1558	3006	301	302	0.367	1.206E-84	248	741	769	-3006	-1558	1449	3012	1537
88791206	-1	314	1.078E-83	1	1546	2991	301	314	0.375	1.079E-88	70	567	576	-2991	-1546	1446	3012	1537
88868176	-1	314	1.078E-83	1	1684	2994	301	314	0.401	1.079E-88	268	720	773	-2994	-1684	1311	3012	1537
88886019	-1	311	8.625E-83	1	1540	2994	301	311	0.371	9.508E-88	268	767	772	-2994	-1540	1455	3012	1537
89169913	-1	305	5.520E-81	1	1540	2994	301	305	0.365	1.005E-85	268	769	774	-2994	-1540	1455	3012	1537
89196128	-1	304	1.104E-80	1	1687	2994	301	304	0.403	1.871E-85	344	777	835	-2994	-1687	1308	3012	1537
89196961	-1	308	6.900E-82	1	1540	2994	301	308	0.368	1.558E-86	267	766	771	-2994	-1540	1455	3012	1537
89253995	-1	385	4.566E-105	1	1546	2994	301	385	0.445	4.602E-113	256	731	765	-2994	-1546	1449	3012	1537
94139091	-1	300	1.766E-79	1	1537	2994	301	300	0.358	5.694E-84	234	742	749	-2994	-1537	1458	3012	1537
98000880	-1	310	1.725E-82	1	1546	2994	301	310	0.371	2.415E-87	264	761	773	-2994	-1546	1449	3012	1537
102756509	-1	294	1.131E-77	1	1684	3006	301	294	0.384	5.987E-82	248	698	755	-3006	-1684	1323	3012	1537
103030450	-1	325	5.265E-87	1	1558	2994	301	325	0.390	1.781E-92	253	740	756	-2994	-1558	1437	3012	1537
103325353	-1	279	3.705E-73	1	1687	2994	301	279	0.365	7.808E-77	143	601	656	-2994	-1687	1308	3012	1537
103328080	-1	314	1.078E-83	1	1684	2994	301	314	0.401	7.908E-89	260	712	770	-2994	-1684	1311	3012	1537
103390380	-1	274	1.185E-71	1	1546	2994	301	274	0.348	4.368E-75	302	777	786	-2994	-1546	1449	3012	1537
103393220	-1	312	4.313E-83	1	1546	2994	301	312	0.373	3.742E-88	265	762	774	-2994	-1546	1449	3012	1537
103466454	-1	310	1.725E-82	1	1540	2994	301	310	0.370	3.296E-87	269	768	773	-2994	-1540	1455	3012	1537
103478326	-1	286	2.894E-75	1	1684	3006	301	286	0.369	5.494E-79	287	749	800	-3006	-1684	1323	3012	1537
103534429	-1	580	9.093E-164	2	1567	3403	275	161	0.597	1.129E-41	162	298	876	-3403	-3044	360	3436	2975
103534429	-1	580	9.093E-164	2	1567	3403	301	420	0.466	5.153E-125	297	791	876	-2994	-1567	1428	3012	1537
103547714	-1	323	2.106E-86	1	1546	2994	301	323	0.383	6.184E-92	261	757	769	-2994	-1546	1449	3012	1537
103589193	-1	330	1.645E-88	1	1687	2994	301	330	0.419	4.251E-94	276	723	775	-2994	-1687	1308	3012	1537
103589584	-1	312	4.313E-83	1	1540	2994	301	312	0.372	5.106E-88	268	767	772	-2994	-1540	1455	3012	1537
103648340	-1	428	5.191E-118	1	1567	2994	301	428	0.482	7.204E-128	257	739	777	-2994	-1567	1428	3012	1537
103725688	-1	328	6.581E-88	1	1546	2994	301	328	0.384	2.016E-93	288	790	801	-2994	-1546	1449	3012	1537
103731510	-1	327	1.316E-87	1	1537	2994	301	327	0.383	3.757E-93	282	784	786	-2994	-1537	1458	3012	1537
103731937	-1	312	4.313E-83	1	1546	2994	301	312	0.376	3.742E-88	252	744	757	-2994	-1546	1449	3012	1537
103735881	-1	299	3.533E-79	1	1687	2994	301	299	0.388	1.445E-83	266	717	769	-2994	-1687	1308	3012	1537
103796625	-1	387	1.142E-105	1	1546	2994	301	387	0.447	9.647E-114	173	648	683	-2994	-1546	1449	3012	1537
103823497	-1	320	1.685E-85	1	1546	2994	301	320	0.380	1.017E-90	263	760	772	-2994	-1546	1449	3012	1537
103824754	-1	312	4.313E-83	1	1546	2994	301	312	0.373	3.742E-88	264	761	773	-2994	-1546	1449	3012	1537
103825144	-1	271	9.484E-71	1	1687	2994	301	271	0.371	5.189E-74	210	643	702	-2994	-1687	1308	3012	1537
117156035	-1	302	4.416E-80	1	1558	3006	301	302	0.367	1.206E-84	248	741	769	-3006	-1558	1449	3012	1537
117298689	-1	186	3.669E-45	1	1684	2385	301	186	0.425	2.959E-45	14	258	315	-2385	-1684	702	3012	1537
117806900	-1	254	1.243E-65	1	1684	2700	301	254	0.407	3.045E-68	0	357	415	-2700	-1684	1017	3012	1537
117816975	-1	309	3.450E-82	1	1558	2994	301	309	0.371	4.497E-87	261	757	774	-2994	-1558	1437	3012	1537
117884213	-1	295	5.653E-78	1	1687	2994	301	295	0.384	2.360E-82	266	717	769	-2994	-1687	1308	3012	1537
118057697	-1	306	2.760E-81	1	1540	2994	301	306	0.367	5.400E-86	283	782	787	-2994	-1540	1455	3012	1537
118073912	-1	318	6.739E-85	1	1546	2994	301	318	0.369	4.816E-90	8	523	535	-2994	-1546	1449	3012	1537
118191937	-1	315	5.391E-84	1	1540	2994	301	315	0.375	4.246E-89	268	767	772	-2994	-1540	1455	3012	1537
118239237	-1	283	2.315E-74	1	1546	2892	301	283	0.366	4.807E-78	0	463	475	-2892	-1546	1347	3012	1537
118246785	-1	586	1.421E-165	2	1564	3403	275	164	0.634	9.049E-43	130	259	776	-3403	-3038	366	3436	2975
118246785	-1	586	1.421E-165	2	1564	3403	301	425	0.477	8.813E-127	256	741	776	-2994	-1564	1431	3012	1537
118259868	-1	552	2.441E-155	2	1573	3400	275	176	0.646	9.622E-47	0	135	734	-3400	-3044	357	3436	2975
118259868	-1	552	2.441E-155	2	1573	3400	301	377	0.417	2.378E-110	134	650	734	-2994	-1573	1422	3012	1537
118372845	-1	324	1.053E-86	1	1546	2994	301	324	0.383	3.319E-92	263	760	772	-2994	-1546	1449	3012	1537
118381505	-1	298	7.066E-79	1	1813	2994	301	298	0.427	2.688E-83	119	506	532	-2994	-1813	1182	3012	1537
118394616	-1	84	1.860E-14	1	3462	3770	266	84	0.440	2.069E-14	5	106	199	-3770	-3462	309	4019	3462
125381873	-1	318	6.739E-85	1	1540	2994	301	318	0.378	3.529E-90	122	620	623	-2994	-1540	1455	3012	1537
129477979	-1	295	5.653E-78	1	1687	2994	301	295	0.384	2.360E-82	266	717	769	-2994	-1687	1308	3012	1537
131810588	-1	319	3.369E-85	1	1687	3006	301	319	0.407	2.585E-90	248	698	756	-3006	-1687	1320	3012	1537
131812022	-1	298	7.066E-79	1	1684	3006	301	298	0.387	3.667E-83	248	698	755	-3006	-1684	1323	3012	1537
131846074	-1	310	1.725E-82	1	1684	2994	301	310	0.401	2.415E-87	254	700	757	-2994	-1684	1311	3012	1537
132335877	-1	312	4.313E-83	1	1561	2994	301	312	0.377	5.106E-88	260	750	768	-2994	-1561	1434	3012	1537
132425651	-1	326	2.632E-87	1	1645	2994	301	326	0.403	9.558E-93	274	740	782	-2994	-1645	1350	3012	1537
132435977	-1	296	2.826E-78	1	1540	2994	301	296	0.360	1.269E-82	267	763	773	-2994	-1540	1455	3012	1537
132539873	-1	316	2.695E-84	1	1645	2994	301	316	0.393	2.280E-89	259	727	770	-2994	-1645	1350	3012	1537
132568038	-1	272	4.742E-71	1	1687	2832	301	272	0.394	2.052E-74	162	562	618	-2832	-1687	1146	3012	1537
132674538	-1	310	1.725E-82	1	1684	2994	301	310	0.398	2.415E-87	268	719	772	-2994	-1684	1311	3012	1537
132680671	-1	312	4.313E-83	1	1546	2994	301	312	0.373	5.106E-88	264	761	773	-2994	-1546	1449	3012	1537
132853366	-1	295	5.653E-78	1	1543	2994	301	295	0.355	3.219E-82	266	771	777	-2994	-1543	1452	3012	1537
132885174	-1	388	5.708E-106	1	1546	2994	301	388	0.447	5.164E-114	189	664	927	-2994	-1546	1449	3012	1537
132901339	-1	316	2.695E-84	1	1546	2988	301	316	0.374	1.671E-89	180	682	687	-2988	-1546	1443	3012	1537
138173051	-1	318	6.739E-85	1	1540	2994	301	318	0.379	3.529E-90	258	754	765	-2994	-1540	1455	3012	1537
138302736	-1	469	2.361E-130	2	1540	3403	275	152	0.620	2.188E-38	143	265	772	-3403	-3047	357	3436	2975
138302736	-1	469	2.361E-130	2	1540	3403	301	317	0.377	1.224E-89	265	762	772	-2994	-1540	1455	3012	1537
141271180	-1	327	1.316E-87	1	1546	2994	301	327	0.383	5.129E-93	272	773	778	-2994	-1546	1449	3012	1537
144190515	-1	319	3.369E-85	1	1546	2994	301	319	0.379	1.388E-90	266	763	775	-2994	-1546	1449	3012	1537
146195592	-1	297	1.413E-78	1	1684	3006	301	297	0.386	9.304E-83	248	698	755	-3006	-1684	1323	3012	1537
146315750	-1	1049	5.965E-305	3	1540	3935	266	177	0.575	1.499E-46	0	150	757	-3935	-3462	474	4019	3462
146315750	-1	1049	5.965E-305	3	1540	3935	275	223	0.885	3.441E-63	150	269	757	-3403	-3044	360	3436	2975
146315750	-1	1049	5.965E-305	3	1540	3935	301	657	0.668	6.174E-207	261	755	757	-3012	-1540	1473	3012	1537
146957349	-1	324	1.053E-86	1	1546	2994	301	324	0.384	4.530E-92	267	763	775	-2994	-1546	1449	3012	1537
147180179	-1	286	2.894E-75	1	1546	2994	301	286	0.358	5.494E-79	263	728	740	-2994	-1546	1449	3012	1537
147201788	-1	297	1.413E-78	1	1687	2994	301	297	0.385	9.304E-83	266	717	769	-2994	-1687	1308	3012	1537
147264972	-1	442	3.168E-122	1	1540	2994	301	442	0.487	1.254E-132	218	710	737	-2994	-1540	1455	3012	1537
147283803	-1	322	4.212E-86	1	1546	2994	301	322	0.382	1.573E-91	263	760	772	-2994	-1546	1449	3012	1537
147325865	-1	309	3.450E-82	1	1540	2994	301	309	0.370	4.497E-87	268	767	772	-2994	-1540	1455	3012	1537
147326301	-1	313	2.156E-83	1	1540	2994	301	313	0.373	2.010E-88	268	767	772	-2994	-1540	1455	3012	1537
147377138	-1	336	2.571E-90	1	1537	2994	301	336	0.389	2.915E-96	265	770	774	-2994	-1537	1458	3012	1537
147432643	-1	331	8.226E-89	1	1543	2994	301	331	0.389	1.224E-94	262	760	773	-2994	-1543	1452	3012	1537
147439907	-1	330	1.645E-88	1	1546	2994	301	330	0.386	3.114E-94	269	770	775	-2994	-1546	1449	3012	1537
147455169	-1	360	1.532E-97	2	1570	3773	266	91	0.484	7.652E-17	68	165	805	-3773	-3477	297	4019	3462
147455169	-1	360	1.532E-97	2	1570	3773	301	285	0.360	7.490E-79	183	661	805	-2970	-1570	1401	3012	1537
154890691	-1	342	4.017E-92	1	1546	2994	301	342	0.396	3.719E-98	275	776	789	-2994	-1546	1449	3012	1537
155964313	-1	312	4.313E-83	1	1546	2994	301	312	0.372	3.742E-88	273	773	778	-2994	-1546	1449	3012	1537
156136604	-1	467	9.443E-130	2	1645	3403	275	151	0.619	2.999E-38	146	268	770	-3403	-3047	357	3436	2975
156136604	-1	467	9.443E-130	2	1645	3403	301	316	0.395	2.280E-89	268	733	770	-2994	-1645	1350	3012	1537
156906734	-1	361	7.661E-98	1	1537	2994	301	361	0.415	6.299E-105	305	802	804	-2994	-1537	1458	3012	1537
160769377	-1	322	4.212E-86	1	1684	2994	301	322	0.412	1.573E-91	253	699	756	-2994	-1684	1311	3012	1537
160776804	-1	293	2.261E-77	1	1684	3006	301	293	0.383	1.518E-81	249	699	756	-3006	-1684	1323	3012	1537
160923779	-1	299	3.533E-79	1	1558	3006	301	299	0.364	1.971E-83	248	741	769	-3006	-1558	1449	3012	1537
161012942	-1	303	2.208E-80	1	1684	3006	301	303	0.391	6.479E-85	248	699	742	-3006	-1684	1323	3012	1537
161461986	-1	295	5.653E-78	1	1684	2994	301	295	0.383	3.219E-82	262	714	773	-2994	-1684	1311	3012	1537
161554701	-1	298	7.066E-79	1	1558	2991	301	298	0.355	3.667E-83	240	749	755	-2991	-1558	1434	3012	1537
161575061	-1	315	5.391E-84	1	1546	2994	301	315	0.376	4.246E-89	264	761	773	-2994	-1546	1449	3012	1537
161595171	-1	312	4.313E-83	1	1540	2994	301	312	0.372	3.742E-88	268	767	772	-2994	-1540	1455	3012	1537
161703007	-1	322	4.212E-86	1	1546	2994	301	322	0.383	1.573E-91	258	752	765	-2994	-1546	1449	3012	1537
161725667	-1	326	2.632E-87	1	1546	2994	301	326	0.385	7.002E-93	119	616	628	-2994	-1546	1449	3012	1537
161804960	-1	601	4.336E-170	2	1564	3403	275	167	0.641	1.363E-43	127	256	772	-3403	-3038	366	3436	2975
161804960	-1	601	4.336E-170	2	1564	3403	301	437	0.489	5.373E-131	253	737	772	-2994	-1564	1431	3012	1537
161816478	-1	317	1.348E-84	1	1546	2994	301	317	0.374	6.573E-90	272	777	783	-2994	-1546	1449	3012	1537
161836043	-1	333	2.056E-89	1	1543	2994	301	333	0.391	2.579E-95	262	760	773	-2994	-1543	1452	3012	1537
161940716	-1	315	5.391E-84	1	1546	2994	301	315	0.376	4.246E-89	8	505	517	-2994	-1546	1449	3012	1537
162016104	-1	315	5.391E-84	1	1561	2994	301	315	0.377	5.795E-89	243	738	750	-2994	-1561	1434	3012	1537
171322427	-1	321	8.423E-86	1	1561	2994	301	321	0.382	5.459E-91	260	755	769	-2994	-1561	1434	3012	1537
173945657	-1	308	6.900E-82	1	1540	2994	301	308	0.369	1.142E-86	283	782	787	-2994	-1540	1455	3012	1537
175266736	-1	313	2.156E-83	1	1687	2994	301	313	0.404	2.742E-88	254	699	757	-2994	-1687	1308	3012	1537
175433049	-1	317	1.348E-84	1	1687	3006	301	317	0.405	1.224E-89	248	698	756	-3006	-1687	1320	3012	1537
175575441	-1	850	4.793E-245	3	1537	3821	266	133	0.567	2.176E-31	43	158	780	-3821	-3462	360	4019	3462
175575441	-1	850	4.793E-245	3	1537	3821	275	204	0.811	1.791E-56	158	278	780	-3403	-3044	360	3436	2975
175575441	-1	850	4.793E-245	3	1537	3821	301	514	0.540	1.518E-157	277	778	780	-2994	-1537	1458	3012	1537
176040433	-1	301	8.832E-80	1	1546	2994	301	301	0.363	2.244E-84	19	518	527	-2994	-1546	1449	3012	1537
176067880	-1	292	4.522E-77	1	1543	2994	301	292	0.353	3.850E-81	266	770	783	-2994	-1543	1452	3012	1537
176169158	-1	292	4.522E-77	1	1546	2994	301	292	0.359	3.850E-81	281	773	783	-2994	-1546	1449	3012	1537
176230403	-1	295	5.653E-78	1	1684	2994	301	295	0.384	2.360E-82	261	713	772	-2994	-1684	1311	3012	1537
176239237	-1	315	5.391E-84	1	1546	2994	301	315	0.375	5.795E-89	265	762	774	-2994	-1546	1449	3012	1537
176283921	-1	301	8.832E-80	1	1540	2994	301	301	0.363	2.244E-84	267	766	771	-2994	-1540	1455	3012	1537
176306348	-1	318	6.739E-85	1	1546	2994	301	318	0.378	4.816E-90	263	760	772	-2994	-1546	1449	3012	1537
176369063	-1	299	3.533E-79	1	1687	2994	301	299	0.371	1.971E-83	300	779	835	-2994	-1687	1308	3012	1537
176393184	-1	601	4.336E-170	2	1564	3403	275	167	0.641	1.363E-43	127	256	772	-3403	-3038	366	3436	2975
176393184	-1	601	4.336E-170	2	1564	3403	301	437	0.489	5.373E-131	253	737	772	-2994	-1564	1431	3012	1537
176429885	-1	313	2.156E-83	1	1546	2994	301	313	0.375	2.742E-88	267	762	775	-2994	-1546	1449	3012	1537
176446118	-1	310	1.725E-82	1	1540	2994	301	310	0.370	2.415E-87	268	767	772	-2994	-1540	1455	3012	1537
176461120	-1	309	3.450E-82	1	1684	2994	301	309	0.396	4.497E-87	268	720	773	-2994	-1684	1311	3012	1537
176477275	-1	477	9.221E-133	2	1684	3403	275	154	0.624	3.298E-39	139	262	770	-3403	-3047	357	3436	2975
176477275	-1	477	9.221E-133	2	1684	3403	301	323	0.412	6.184E-92	262	711	770	-2994	-1684	1311	3012	1537
176478041	-1	475	3.689E-132	2	1546	3403	275	154	0.623	4.520E-39	141	264	772	-3403	-3047	357	3436	2975
176478041	-1	475	3.689E-132	2	1546	3403	301	321	0.381	3.999E-91	264	760	772	-2994	-1546	1449	3012	1537
176574369	-1	315	5.391E-84	1	1567	2994	301	315	0.378	5.795E-89	273	765	777	-2994	-1567	1428	3012	1537
184072366	-1	301	8.832E-80	1	1687	2994	301	301	0.388	3.060E-84	275	728	784	-2994	-1687	1308	3012	1537
185999766	-1	311	8.625E-83	1	1645	2994	301	311	0.390	9.508E-88	263	729	771	-2994	-1645	1350	3012	1537
186703854	-1	308	6.900E-82	1	1687	2994	301	308	0.393	1.142E-86	233	688	743	-2994	-1687	1308	3012	1537
190220264	-1	294	1.131E-77	1	1684	3006	301	294	0.384	5.987E-82	249	699	756	-3006	-1684	1323	3012	1537
190574791	-1	204	1.400E-50	1	1924	2661	301	204	0.455	2.532E-51	93	334	361	-2661	-1924	738	3012	1537
190576529	-1	315	5.391E-84	1	1546	2994	301	315	0.376	5.795E-89	263	759	771	-2994	-1546	1449	3012	1537
190653369	-1	282	4.631E-74	1	1546	2925	301	282	0.357	8.933E-78	14	493	498	-2925	-1546	1380	3012	1537
190795434	-1	319	3.369E-85	1	1540	2994	301	319	0.378	1.894E-90	263	762	772	-2994	-1540	1455	3012	1537
190827738	-1	279	3.705E-73	1	1540	2916	301	279	0.357	7.808E-77	437	910	915	-2916	-1540	1377	3012	1537
190857830	-1	333	2.056E-89	1	1546	2994	301	333	0.386	3.522E-95	269	774	779	-2994	-1546	1449	3012	1537
190880523	-1	313	2.156E-83	1	1684	2994	301	313	0.401	2.010E-88	268	719	772	-2994	-1684	1311	3012	1537
190923694	-1	306	2.760E-81	1	1687	2994	301	306	0.386	5.400E-86	300	765	821	-2994	-1687	1308	3012	1537
191051739	-1	368	5.985E-100	1	1597	2994	301	368	0.441	4.272E-107	173	631	632	-2994	-1597	1398	3012	1537
202004466	-1	848	1.917E-244	3	1537	3812	266	133	0.578	2.978E-31	24	136	758	-3812	-3462	351	4019	3462
202004466	-1	848	1.917E-244	3	1537	3812	275	203	0.806	4.615E-56	136	256	758	-3403	-3044	360	3436	2975
202004466	-1	848	1.917E-244	3	1537	3812	301	513	0.539	3.891E-157	255	756	758	-2994	-1537	1458	3012	1537
203287891	-1	308	6.900E-82	1	1540	2994	301	308	0.369	1.142E-86	283	782	787	-2994	-1540	1455	3012	1537
204402725	-1	295	5.653E-78	1	1684	3006	301	295	0.385	2.360E-82	249	699	756	-3006	-1684	1323	3012	1537
204730537	-1	362	3.830E-98	1	1540	2991	301	362	0.423	2.470E-105	72	558	561	-2991	-1540	1452	3012	1537
204819928	-1	314	1.078E-83	1	1558	3006	301	314	0.378	7.908E-89	248	740	764	-3006	-1558	1449	3012	1537
205052967	-1	310	1.725E-82	1	1540	2994	301	310	0.370	2.415E-87	268	767	772	-2994	-1540	1455	3012	1537
205085763	-1	697	5.473E-199	3	1564	3806	266	111	0.505	9.219E-24	21	130	776	-3806	-3462	345	4019	3462
205085763	-1	697	5.473E-199	3	1564	3806	275	164	0.634	9.049E-43	130	259	776	-3403	-3038	366	3436	2975
205085763	-1	697	5.473E-199	3	1564	3806	301	425	0.478	6.444E-127	256	741	776	-2994	-1564	1431	3012	1537
205105306	-1	312	4.313E-83	1	1687	2994	301	312	0.398	5.106E-88	255	709	752	-2994	-1687	1308	3012	1537
205302276	-1	335	5.141E-90	1	1546	2994	301	335	0.391	5.435E-96	266	767	772	-2994	-1546	1449	3012	1537
205312830	-1	316	2.695E-84	1	1546	2994	301	316	0.376	3.112E-89	264	761	773	-2994	-1546	1449	3012	1537
205380444	-1	310	1.725E-82	1	1684	2994	301	310	0.398	1.770E-87	268	719	772	-2994	-1684	1311	3012	1537
205388762	-1	308	6.900E-82	1	1645	2994	301	308	0.387	8.372E-87	260	726	768	-2994	-1645	1350	3012	1537
205403878	-1	94	1.817E-17	1	3486	3794	266	94	0.481	8.636E-18	33	134	164	-3794	-3486	309	4019	3462
205427007	-1	602	2.168E-170	2	1564	3403	275	164	0.631	1.701E-42	130	259	776	-3403	-3038	366	3436	2975
205427007	-1	602	2.168E-170	2	1564	3403	301	441	0.491	2.345E-132	256	741	776	-2994	-1564	1431	3012	1537
205471612	-1	307	1.380E-81	1	1540	2994	301	307	0.367	2.126E-86	268	769	774	-2994	-1540	1455	3012	1537
205614082	-1	315	5.391E-84	1	1546	2994	301	315	0.375	5.795E-89	265	762	774	-2994	-1546	1449	3012	1537
214867233	-1	316	2.695E-84	1	1687	2994	301	316	0.400	3.112E-89	302	757	812	-2994	-1687	1308	3012	1537
216014312	-1	303	2.208E-80	1	1648	2994	301	303	0.386	4.749E-85	259	720	768	-2994	-1648	1347	3012	1537
216923193	-1	796	8.634E-229	3	1537	3812	266	133	0.578	2.978E-31	24	136	734	-3812	-3462	351	4019	3462
216923193	-1	796	8.634E-229	3	1537	3812	275	156	0.761	9.340E-40	134	232	734	-3337	-3044	294	3436	2975
216923193	-1	796	8.634E-229	3	1537	3812	301	510	0.537	4.789E-156	231	732	734	-2994	-1537	1458	3012	1537
219087020	-1	302	4.416E-80	1	1558	3006	301	302	0.367	1.645E-84	248	741	769	-3006	-1558	1449	3012	1537
219603872	-1	308	6.900E-82	1	1546	2994	301	308	0.367	1.558E-86	273	774	779	-2994	-1546	1449	3012	1537
219658826	-1	314	1.078E-83	1	1645	2994	301	314	0.391	7.908E-89	264	732	774	-2994	-1645	1350	3012	1537
219713219	-1	94	1.817E-17	1	3498	3782	266	94	0.515	4.628E-18	38	128	141	-3782	-3498	285	4019	3462
219759177	-1	315	5.391E-84	1	1645	2994	301	315	0.394	5.795E-89	269	734	776	-2994	-1645	1350	3012	1537
219796482	-1	290	1.809E-76	1	1684	2925	301	290	0.396	1.331E-80	24	449	508	-2925	-1684	1242	3012	1537
219908350	-1	310	1.725E-82	1	1645	2994	301	310	0.388	3.296E-87	263	729	771	-2994	-1645	1350	3012	1537
219919444	-1	306	2.760E-81	1	1753	2994	301	306	0.409	7.367E-86	261	689	696	-2994	-1753	1242	3012	1537
219919732	-1	325	5.265E-87	1	1543	2994	301	325	0.384	1.305E-92	227	725	736	-2994	-1543	1452	3012	1537
219940014	-1	599	1.734E-169	2	1564	3403	275	164	0.635	1.701E-42	93	221	709	-3403	-3038	366	3436	2975
219940014	-1	599	1.734E-169	2	1564	3403	301	438	0.496	2.100E-131	218	677	709	-2994	-1564	1431	3012	1537
219955378	-1	318	6.739E-85	1	1546	2994	301	318	0.379	3.529E-90	260	756	768	-2994	-1546	1449	3012	1537
219992064	-1	324	1.053E-86	1	1546	2994	301	324	0.381	4.530E-92	270	771	776	-2994	-1546	1449	3012	1537
220028151	-1	312	4.313E-83	1	1540	2994	301	312	0.374	6.968E-88	261	756	759	-2994	-1540	1455	3012	1537
220033885	-1	301	8.832E-80	1	1540	2994	301	301	0.363	2.244E-84	268	767	772	-2994	-1540	1455	3012	1537
220162159	-1	617	6.616E-175	2	1546	3403	275	171	0.652	3.094E-45	134	264	784	-3403	-3038	366	3436	2975
220162159	-1	617	6.616E-175	2	1546	3403	301	449	0.493	4.463E-135	261	752	784	-2994	-1546	1449	3012	1537
220202752	-1	314	1.078E-83	1	1645	2994	301	314	0.393	7.908E-89	268	734	778	-2994	-1645	1350	3012	1537
225572231	-1	312	4.313E-83	1	1645	2994	301	312	0.391	3.742E-88	232	698	741	-2994	-1645	1350	3012	1537
227899628	-1	332	4.113E-89	1	1561	2994	301	332	0.392	4.808E-95	261	756	768	-2994	-1561	1434	3012	1537
230042090	-1	613	1.059E-173	2	1564	3403	275	168	0.646	3.860E-44	134	263	781	-3403	-3038	366	3436	2975
230042090	-1	613	1.059E-173	2	1564	3403	301	448	0.497	8.350E-135	260	745	781	-2994	-1564	1431	3012	1537
230114897	-1	314	1.078E-83	1	1540	2994	301	314	0.376	1.473E-88	296	791	801	-2994	-1540	1455	3012	1537
234134033	-1	314	1.078E-83	1	1546	2994	301	314	0.375	7.908E-89	265	762	774	-2994	-1546	1449	3012	1537
234136394	-1	299	3.533E-79	1	1687	2994	301	299	0.388	1.445E-83	266	717	769	-2994	-1687	1308	3012	1537
234198637	-1	456	1.934E-126	2	1645	3403	275	154	0.623	4.520E-39	146	269	775	-3403	-3047	357	3436	2975
234198637	-1	456	1.934E-126	2	1645	3403	301	302	0.380	1.206E-84	269	737	775	-2994	-1645	1350	3012	1537
234263964	-1	302	4.416E-80	1	1546	2994	301	302	0.364	1.206E-84	289	788	797	-2994	-1546	1449	3012	1537
234283179	-1	286	2.894E-75	1	1537	2994	301	286	0.357	5.494E-79	275	758	760	-2994	-1537	1458	3012	1537
234336813	-1	314	1.078E-83	1	1540	2994	301	314	0.373	1.079E-88	270	771	776	-2994	-1540	1455	3012	1537
234352350	-1	308	6.900E-82	1	1645	2994	301	308	0.385	8.372E-87	263	733	776	-2994	-1645	1350	3012	1537
234360175	-1	315	5.391E-84	1	1687	2994	301	315	0.400	5.795E-89	295	750	806	-2994	-1687	1308	3012	1537
234379540	-1	326	2.632E-87	1	1546	2994	301	326	0.385	9.558E-93	263	760	772	-2994	-1546	1449	3012	1537
234380603	-1	312	4.313E-83	1	1546	2994	301	312	0.373	6.968E-88	265	762	774	-2994	-1546	1449	3012	1537
234411413	-1	320	1.685E-85	1	1546	2994	301	320	0.381	1.017E-90	258	752	765	-2994	-1546	1449	3012	1537
234543613	-1	452	3.094E-125	2	1687	3403	275	157	0.643	2.645E-40	142	263	788	-3403	-3047	357	3436	2975
234543613	-1	452	3.094E-125	2	1687	3403	301	295	0.374	4.390E-82	263	730	788	-2994	-1687	1308	3012	1537
234660397	-1	581	4.547E-164	2	1537	3403	275	173	0.698	8.758E-46	135	254	739	-3403	-3038	366	3436	2975
234660397	-1	581	4.547E-164	2	1537	3403	301	411	0.466	3.678E-122	251	723	739	-2994	-1537	1458	3012	1537
239771823	-1	314	1.078E-83	1	1657	2994	301	314	0.401	7.908E-89	261	713	767	-2994	-1657	1338	3012	1537
239854669	-1	488	4.503E-136	2	1561	3394	275	149	0.616	1.451E-37	1	122	626	-3394	-3044	351	3436	2975
239854669	-1	488	4.503E-136	2	1561	3394	301	340	0.401	9.472E-98	121	611	626	-2994	-1561	1434	3012	1537
240698562	-1	338	6.426E-91	1	1546	2994	301	338	0.393	8.386E-97	167	668	673	-2994	-1546	1449	3012	1537
243075389	-1	304	1.104E-80	1	1546	2994	301	304	0.365	1.871E-85	264	765	777	-2994	-1546	1449	3012	1537
243530560	-1	314	1.078E-83	1	1546	2994	301	314	0.377	7.908E-89	263	756	769	-2994	-1546	1449	3012	1537
245492448	-1	310	1.725E-82	1	1684	2994	301	310	0.399	3.296E-87	264	712	771	-2994	-1684	1311	3012	1537
248026446	-1	297	1.413E-78	1	1558	2994	301	297	0.366	5.001E-83	252	739	758	-2994	-1558	1437	3012	1537
248171396	-1	295	5.653E-78	1	1684	3006	301	295	0.384	3.219E-82	248	698	755	-3006	-1684	1323	3012	1537
248682499	-1	310	1.725E-82	1	1540	2994	301	310	0.369	2.415E-87	268	769	774	-2994	-1540	1455	3012	1537
248805963	-1	301	8.832E-80	1	1546	2991	301	301	0.369	4.175E-84	289	776	785	-2991	-1546	1446	3012	1537
248807982	-1	320	1.685E-85	1	1546	2994	301	320	0.380	1.017E-90	263	760	772	-2994	-1546	1449	3012	1537
248864460	-1	345	5.021E-93	1	1540	2994	301	345	0.404	3.074E-99	65	557	559	-2994	-1540	1455	3012	1537
249013204	-1	314	1.078E-83	1	1546	2994	301	314	0.376	1.473E-88	260	755	768	-2994	-1546	1449	3012	1537
249013521	-1	326	2.632E-87	1	1546	2994	301	326	0.385	7.002E-93	263	760	772	-2994	-1546	1449	3012	1537
249038925	-1	374	9.352E-102	1	1567	2994	301	374	0.440	2.116E-109	250	717	738	-2994	-1567	1428	3012	1537
249046549	-1	301	8.832E-80	1	1687	2994	301	301	0.389	4.175E-84	266	717	769	-2994	-1687	1308	3012	1537
249177377	-1	315	5.391E-84	1	1546	2994	301	315	0.375	5.795E-89	8	505	517	-2994	-1546	1449	3012	1537
255192724	-1	299	3.533E-79	1	1567	2994	301	299	0.364	1.059E-83	285	780	792	-2994	-1567	1428	3012	1537
255248528	-1	320	1.685E-85	1	1540	2994	301	320	0.378	1.017E-90	266	767	775	-2994	-1540	1455	3012	1537
255897284	-1	314	1.078E-83	1	1540	2994	301	314	0.373	7.908E-89	269	770	775	-2994	-1540	1455	3012	1537
261581563	-1	331	8.226E-89	1	1543	2994	301	331	0.389	1.224E-94	262	760	773	-2994	-1543	1452	3012	1537
262529385	-1	312	4.313E-83	1	1558	2994	301	312	0.378	5.106E-88	234	721	737	-2994	-1558	1437	3012	1537
262552163	-1	319	3.369E-85	1	1687	3006	301	319	0.407	1.894E-90	248	698	756	-3006	-1687	1320	3012	1537
262930460	-1	294	1.131E-77	1	1684	3006	301	294	0.384	5.987E-82	357	807	864	-3006	-1684	1323	3012	1537
263241263	-1	587	7.104E-166	2	1564	3403	275	164	0.634	9.049E-43	130	259	776	-3403	-3038	366	3436	2975
263241263	-1	587	7.104E-166	2	1564	3403	301	426	0.478	3.446E-127	256	741	776	-2994	-1564	1431	3012	1537
263285315	-1	309	3.450E-82	1	1684	2994	301	309	0.397	4.497E-87	254	705	763	-2994	-1684	1311	3012	1537
263386803	-1	296	2.826E-78	1	1687	2994	301	296	0.385	1.269E-82	264	715	767	-2994	-1687	1308	3012	1537
263413465	-1	321	8.423E-86	1	1546	2994	301	321	0.381	3.999E-91	260	757	770	-2994	-1546	1449	3012	1537
263428305	-1	351	7.845E-95	1	1537	2994	301	351	0.406	1.535E-101	277	775	777	-2994	-1537	1458	3012	1537
263443262	-1	321	8.423E-86	1	1687	2994	301	321	0.406	2.930E-91	288	743	802	-2994	-1687	1308	3012	1537
263517709	-1	314	1.078E-83	1	1546	2994	301	314	0.374	1.473E-88	36	533	545	-2994	-1546	1449	3012	1537
263566074	-1	329	3.290E-88	1	1546	2994	301	329	0.385	7.924E-94	272	773	778	-2994	-1546	1449	3012	1537
263623431	-1	282	4.631E-74	1	1546	2892	301	282	0.363	1.218E-77	269	735	740	-2892	-1546	1347	3012	1537
263624097	-1	308	6.900E-82	1	1561	2994	301	308	0.367	1.142E-86	312	814	830	-2994	-1561	1434	3012	1537
263682694	-1	329	3.290E-88	1	1546	2994	301	329	0.384	1.082E-93	288	790	801	-2994	-1546	1449	3012	1537
263682706	-1	211	1.093E-52	1	1687	2994	301	211	0.313	1.044E-53	233	588	640	-2994	-1687	1308	3012	1537
263806475	-1	314	1.078E-83	1	1537	2994	301	314	0.372	1.079E-88	241	744	748	-2994	-1537	1458	3012	1537
270301415	-1	325	5.265E-87	1	1684	2994	301	325	0.414	1.781E-92	259	707	766	-2994	-1684	1311	3012	1537
271407944	-1	313	2.156E-83	1	1546	3006	301	313	0.369	2.010E-88	260	767	772	-3006	-1546	1461	3012	1537
275243670	-1	363	1.915E-98	1	1537	2994	301	363	0.416	1.808E-105	277	774	776	-2994	-1537	1458	3012	1537
277080930	-1	311	8.625E-83	1	1684	2994	301	311	0.402	1.297E-87	244	690	747	-2994	-1684	1311	3012	1537
277109954	-1	297	1.413E-78	1	1558	2994	301	297	0.365	9.304E-83	252	739	758	-2994	-1558	1437	3012	1537
277254997	-1	299	3.533E-79	1	1558	3006	301	299	0.364	1.971E-83	248	741	769	-3006	-1558	1449	3012	1537
277255192	-1	294	1.131E-77	1	1684	3006	301	294	0.384	5.987E-82	360	810	867	-3006	-1684	1323	3012	1537
277867755	-1	289	3.618E-76	1	1546	3006	301	289	0.354	4.601E-80	248	743	748	-3006	-1546	1461	3012	1537
278014330	-1	324	1.053E-86	1	1546	2994	301	324	0.383	3.319E-92	119	616	628	-2994	-1546	1449	3012	1537
278025668	-1	319	3.369E-85	1	1546	2994	301	319	0.380	2.585E-90	259	753	766	-2994	-1546	1449	3012	1537
278103405	-1	314	1.078E-83	1	1546	2994	301	314	0.374	1.473E-88	265	762	774	-2994	-1546	1449	3012	1537
278148125	-1	282	4.631E-74	1	1546	2994	301	282	0.350	1.218E-77	259	750	763	-2994	-1546	1449	3012	1537
278178961	-1	585	2.842E-165	3	1561	3779	266	91	0.459	7.652E-17	41	142	770	-3779	-3462	318	4019	3462
278178961	-1	585	2.842E-165	3	1561	3779	275	153	0.614	1.164E-38	142	266	770	-3403	-3044	360	3436	2975
278178961	-1	585	2.842E-165	3	1561	3779	301	342	0.402	3.719E-98	265	755	770	-2994	-1561	1434	3012	1537
278193997	-1	308	6.900E-82	1	1684	2994	301	308	0.396	1.142E-86	260	711	769	-2994	-1684	1311	3012	1537
278314763	-1	294	1.131E-77	1	1684	2994	301	294	0.383	5.987E-82	299	751	810	-2994	-1684	1311	3012	1537
285885252	-1	323	2.106E-86	1	1546	2994	301	323	0.381	6.184E-92	272	773	778	-2994	-1546	1449	3012	1537
286047221	-1	304	1.104E-80	1	1537	2994	301	304	0.366	2.552E-85	275	773	775	-2994	-1537	1458	3012	1537
291766242	-1	314	1.078E-83	1	1558	3006	301	314	0.377	1.079E-88	305	797	813	-3006	-1558	1449	3012	1537
292318972	-1	575	2.910E-162	2	1540	3403	275	151	0.671	5.635E-38	127	237	742	-3403	-3092	312	3436	2975
292318972	-1	575	2.910E-162	2	1540	3403	301	425	0.482	8.813E-127	236	715	742	-2955	-1540	1416	3012	1537
292359011	-1	317	1.348E-84	1	1546	2994	301	317	0.379	1.224E-89	262	755	768	-2994	-1546	1449	3012	1537
292433068	-1	311	8.625E-83	1	1546	2994	301	311	0.372	9.508E-88	264	761	773	-2994	-1546	1449	3012	1537
292522000	-1	316	2.695E-84	1	1561	2994	301	316	0.378	2.280E-89	301	795	810	-2994	-1561	1434	3012	1537
292533874	-1	205	6.998E-51	1	1684	2457	301	205	0.413	1.376E-51	5	285	343	-2457	-1684	774	3012	1537
292552998	-1	185	7.338E-45	1	1870	2964	301	185	0.322	4.005E-45	11	253	296	-2964	-1870	1095	3012	1537
292638627	-1	311	8.625E-83	1	1546	2994	301	311	0.373	9.508E-88	263	759	771	-2994	-1546	1449	3012	1537
292638820	-1	321	8.423E-86	1	1546	2994	301	321	0.382	5.459E-91	260	755	767	-2994	-1546	1449	3012	1537
292691410	-1	313	2.156E-83	1	1639	2994	301	313	0.392	2.742E-88	136	600	603	-2994	-1639	1356	3012	1537
292785066	-1	308	6.900E-82	1	1684	2994	301	308	0.396	1.558E-86	258	709	764	-2994	-1684	1311	3012	1537
292801893	-1	328	6.581E-88	1	1546	2994	301	328	0.387	1.477E-93	119	616	628	-2994	-1546	1449	3012	1537
292839693	-1	368	5.985E-100	1	1666	2994	301	368	0.458	4.272E-107	173	607	849	-2994	-1666	1329	3012	1537
298312608	-1	321	8.423E-86	1	1546	2994	301	321	0.381	3.999E-91	287	784	797	-2994	-1546	1449	3012	1537
301126313	-1	315	5.391E-84	1	1558	2994	301	315	0.384	4.246E-89	268	750	759	-2994	-1558	1437	3012	1537
301668713	-1	295	5.653E-78	1	1549	2994	301	295	0.355	2.360E-82	190	696	705	-2994	-1549	1446	3012	1537
303176083	-1	327	1.316E-87	1	1546	2994	301	327	0.387	3.757E-93	259	754	767	-2994	-1546	1449	3012	1537
306862128	-1	324	1.053E-86	1	1546	2994	301	324	0.383	3.319E-92	119	616	628	-2994	-1546	1449	3012	1537
306942960	-1	305	5.520E-81	1	1567	2994	301	305	0.366	1.371E-85	276	775	788	-2994	-1567	1428	3012	1537
306988509	-1	300	1.766E-79	1	1546	2979	301	300	0.363	7.767E-84	74	571	576	-2979	-1546	1434	3012	1537
307045413	-1	304	1.104E-80	1	1687	2994	301	304	0.389	1.871E-85	211	668	727	-2994	-1687	1308	3012	1537
307057146	-1	324	1.053E-86	1	1711	2994	301	324	0.414	3.319E-92	262	708	744	-2994	-1711	1284	3012	1537
307060854	-1	324	1.053E-86	1	1546	2994	301	324	0.384	4.530E-92	327	822	834	-2994	-1546	1449	3012	1537
307073545	-1	320	1.685E-85	1	1558	2994	301	320	0.380	1.017E-90	269	766	775	-2994	-1558	1437	3012	1537
307093583	-1	334	1.028E-89	1	1546	2994	301	334	0.390	1.384E-95	266	767	772	-2994	-1546	1449	3012	1537
307098380	-1	305	5.520E-81	1	1648	2994	301	305	0.389	1.005E-85	261	719	767	-2994	-1648	1347	3012	1537
307128189	-1	323	2.106E-86	1	1657	2994	301	323	0.405	8.441E-92	259	718	767	-2994	-1657	1338	3012	1537
307172486	-1	304	1.104E-80	1	1684	2994	301	304	0.392	3.481E-85	268	719	776	-2994	-1684	1311	3012	1537
307225567	-1	320	1.685E-85	1	1546	3006	301	320	0.374	7.450E-91	339	848	853	-3006	-1546	1461	3012	1537
307251557	-1	331	8.226E-89	1	1543	2994	301	331	0.389	1.224E-94	262	760	773	-2994	-1543	1452	3012	1537
307308671	-1	314	1.078E-83	1	1546	2994	301	314	0.374	1.473E-88	265	762	774	-2994	-1546	1449	3012	1537
307412639	-1	616	1.323E-174	2	1546	3403	275	172	0.655	1.646E-45	134	264	785	-3403	-3038	366	3436	2975
307412639	-1	616	1.323E-174	2	1546	3403	301	447	0.492	2.137E-134	261	752	785	-2994	-1546	1449	3012	1537
314232992	-1	331	8.226E-89	1	1540	2994	301	331	0.391	1.224E-94	267	762	765	-2994	-1540	1455	3012	1537
318013043	-1	317	1.348E-84	1	1684	2994	301	317	0.404	8.970E-90	120	571	628	-2994	-1684	1311	3012	1537
320679206	-1	305	5.520E-81	1	1684	2994	301	305	0.396	1.371E-85	254	700	757	-2994	-1684	1311	3012	1537
320706996	-1	311	8.625E-83	1	1687	2994	301	311	0.402	1.297E-87	253	698	756	-2994	-1687	1308	3012	1537
320738276	-1	300	1.766E-79	1	1684	3006	301	300	0.389	5.694E-84	249	699	756	-3006	-1684	1323	3012	1537
321375252	-1	302	4.416E-80	1	1684	2994	301	302	0.389	1.645E-84	287	740	791	-2994	-1684	1311	3012	1537
321530156	-1	303	2.208E-80	1	1546	2979	301	303	0.366	4.749E-85	74	571	576	-2979	-1546	1434	3012	1537
321532854	-1	325	5.265E-87	1	1546	2994	301	325	0.384	2.431E-92	263	760	772	-2994	-1546	1449	3012	1537
321701750	-1	306	2.760E-81	1	1648	2994	301	306	0.389	7.367E-86	264	722	770	-2994	-1648	1347	3012	1537
321701942	-1	307	1.380E-81	1	1648	2994	301	307	0.391	2.126E-86	261	719	767	-2994	-1648	1347	3012	1537
321725784	-1	312	4.313E-83	1	1546	2994	301	312	0.373	5.106E-88	372	869	881	-2994	-1546	1449	3012	1537
321782544	-1	332	4.113E-89	1	1546	2994	301	332	0.388	8.963E-95	265	766	771	-2994	-1546	1449	3012	1537
321799973	-1	317	1.348E-84	1	1561	2994	301	317	0.379	8.970E-90	260	755	769	-2994	-1561	1434	3012	1537
321977176	-1	306	2.760E-81	1	1567	2994	301	306	0.373	7.367E-86	275	763	775	-2994	-1567	1428	3012	1537
329948042	-1	307	1.380E-81	1	1546	3006	301	307	0.364	2.901E-86	253	760	765	-3006	-1546	1461	3012	1537
332283203	-1	307	1.380E-81	1	1540	2994	301	307	0.371	2.901E-86	261	754	763	-2994	-1540	1455	3012	1537
335222298	-1	291	9.044E-77	1	1558	3006	301	291	0.358	9.763E-81	248	739	755	-3006	-1558	1449	3012	1537
335246765	-1	286	2.894E-75	1	1558	3006	301	286	0.354	5.494E-79	248	739	756	-3006	-1558	1449	3012	1537
335260277	-1	216	3.417E-54	1	1558	2994	301	216	0.299	2.668E-55	201	594	610	-2994	-1558	1437	3012	1537
335278964	-1	295	5.653E-78	1	1684	3006	301	295	0.384	4.390E-82	321	771	828	-3006	-1684	1323	3012	1537
335421156	-1	304	1.104E-80	1	1687	2994	301	304	0.396	1.871E-85	253	698	756	-2994	-1687	1308	3012	1537
335934494	-1	302	4.416E-80	1	1546	2994	301	302	0.362	1.645E-84	297	798	809	-2994	-1546	1449	3012	1537
336053568	-1	308	6.900E-82	1	1546	2991	301	308	0.370	8.372E-87	237	734	743	-2991	-1546	1446	3012	1537
336176405	-1	336	2.571E-90	1	1546	2994	301	336	0.392	2.135E-96	266	767	772	-2994	-1546	1449	3012	1537
336182757	-1	318	6.739E-85	1	1546	2994	301	318	0.379	3.529E-90	251	747	759	-2994	-1546	1449	3012	1537
336219793	-1	314	1.078E-83	1	1546	2994	301	314	0.375	1.079E-88	265	762	774	-2994	-1546	1449	3012	1537
336243269	-1	310	1.725E-82	1	1684	2994	301	310	0.397	3.296E-87	268	719	772	-2994	-1684	1311	3012	1537
336346487	-1	456	1.934E-126	2	1561	3403	275	153	0.614	1.164E-38	143	267	734	-3403	-3044	360	3436	2975
336346487	-1	456	1.934E-126	2	1561	3403	301	304	0.377	2.552E-85	266	719	734	-2994	-1561	1434	3012	1537
336406894	-1	314	1.078E-83	1	1645	2994	301	314	0.393	7.908E-89	263	729	771	-2994	-1645	1350	3012	1537
336425968	-1	317	1.348E-84	1	1546	2994	301	317	0.378	6.573E-90	36	533	546	-2994	-1546	1449	3012	1537
336450914	-1	303	2.208E-80	1	1687	2994	301	303	0.389	6.479E-85	210	664	721	-2994	-1687	1308	3012	1537
336491003	-1	314	1.078E-83	1	1645	2994	301	314	0.391	1.079E-88	34	502	639	-2994	-1645	1350	3012	1537
336498840	-1	316	2.695E-84	1	1546	2994	301	316	0.377	1.671E-89	282	779	792	-2994	-1546	1449	3012	1537
336514781	-1	324	1.053E-86	1	1546	2994	301	324	0.384	4.530E-92	266	761	774	-2994	-1546	1449	3012	1537
336536186	-1	321	8.423E-86	1	1561	2994	301	321	0.382	3.999E-91	285	780	794	-2994	-1561	1434	3012	1537
342158564	-1	320	1.685E-85	1	1546	2994	301	320	0.380	1.017E-90	222	718	730	-2994	-1546	1449	3012	1537
349819473	-1	296	2.826E-78	1	1558	2994	301	296	0.365	1.269E-82	252	739	758	-2994	-1558	1437	3012	1537
350478932	-1	313	2.156E-83	1	1684	2994	301	313	0.400	2.010E-88	268	720	773	-2994	-1684	1311	3012	1537
350532761	-1	315	5.391E-84	1	1546	2994	301	315	0.376	4.246E-89	262	758	770	-2994	-1546	1449	3012	1537
350549041	-1	310	1.725E-82	1	1540	2994	301	310	0.370	3.296E-87	287	786	791	-2994	-1540	1455	3012	1537
350595105	-1	325	5.265E-87	1	1546	2994	301	325	0.385	1.781E-92	268	764	776	-2994	-1546	1449	3012	1537
350618239	-1	94	1.817E-17	1	3498	3782	266	94	0.514	6.322E-18	38	128	136	-3782	-3498	285	4019	3462
350697414	-1	476	1.844E-132	2	1684	3403	275	155	0.632	1.280E-39	144	266	775	-3403	-3044	360	3436	2975
350697414	-1	476	1.844E-132	2	1684	3403	301	322	0.409	1.573E-91	265	717	775	-2994	-1684	1311	3012	1537
350729782	-1	313	2.156E-83	1	1543	2994	301	313	0.374	2.010E-88	259	756	769	-2994	-1543	1452	3012	1537
350740091	-1	313	2.156E-83	1	1657	2994	301	313	0.395	2.742E-88	36	496	519	-2994	-1657	1338	3012	1537
350817604	-1	338	6.426E-91	1	1546	2994	301	338	0.393	4.498E-97	167	668	673	-2994	-1546	1449	3012	1537
350850028	-1	316	2.695E-84	1	1546	2994	301	316	0.377	3.112E-89	119	615	627	-2994	-1546	1449	3012	1537
350881981	-1	89	5.813E-16	1	3498	3782	266	89	0.492	2.659E-16	39	129	142	-3782	-3498	285	4019	3462
350898867	-1	316	2.695E-84	1	1558	2994	301	316	0.377	3.112E-89	262	758	775	-2994	-1558	1437	3012	1537
351004204	-1	388	5.708E-106	1	1543	2994	301	388	0.447	3.778E-114	173	649	889	-2994	-1543	1452	3012	1537
359581592	-1	469	2.361E-130	2	1645	3403	275	152	0.620	2.188E-38	147	269	776	-3403	-3047	357	3436	2975
359581592	-1	469	2.361E-130	2	1645	3403	301	317	0.396	8.970E-90	269	734	776	-2994	-1645	1350	3012	1537
360445180	-1	306	2.760E-81	1	1561	2994	301	306	0.370	7.367E-86	266	759	777	-2994	-1561	1434	3012	1537
360604144	-1	306	2.760E-81	1	1546	2994	301	306	0.368	3.958E-86	259	756	762	-2994	-1546	1449	3012	1537
364305229	-1	291	9.044E-77	1	1558	3006	301	291	0.358	9.763E-81	248	739	755	-3006	-1558	1449	3012	1537
364318936	-1	302	4.416E-80	1	1558	3006	301	302	0.367	1.206E-84	248	741	769	-3006	-1558	1449	3012	1537
364364726	-1	302	4.416E-80	1	1684	3006	301	302	0.391	8.838E-85	248	699	756	-3006	-1684	1323	3012	1537
365029547	-1	457	9.669E-127	2	1564	3403	275	153	0.610	1.164E-38	150	275	781	-3403	-3044	360	3436	2975
365029547	-1	457	9.669E-127	2	1564	3403	301	310	0.369	2.415E-87	269	770	781	-3006	-1564	1443	3012	1537
365092438	-1	599	1.734E-169	2	1564	3403	275	168	0.646	3.860E-44	130	259	775	-3403	-3038	366	3436	2975
365092438	-1	599	1.734E-169	2	1564	3403	301	434	0.485	8.997E-130	256	741	775	-2994	-1564	1431	3012	1537
365107733	-1	312	4.313E-83	1	1687	2994	301	312	0.397	5.106E-88	210	665	722	-2994	-1687	1308	3012	1537
365139791	-1	292	4.522E-77	1	1558	2991	301	292	0.346	3.850E-81	287	806	812	-2991	-1558	1434	3012	1537
365220693	-1	344	1.004E-92	1	1537	2994	301	344	0.399	7.830E-99	277	776	781	-2994	-1537	1458	3012	1537
365259188	-1	312	4.313E-83	1	1546	3006	301	312	0.368	5.106E-88	270	777	782	-3006	-1546	1461	3012	1537
365447911	-1	306	2.760E-81	1	1645	2994	301	306	0.385	7.367E-86	263	729	771	-2994	-1645	1350	3012	1537
365450699	-1	296	2.826E-78	1	1684	2994	301	296	0.384	1.731E-82	267	719	772	-2994	-1684	1311	3012	1537
365468863	-1	466	1.889E-129	2	1540	3403	275	153	0.624	8.494E-39	143	265	772	-3403	-3047	357	3436	2975
365468863	-1	466	1.889E-129	2	1540	3403	301	313	0.374	2.010E-88	265	762	772	-2994	-1540	1455	3012	1537
365502206	-1	333	2.056E-89	1	1546	2994	301	333	0.392	3.522E-95	263	758	771	-2994	-1546	1449	3012	1537
365576833	-1	346	2.510E-93	1	1546	3009	301	346	0.399	1.648E-99	247	748	756	-3009	-1546	1464	3012	1537
365596739	-1	323	2.106E-86	1	1546	2994	301	323	0.382	1.152E-91	266	763	775	-2994	-1546	1449	3012	1537
365609417	-1	465	3.777E-129	2	1645	3403	275	153	0.623	1.164E-38	109	231	741	-3403	-3047	357	3436	2975
365609417	-1	465	3.777E-129	2	1645	3403	301	312	0.390	3.742E-88	231	699	741	-2994	-1645	1350	3012	1537
372984462	-1	570	9.311E-161	3	1771	3782	266	98	0.482	3.814E-19	36	138	795	-3782	-3462	321	4019	3462
372984462	-1	570	9.311E-161	3	1771	3782	275	154	0.621	2.406E-39	138	262	795	-3403	-3044	360	3436	2975
372984462	-1	570	9.311E-161	3	1771	3782	301	319	0.438	1.388E-90	261	665	795	-2994	-1771	1224	3012	1537
373879599	-1	1023	4.003E-297	3	1540	3935	266	175	0.570	5.281E-46	0	149	757	-3935	-3462	474	4019	3462
373879599	-1	1023	4.003E-297	3	1540	3935	275	225	0.892	7.100E-64	149	268	757	-3403	-3044	360	3436	2975
373879599	-1	1023	4.003E-297	3	1540	3935	301	631	0.646	6.345E-198	260	754	757	-3012	-1540	1473	3012	1537
375423101	-1	307	1.380E-81	1	1645	2994	301	307	0.385	2.901E-86	264	732	774	-2994	-1645	1350	3012	1537
378886347	-1	298	7.066E-79	1	1684	3006	301	298	0.387	3.667E-83	248	698	755	-3006	-1684	1323	3012	1537
378905063	-1	303	2.208E-80	1	1684	3006	301	303	0.392	4.749E-85	248	699	756	-3006	-1684	1323	3012	1537
379121190	-1	313	2.156E-83	1	1582	2994	301	313	0.389	2.742E-88	210	674	688	-2994	-1582	1413	3012	1537
379630364	-1	444	7.921E-123	2	1645	3403	275	155	0.632	1.280E-39	123	245	756	-3403	-3047	357	3436	2975
379630364	-1	444	7.921E-123	2	1645	3403	301	289	0.379	4.601E-80	245	679	756	-2994	-1645	1350	3012	1537
379683157	-1	326	2.632E-87	1	1546	2994	301	326	0.385	7.002E-93	263	760	772	-2994	-1546	1449	3012	1537
379748736	-1	205	6.998E-51	1	1639	2457	301	205	0.392	7.482E-52	103	406	524	-2457	-1639	819	3012	1537
379752751	-1	316	2.695E-84	1	1546	2994	301	316	0.379	1.671E-89	262	755	768	-2994	-1546	1449	3012	1537
379776276	-1	319	3.369E-85	1	1561	2994	301	319	0.372	1.894E-90	301	811	826	-2994	-1561	1434	3012	1537
379845969	-1	244	1.273E-62	1	1546	2670	301	244	0.368	9.188E-65	148	542	555	-2670	-1546	1125	3012	1537
379970293	-1	340	1.607E-91	1	1561	2994	301	340	0.401	1.293E-97	264	754	769	-2994	-1561	1434	3012	1537
379976939	-1	547	7.811E-154	2	1879	3403	275	167	0.641	1.363E-43	31	160	602	-3403	-3038	366	3436	2975
379976939	-1	547	7.811E-154	2	1879	3403	301	383	0.542	1.606E-112	157	523	602	-2994	-1879	1116	3012	1537
380026705	-1	313	2.156E-83	1	1684	2994	301	313	0.401	2.010E-88	268	719	772	-2994	-1684	1311	3012	1537
380055378	-1	607	6.775E-172	2	1540	3403	275	167	0.642	9.945E-44	127	256	772	-3403	-3038	366	3436	2975
380055378	-1	607	6.775E-172	2	1540	3403	301	443	0.487	6.701E-133	253	745	772	-2994	-1540	1455	3012	1537
380100095	-1	308	6.900E-82	1	1684	2994	301	308	0.396	1.558E-86	260	711	769	-2994	-1684	1311	3012	1537
380128068	-1	312	4.313E-83	1	1546	2994	301	312	0.374	5.106E-88	119	615	627	-2994	-1546	1449	3012	1537
388871484	-1	550	9.764E-155	3	1552	3776	266	93	0.472	1.179E-17	49	149	780	-3776	-3462	315	4019	3462
388871484	-1	550	9.764E-155	3	1552	3776	275	148	0.602	5.123E-37	149	272	780	-3403	-3047	357	3436	2975
388871484	-1	550	9.764E-155	3	1552	3776	301	309	0.373	4.497E-87	272	765	780	-2994	-1552	1443	3012	1537
389801521	-1	315	5.391E-84	1	1546	2994	301	315	0.374	5.795E-89	270	769	781	-2994	-1546	1449	3012	1537
393596438	-1	270	1.897E-70	1	1558	2931	301	270	0.353	9.633E-74	247	712	729	-2931	-1558	1374	3012	1537
394134177	-1	293	2.261E-77	1	1558	2994	301	293	0.356	1.113E-81	286	787	798	-2994	-1558	1437	3012	1537
394174097	-1	308	6.900E-82	1	1684	2994	301	308	0.396	8.372E-87	268	719	772	-2994	-1684	1311	3012	1537
394217655	-1	377	1.169E-102	1	1546	2994	301	377	0.438	2.378E-110	258	729	765	-2994	-1546	1449	3012	1537
394219831	-1	324	1.053E-86	1	1546	2994	301	324	0.384	4.530E-92	268	764	776	-2994	-1546	1449	3012	1537
394316602	-1	320	1.685E-85	1	1561	2994	301	320	0.373	7.450E-91	301	811	824	-2994	-1561	1434	3012	1537
394461720	-1	295	5.653E-78	1	1687	2994	301	295	0.384	2.360E-82	266	717	769	-2994	-1687	1308	3012	1537
394487889	-1	309	3.450E-82	1	1561	2994	301	309	0.368	4.497E-87	315	817	833	-2994	-1561	1434	3012	1537
394552902	-1	317	1.348E-84	1	1567	2994	301	317	0.374	1.224E-89	264	767	796	-2994	-1567	1428	3012	1537
394601525	-1	301	8.832E-80	1	1687	2994	301	301	0.387	4.175E-84	210	664	721	-2994	-1687	1308	3012	1537
394660259	-1	345	5.021E-93	1	1558	2994	301	345	0.406	2.251E-99	225	714	723	-2994	-1558	1437	3012	1537
394679760	-1	310	1.725E-82	1	1684	2994	301	310	0.399	3.296E-87	266	714	769	-2994	-1684	1311	3012	1537
403171127	-1	333	2.056E-89	1	1546	2994	301	333	0.389	3.522E-95	270	771	776	-2994	-1546	1449	3012	1537
405902186	-1	1335	0.000E+00	3	1537	3935	266	252	0.774	2.030E-72	0	157	764	-3935	-3462	474	4019	3462
405902186	-1	1335	0.000E+00	3	1537	3935	275	249	0.976	3.085E-72	157	276	764	-3403	-3044	360	3436	2975
405902186	-1	1335	0.000E+00	3	1537	3935	301	842	0.823	6.838E-271	268	763	764	-3012	-1537	1476	3012	1537
406482230	-1	319	3.369E-85	1	1561	2994	301	319	0.380	2.585E-90	285	780	794	-2994	-1561	1434	3012	1537
407970148	-1	316	2.695E-84	1	1687	3006	301	316	0.404	1.671E-89	248	698	756	-3006	-1687	1320	3012	1537
408096014	-1	297	1.413E-78	1	1684	3006	301	297	0.386	6.821E-83	248	698	755	-3006	-1684	1323	3012	1537
408219268	-1	303	2.208E-80	1	1684	3006	301	303	0.391	6.479E-85	248	699	743	-3006	-1684	1323	3012	1537
408657102	-1	615	2.646E-174	2	1546	3403	275	173	0.660	1.201E-45	112	241	761	-3403	-3038	366	3436	2975
408657102	-1	615	2.646E-174	2	1546	3403	301	445	0.491	1.400E-133	238	727	761	-2994	-1546	1449	3012	1537
408802050	-1	313	2.156E-83	1	1684	2994	301	313	0.400	2.742E-88	268	719	772	-2994	-1684	1311	3012	1537
408869380	-1	329	3.290E-88	1	1687	2994	301	329	0.413	1.082E-93	201	655	713	-2994	-1687	1308	3012	1537
408897692	-1	394	8.918E-108	1	1567	2994	301	394	0.458	2.544E-116	241	713	735	-2994	-1567	1428	3012	1537
408994548	-1	310	1.725E-82	1	1645	2994	301	310	0.389	2.415E-87	263	729	771	-2994	-1645	1350	3012	1537
409016286	-1	296	2.826E-78	1	1645	2937	301	296	0.387	1.269E-82	1	448	490	-2937	-1645	1293	3012	1537
409042770	-1	705	2.138E-201	3	1564	3806	266	109	0.499	4.410E-23	24	133	776	-3806	-3462	345	4019	3462
409042770	-1	705	2.138E-201	3	1564	3806	275	164	0.632	1.241E-42	133	262	776	-3403	-3038	366	3436	2975
409042770	-1	705	2.138E-201	3	1564	3806	301	435	0.488	2.571E-130	259	741	776	-2994	-1564	1431	3012	1537
409094986	-1	315	5.391E-84	1	1546	2994	301	315	0.376	4.246E-89	265	762	774	-2994	-1546	1449	3012	1537
409099481	-1	214	1.367E-53	1	1687	2994	301	214	0.316	6.676E-55	233	588	640	-2994	-1687	1308	3012	1537
409124918	-1	313	2.156E-83	1	1684	2994	301	313	0.400	2.742E-88	268	720	773	-2994	-1684	1311	3012	1537
409143755	-1	324	1.053E-86	1	1546	2994	301	324	0.383	3.319E-92	263	760	772	-2994	-1546	1449	3012	1537
409146636	-1	602	2.168E-170	2	1564	3403	275	167	0.641	1.363E-43	127	256	772	-3403	-3038	366	3436	2975
409146636	-1	602	2.168E-170	2	1564	3403	301	438	0.490	2.100E-131	253	737	772	-2994	-1564	1431	3012	1537
409171872	-1	384	9.132E-105	1	1546	2994	301	384	0.444	8.596E-113	256	731	765	-2994	-1546	1449	3012	1537
409211616	-1	313	2.156E-83	1	1546	2994	301	313	0.374	2.010E-88	8	505	517	-2994	-1546	1449	3012	1537
419899696	-1	545	3.124E-153	3	1684	3776	266	91	0.462	7.652E-17	49	149	781	-3776	-3462	315	4019	3462
419899696	-1	545	3.124E-153	3	1684	3776	275	150	0.610	7.724E-38	149	272	781	-3403	-3047	357	3436	2975
419899696	-1	545	3.124E-153	3	1684	3776	301	304	0.394	2.552E-85	272	721	781	-2994	-1684	1311	3012	1537
421412688	-1	537	7.998E-151	2	1537	3812	266	133	0.578	2.978E-31	24	136	706	-3812	-3462	351	4019	3462
421412688	-1	537	7.998E-151	2	1537	3812	301	497	0.540	8.016E-152	231	704	706	-2994	-1537	1458	3012	1537
422533722	-1	313	2.156E-83	1	1687	2994	301	313	0.404	2.742E-88	254	699	757	-2994	-1687	1308	3012	1537
422638072	-1	216	3.417E-54	1	1558	2994	301	216	0.299	2.668E-55	201	594	610	-2994	-1558	1437	3012	1537
422670278	-1	294	1.131E-77	1	1684	3006	301	294	0.384	5.987E-82	305	755	812	-3006	-1684	1323	3012	1537
423257597	-1	301	8.832E-80	1	1540	2994	301	301	0.362	4.175E-84	283	783	788	-2994	-1540	1455	3012	1537
423402119	-1	299	3.533E-79	1	1687	2994	301	299	0.378	1.059E-83	295	762	817	-2994	-1687	1308	3012	1537
423410860	-1	601	4.336E-170	2	1564	3403	275	167	0.641	1.363E-43	127	256	772	-3403	-3038	366	3436	2975
423410860	-1	601	4.336E-170	2	1564	3403	301	437	0.489	5.373E-131	253	737	772	-2994	-1564	1431	3012	1537
423493470	-1	310	1.725E-82	1	1684	2994	301	310	0.398	1.770E-87	268	719	772	-2994	-1684	1311	3012	1537
423564937	-1	313	2.156E-83	1	1546	2994	301	313	0.374	2.742E-88	260	756	768	-2994	-1546	1449	3012	1537
423571853	-1	335	5.141E-90	1	1546	2994	301	335	0.392	5.435E-96	265	763	776	-2994	-1546	1449	3012	1537
423592421	-1	201	1.120E-49	1	1684	2457	301	201	0.410	1.575E-50	32	311	369	-2457	-1684	774	3012	1537
423598513	-1	600	8.672E-170	2	1564	3403	275	167	0.641	1.363E-43	127	256	772	-3403	-3038	366	3436	2975
423598513	-1	600	8.672E-170	2	1564	3403	301	436	0.488	1.375E-130	253	737	772	-2994	-1564	1431	3012	1537
423642917	-1	323	2.106E-86	1	1546	2994	301	323	0.382	1.152E-91	263	760	772	-2994	-1546	1449	3012	1537
423730644	-1	312	4.313E-83	1	1645	2994	301	312	0.391	3.742E-88	232	698	741	-2994	-1645	1350	3012	1537
423748899	-1	316	2.695E-84	1	1546	2994	301	316	0.377	3.112E-89	260	756	768	-2994	-1546	1449	3012	1537
437012585	-1	304	1.104E-80	1	1684	2994	301	304	0.395	3.481E-85	254	700	757	-2994	-1684	1311	3012	1537
437038675	-1	288	7.235E-76	1	1558	3006	301	288	0.356	8.554E-80	248	739	756	-3006	-1558	1449	3012	1537
437053387	-1	294	1.131E-77	1	1684	3006	301	294	0.383	8.164E-82	248	698	755	-3006	-1684	1323	3012	1537
437072722	-1	304	1.104E-80	1	1684	3006	301	304	0.392	3.481E-85	248	699	756	-3006	-1684	1323	3012	1537
437146630	-1	1051	1.491E-305	3	1537	3935	266	169	0.552	1.114E-43	0	152	762	-3935	-3462	474	4019	3462
437146630	-1	1051	1.491E-305	3	1537	3935	275	231	0.914	4.550E-66	152	271	762	-3403	-3044	360	3436	2975
437146630	-1	1051	1.491E-305	3	1537	3935	301	659	0.665	9.357E-208	263	761	762	-3012	-1537	1476	3012	1537
437488905	-1	275	5.927E-72	1	1558	2898	301	275	0.363	2.352E-75	108	563	587	-2898	-1558	1341	3012	1537
437489743	-1	317	1.348E-84	1	1558	3006	301	317	0.380	1.224E-89	248	740	764	-3006	-1558	1449	3012	1537
437776039	-1	306	2.760E-81	1	1540	2994	301	306	0.366	7.367E-86	268	769	774	-2994	-1540	1455	3012	1537
437835706	-1	306	2.760E-81	1	1645	2994	301	306	0.388	3.958E-86	244	705	793	-2994	-1645	1350	3012	1537
437900086	-1	323	2.106E-86	1	1546	2994	301	323	0.382	1.152E-91	263	760	772	-2994	-1546	1449	3012	1537
438011194	-1	324	1.053E-86	1	1546	2994	301	324	0.385	3.319E-92	259	753	766	-2994	-1546	1449	3012	1537
438055752	-1	289	3.618E-76	1	1687	2994	301	289	0.378	3.375E-80	264	715	767	-2994	-1687	1308	3012	1537
438139184	-1	600	8.672E-170	2	1564	3403	275	167	0.641	1.363E-43	127	256	772	-3403	-3038	366	3436	2975
438139184	-1	600	8.672E-170	2	1564	3403	301	436	0.488	1.005E-130	253	737	772	-2994	-1564	1431	3012	1537
438192470	-1	306	2.760E-81	1	1540	2994	301	306	0.366	7.367E-86	283	783	788	-2994	-1540	1455	3012	1537
438219788	-1	445	3.961E-123	1	1540	2994	301	445	0.489	1.400E-133	183	675	702	-2994	-1540	1455	3012	1537
446658266	-1	312	4.313E-83	1	1684	2994	301	312	0.399	6.968E-88	260	711	777	-2994	-1684	1311	3012	1537
449469647	-1	260	1.942E-67	1	1540	2793	301	260	0.359	2.183E-70	380	818	823	-2793	-1540	1254	3012	1537
452290533	-1	312	4.313E-83	1	1645	2994	301	312	0.390	5.106E-88	51	517	559	-2994	-1645	1350	3012	1537
452294686	-1	556	1.526E-156	2	1561	3403	275	168	0.682	3.860E-44	126	247	731	-3403	-3038	366	3436	2975
452294686	-1	556	1.526E-156	2	1561	3403	301	391	0.453	5.793E-115	244	708	731	-2994	-1561	1434	3012	1537
452295636	-1	322	4.212E-86	1	1546	2994	301	322	0.382	2.147E-91	261	757	769	-2994	-1546	1449	3012	1537
452355617	-1	604	5.420E-171	2	1564	3403	275	167	0.641	1.363E-43	127	256	772	-3403	-3038	366	3436	2975
452355617	-1	604	5.420E-171	2	1564	3403	301	440	0.491	4.388E-132	253	737	772	-2994	-1564	1431	3012	1537
452386152	-1	302	4.416E-80	1	1546	2994	301	302	0.364	1.206E-84	234	733	742	-2994	-1546	1449	3012	1537
452427280	-1	314	1.078E-83	1	1540	2994	301	314	0.374	1.079E-88	292	791	796	-2994	-1540	1455	3012	1537
452483075	-1	266	3.035E-69	1	1687	2994	301	266	0.366	2.889E-72	313	723	781	-2994	-1687	1308	3012	1537
452516361	-1	310	1.725E-82	1	1645	2994	301	310	0.389	2.415E-87	246	712	754	-2994	-1645	1350	3012	1537
452529829	-1	325	5.265E-87	1	1546	2994	301	325	0.384	1.305E-92	263	760	772	-2994	-1546	1449	3012	1537
452587980	-1	291	9.044E-77	1	1753	2994	301	291	0.393	7.160E-81	266	696	772	-2994	-1753	1242	3012	1537
452660079	-1	308	6.900E-82	1	1687	2994	301	308	0.387	1.142E-86	300	765	821	-2994	-1687	1308	3012	1537
452729470	-1	312	4.313E-83	1	1540	2994	301	312	0.372	3.742E-88	268	767	772	-2994	-1540	1455	3012	1537
459001307	-1	321	8.423E-86	1	1645	2994	301	321	0.398	5.459E-91	258	725	768	-2994	-1645	1350	3012	1537
459277251	-1	313	2.156E-83	1	1546	2994	301	313	0.373	2.010E-88	274	774	779	-2994	-1546	1449	3012	1537
461936688	-1	338	6.426E-91	1	1561	2994	301	338	0.398	4.498E-97	273	765	783	-2994	-1561	1434	3012	1537
463959399	-1	603	1.084E-170	2	1564	3403	275	169	0.649	2.054E-44	130	259	776	-3403	-3038	366	3436	2975
463959399	-1	603	1.084E-170	2	1564	3403	301	437	0.487	7.349E-131	256	741	776	-2994	-1564	1431	3012	1537
 