405902186	-1	1537	405902186	-1	1537
405902186	-1	1537	437146630	-1	1537
405902186	-1	1537	175575441	-1	1537
405902186	-1	1537	6943913	-1	1537
405902186	-1	1537	202004466	-1	1537
405902186	-1	1537	216923193	-1	1537
405902186	-1	1537	421412688	-1	1537
405902186	-1	1537	234660397	-1	1537
405902186	-1	1537	70865341	-1	1537
405902186	-1	1537	275243670	-1	1537
405902186	-1	1537	156906734	-1	1537
405902186	-1	1537	263428305	-1	1537
405902186	-1	1537	365220693	-1	1537
405902186	-1	1537	147377138	-1	1537
405902186	-1	1537	103731510	-1	1537
405902186	-1	1537	59739704	-1	1537
405902186	-1	1537	263806475	-1	1537
405902186	-1	1537	286047221	-1	1537
405902186	-1	1537	94139091	-1	1537
405902186	-1	1537	234283179	-1	1537
405902186	-1	1537	146315750	-1	1540
405902186	-1	1537	373879599	-1	1540
405902186	-1	1537	380055378	-1	1540
405902186	-1	1537	292318972	-1	1540
405902186	-1	1537	138302736	-1	1540
405902186	-1	1537	365468863	-1	1540
405902186	-1	1537	438219788	-1	1540
405902186	-1	1537	147264972	-1	1540
405902186	-1	1537	248864460	-1	1540
405902186	-1	1537	1535667	-1	1540
405902186	-1	1537	314232992	-1	1540
405902186	-1	1537	255248528	-1	1540
405902186	-1	1537	190795434	-1	1540
405902186	-1	1537	125381873	-1	1540
405902186	-1	1537	138173051	-1	1540
405902186	-1	1537	118191937	-1	1540
405902186	-1	1537	39400430	-1	1540
405902186	-1	1537	230114897	-1	1540
405902186	-1	1537	234336813	-1	1540
405902186	-1	1537	255897284	-1	1540
405902186	-1	1537	452427280	-1	1540
405902186	-1	1537	147326301	-1	1540
405902186	-1	1537	30856349	-1	1540
405902186	-1	1537	74720597	-1	1540
405902186	-1	1537	103589584	-1	1540
405902186	-1	1537	161595171	-1	1540
405902186	-1	1537	220028151	-1	1540
405902186	-1	1537	452729470	-1	1540
405902186	-1	1537	71135837	-1	1540
405902186	-1	1537	88886019	-1	1540
405902186	-1	1537	45152266	-1	1540
405902186	-1	1537	74433824	-1	1540
405902186	-1	1537	103466454	-1	1540
405902186	-1	1537	176446118	-1	1540
405902186	-1	1537	205052967	-1	1540
405902186	-1	1537	248682499	-1	1540
405902186	-1	1537	350549041	-1	1540
405902186	-1	1537	147325865	-1	1540
405902186	-1	1537	1341	-1	1540
405902186	-1	1537	12704607	-1	1540
405902186	-1	1537	89196961	-1	1540
405902186	-1	1537	173945657	-1	1540
405902186	-1	1537	203287891	-1	1540
405902186	-1	1537	205471612	-1	1540
405902186	-1	1537	332283203	-1	1540
405902186	-1	1537	1839973	-1	1540
405902186	-1	1537	86811971	-1	1540
405902186	-1	1537	118057697	-1	1540
405902186	-1	1537	437776039	-1	1540
405902186	-1	1537	438192470	-1	1540
405902186	-1	1537	89169913	-1	1540
405902186	-1	1537	176283921	-1	1540
405902186	-1	1537	220033885	-1	1540
405902186	-1	1537	423257597	-1	1540
405902186	-1	1537	132435977	-1	1540
405902186	-1	1537	1587654	-1	1540
405902186	-1	1537	204730537	-1	1540
405902186	-1	1537	190827738	-1	1540
405902186	-1	1537	449469647	-1	1540
405902186	-1	1537	58978531	-1	1543
405902186	-1	1537	351004204	-1	1543
405902186	-1	1537	45678655	-1	1543
405902186	-1	1537	161836043	-1	1543
405902186	-1	1537	147432643	-1	1543
405902186	-1	1537	261581563	-1	1543
405902186	-1	1537	307251557	-1	1543
405902186	-1	1537	16481903	-1	1543
405902186	-1	1537	219919732	-1	1543
405902186	-1	1537	83275953	-1	1543
405902186	-1	1537	350729782	-1	1543
405902186	-1	1537	59836760	-1	1543
405902186	-1	1537	45619228	-1	1543
405902186	-1	1537	132853366	-1	1543
405902186	-1	1537	82887549	-1	1543
405902186	-1	1537	1570439	-1	1543
405902186	-1	1537	16110384	-1	1543
405902186	-1	1537	176067880	-1	1543
405902186	-1	1537	220162159	-1	1546
405902186	-1	1537	307412639	-1	1546
405902186	-1	1537	408657102	-1	1546
405902186	-1	1537	59658036	-1	1546
405902186	-1	1537	176478041	-1	1546
405902186	-1	1537	365576833	-1	1546
405902186	-1	1537	307225567	-1	1546
405902186	-1	1537	271407944	-1	1546
405902186	-1	1537	74320275	-1	1546
405902186	-1	1537	365259188	-1	1546
405902186	-1	1537	329948042	-1	1546
405902186	-1	1537	277867755	-1	1546
405902186	-1	1537	16550578	-1	1546
405902186	-1	1537	132885174	-1	1546
405902186	-1	1537	103796625	-1	1546
405902186	-1	1537	16551497	-1	1546
405902186	-1	1537	89253995	-1	1546
405902186	-1	1537	409171872	-1	1546
405902186	-1	1537	394217655	-1	1546
405902186	-1	1537	16240937	-1	1546
405902186	-1	1537	154890691	-1	1546
405902186	-1	1537	240698562	-1	1546
405902186	-1	1537	350817604	-1	1546
405902186	-1	1537	336176405	-1	1546
405902186	-1	1537	205302276	-1	1546
405902186	-1	1537	423571853	-1	1546
405902186	-1	1537	307093583	-1	1546
405902186	-1	1537	190857830	-1	1546
405902186	-1	1537	365502206	-1	1546
405902186	-1	1537	403171127	-1	1546
405902186	-1	1537	321782544	-1	1546
405902186	-1	1537	147439907	-1	1546
405902186	-1	1537	263566074	-1	1546
405902186	-1	1537	263682694	-1	1546
405902186	-1	1537	30895913	-1	1546
405902186	-1	1537	66537946	-1	1546
405902186	-1	1537	103725688	-1	1546
405902186	-1	1537	292801893	-1	1546
405902186	-1	1537	141271180	-1	1546
405902186	-1	1537	303176083	-1	1546
405902186	-1	1537	25543218	-1	1546
405902186	-1	1537	161725667	-1	1546
405902186	-1	1537	234379540	-1	1546
405902186	-1	1537	249013521	-1	1546
405902186	-1	1537	379683157	-1	1546
405902186	-1	1537	45422842	-1	1546
405902186	-1	1537	321532854	-1	1546
405902186	-1	1537	350595105	-1	1546
405902186	-1	1537	452529829	-1	1546
405902186	-1	1537	118372845	-1	1546
405902186	-1	1537	146957349	-1	1546
405902186	-1	1537	219992064	-1	1546
405902186	-1	1537	278014330	-1	1546
405902186	-1	1537	306862128	-1	1546
405902186	-1	1537	307060854	-1	1546
405902186	-1	1537	336514781	-1	1546
405902186	-1	1537	394219831	-1	1546
405902186	-1	1537	409143755	-1	1546
405902186	-1	1537	438011194	-1	1546
405902186	-1	1537	45487179	-1	1546
405902186	-1	1537	74749988	-1	1546
405902186	-1	1537	103547714	-1	1546
405902186	-1	1537	285885252	-1	1546
405902186	-1	1537	365596739	-1	1546
405902186	-1	1537	423642917	-1	1546
405902186	-1	1537	437900086	-1	1546
405902186	-1	1537	16347904	-1	1546
405902186	-1	1537	45529224	-1	1546
405902186	-1	1537	147283803	-1	1546
405902186	-1	1537	161703007	-1	1546
405902186	-1	1537	452295636	-1	1546
405902186	-1	1537	30927425	-1	1546
405902186	-1	1537	263413465	-1	1546
405902186	-1	1537	292638820	-1	1546
405902186	-1	1537	298312608	-1	1546
405902186	-1	1537	103823497	-1	1546
405902186	-1	1537	234411413	-1	1546
405902186	-1	1537	248807982	-1	1546
405902186	-1	1537	342158564	-1	1546
405902186	-1	1537	45530956	-1	1546
405902186	-1	1537	55882780	-1	1546
405902186	-1	1537	144190515	-1	1546
405902186	-1	1537	278025668	-1	1546
405902186	-1	1537	1858212	-1	1546
405902186	-1	1537	118073912	-1	1546
405902186	-1	1537	176306348	-1	1546
405902186	-1	1537	219955378	-1	1546
405902186	-1	1537	336182757	-1	1546
405902186	-1	1537	161816478	-1	1546
405902186	-1	1537	292359011	-1	1546
405902186	-1	1537	336425968	-1	1546
405902186	-1	1537	30941633	-1	1546
405902186	-1	1537	205312830	-1	1546
405902186	-1	1537	336498840	-1	1546
405902186	-1	1537	350850028	-1	1546
405902186	-1	1537	379752751	-1	1546
405902186	-1	1537	423748899	-1	1546
405902186	-1	1537	161575061	-1	1546
405902186	-1	1537	161940716	-1	1546
405902186	-1	1537	176239237	-1	1546
405902186	-1	1537	190576529	-1	1546
405902186	-1	1537	205614082	-1	1546
405902186	-1	1537	249177377	-1	1546
405902186	-1	1537	350532761	-1	1546
405902186	-1	1537	389801521	-1	1546
405902186	-1	1537	409094986	-1	1546
405902186	-1	1537	74619009	-1	1546
405902186	-1	1537	234134033	-1	1546
405902186	-1	1537	243530560	-1	1546
405902186	-1	1537	249013204	-1	1546
405902186	-1	1537	263517709	-1	1546
405902186	-1	1537	278103405	-1	1546
405902186	-1	1537	307308671	-1	1546
405902186	-1	1537	336219793	-1	1546
405902186	-1	1537	176429885	-1	1546
405902186	-1	1537	409211616	-1	1546
405902186	-1	1537	423564937	-1	1546
405902186	-1	1537	459277251	-1	1546
405902186	-1	1537	16477948	-1	1546
405902186	-1	1537	103393220	-1	1546
405902186	-1	1537	103731937	-1	1546
405902186	-1	1537	103824754	-1	1546
405902186	-1	1537	132680671	-1	1546
405902186	-1	1537	155964313	-1	1546
405902186	-1	1537	234380603	-1	1546
405902186	-1	1537	321725784	-1	1546
405902186	-1	1537	380128068	-1	1546
405902186	-1	1537	292433068	-1	1546
405902186	-1	1537	292638627	-1	1546
405902186	-1	1537	98000880	-1	1546
405902186	-1	1537	30758623	-1	1546
405902186	-1	1537	16139630	-1	1546
405902186	-1	1537	219603872	-1	1546
405902186	-1	1537	360604144	-1	1546
405902186	-1	1537	30949751	-1	1546
405902186	-1	1537	243075389	-1	1546
405902186	-1	1537	74377969	-1	1546
405902186	-1	1537	234263964	-1	1546
405902186	-1	1537	335934494	-1	1546
405902186	-1	1537	452386152	-1	1546
405902186	-1	1537	176040433	-1	1546
405902186	-1	1537	59997600	-1	1546
405902186	-1	1537	45442020	-1	1546
405902186	-1	1537	176169158	-1	1546
405902186	-1	1537	147180179	-1	1546
405902186	-1	1537	278148125	-1	1546
405902186	-1	1537	103390380	-1	1546
405902186	-1	1537	88791206	-1	1546
405902186	-1	1537	336053568	-1	1546
405902186	-1	1537	248805963	-1	1546
405902186	-1	1537	132901339	-1	1546
405902186	-1	1537	321530156	-1	1546
405902186	-1	1537	306988509	-1	1546
405902186	-1	1537	74583507	-1	1546
405902186	-1	1537	190653369	-1	1546
405902186	-1	1537	118239237	-1	1546
405902186	-1	1537	263623431	-1	1546
405902186	-1	1537	379845969	-1	1546
405902186	-1	1537	301668713	-1	1549
405902186	-1	1537	388871484	-1	1552
405902186	-1	1537	437489743	-1	1558
405902186	-1	1537	204819928	-1	1558
405902186	-1	1537	291766242	-1	1558
405902186	-1	1537	88214171	-1	1558
405902186	-1	1537	117156035	-1	1558
405902186	-1	1537	219087020	-1	1558
405902186	-1	1537	364318936	-1	1558
405902186	-1	1537	160923779	-1	1558
405902186	-1	1537	277254997	-1	1558
405902186	-1	1537	335222298	-1	1558
405902186	-1	1537	364305229	-1	1558
405902186	-1	1537	437038675	-1	1558
405902186	-1	1537	58956192	-1	1558
405902186	-1	1537	335246765	-1	1558
405902186	-1	1537	394660259	-1	1558
405902186	-1	1537	103030450	-1	1558
405902186	-1	1537	307073545	-1	1558
405902186	-1	1537	350898867	-1	1558
405902186	-1	1537	301126313	-1	1558
405902186	-1	1537	262529385	-1	1558
405902186	-1	1537	117816975	-1	1558
405902186	-1	1537	59700673	-1	1558
405902186	-1	1537	248026446	-1	1558
405902186	-1	1537	277109954	-1	1558
405902186	-1	1537	88071099	-1	1558
405902186	-1	1537	349819473	-1	1558
405902186	-1	1537	394134177	-1	1558
405902186	-1	1537	335260277	-1	1558
405902186	-1	1537	422638072	-1	1558
405902186	-1	1537	161554701	-1	1558
405902186	-1	1537	365139791	-1	1558
405902186	-1	1537	393596438	-1	1558
405902186	-1	1537	437488905	-1	1558
405902186	-1	1537	44588554	-1	1558
405902186	-1	1537	278178961	-1	1561
405902186	-1	1537	452294686	-1	1561
405902186	-1	1537	336346487	-1	1561
405902186	-1	1537	239854669	-1	1561
405902186	-1	1537	379970293	-1	1561
405902186	-1	1537	461936688	-1	1561
405902186	-1	1537	227899628	-1	1561
405902186	-1	1537	171322427	-1	1561
405902186	-1	1537	336536186	-1	1561
405902186	-1	1537	394316602	-1	1561
405902186	-1	1537	379776276	-1	1561
405902186	-1	1537	406482230	-1	1561
405902186	-1	1537	321799973	-1	1561
405902186	-1	1537	292522000	-1	1561
405902186	-1	1537	162016104	-1	1561
405902186	-1	1537	132335877	-1	1561
405902186	-1	1537	74579619	-1	1561
405902186	-1	1537	394487889	-1	1561
405902186	-1	1537	263624097	-1	1561
405902186	-1	1537	360445180	-1	1561
405902186	-1	1537	409042770	-1	1564
405902186	-1	1537	74180310	-1	1564
405902186	-1	1537	205085763	-1	1564
405902186	-1	1537	230042090	-1	1564
405902186	-1	1537	45415127	-1	1564
405902186	-1	1537	74344132	-1	1564
405902186	-1	1537	1892998	-1	1564
405902186	-1	1537	452355617	-1	1564
405902186	-1	1537	463959399	-1	1564
405902186	-1	1537	205427007	-1	1564
405902186	-1	1537	409146636	-1	1564
405902186	-1	1537	74631625	-1	1564
405902186	-1	1537	74717554	-1	1564
405902186	-1	1537	161804960	-1	1564
405902186	-1	1537	176393184	-1	1564
405902186	-1	1537	423410860	-1	1564
405902186	-1	1537	423598513	-1	1564
405902186	-1	1537	438139184	-1	1564
405902186	-1	1537	219940014	-1	1564
405902186	-1	1537	365092438	-1	1564
405902186	-1	1537	263241263	-1	1564
405902186	-1	1537	118246785	-1	1564
405902186	-1	1537	365029547	-1	1564
405902186	-1	1537	41213649	-1	1564
405902186	-1	1537	1919823	-1	1564
405902186	-1	1537	103534429	-1	1567
405902186	-1	1537	103648340	-1	1567
405902186	-1	1537	59765730	-1	1567
405902186	-1	1537	408897692	-1	1567
405902186	-1	1537	249038925	-1	1567
405902186	-1	1537	791978	-1	1567
405902186	-1	1537	394552902	-1	1567
405902186	-1	1537	176574369	-1	1567
405902186	-1	1537	321977176	-1	1567
405902186	-1	1537	306942960	-1	1567
405902186	-1	1537	255192724	-1	1567
405902186	-1	1537	147455169	-1	1570
405902186	-1	1537	118259868	-1	1573
405902186	-1	1537	379121190	-1	1582
405902186	-1	1537	191051739	-1	1597
405902186	-1	1537	292691410	-1	1639
405902186	-1	1537	379748736	-1	1639
405902186	-1	1537	359581592	-1	1645
405902186	-1	1537	156136604	-1	1645
405902186	-1	1537	365609417	-1	1645
405902186	-1	1537	234198637	-1	1645
405902186	-1	1537	379630364	-1	1645
405902186	-1	1537	132425651	-1	1645
405902186	-1	1537	1731639	-1	1645
405902186	-1	1537	459001307	-1	1645
405902186	-1	1537	39839686	-1	1645
405902186	-1	1537	132539873	-1	1645
405902186	-1	1537	219759177	-1	1645
405902186	-1	1537	219658826	-1	1645
405902186	-1	1537	220202752	-1	1645
405902186	-1	1537	336406894	-1	1645
405902186	-1	1537	336491003	-1	1645
405902186	-1	1537	42998479	-1	1645
405902186	-1	1537	74181524	-1	1645
405902186	-1	1537	225572231	-1	1645
405902186	-1	1537	423730644	-1	1645
405902186	-1	1537	452290533	-1	1645
405902186	-1	1537	57064697	-1	1645
405902186	-1	1537	185999766	-1	1645
405902186	-1	1537	219908350	-1	1645
405902186	-1	1537	408994548	-1	1645
405902186	-1	1537	452516361	-1	1645
405902186	-1	1537	205388762	-1	1645
405902186	-1	1537	234352350	-1	1645
405902186	-1	1537	375423101	-1	1645
405902186	-1	1537	365447911	-1	1645
405902186	-1	1537	437835706	-1	1645
405902186	-1	1537	409016286	-1	1645
405902186	-1	1537	31080239	-1	1645
405902186	-1	1537	16082561	-1	1648
405902186	-1	1537	321701942	-1	1648
405902186	-1	1537	321701750	-1	1648
405902186	-1	1537	307098380	-1	1648
405902186	-1	1537	216014312	-1	1648
405902186	-1	1537	16213214	-1	1657
405902186	-1	1537	45602137	-1	1657
405902186	-1	1537	307128189	-1	1657
405902186	-1	1537	239771823	-1	1657
405902186	-1	1537	350740091	-1	1657
405902186	-1	1537	292839693	-1	1666
405902186	-1	1537	419899696	-1	1684
405902186	-1	1537	176477275	-1	1684
405902186	-1	1537	350697414	-1	1684
405902186	-1	1537	45527803	-1	1684
405902186	-1	1537	437072722	-1	1684
405902186	-1	1537	161012942	-1	1684
405902186	-1	1537	378905063	-1	1684
405902186	-1	1537	408219268	-1	1684
405902186	-1	1537	364364726	-1	1684
405902186	-1	1537	16097675	-1	1684
405902186	-1	1537	320738276	-1	1684
405902186	-1	1537	131812022	-1	1684
405902186	-1	1537	378886347	-1	1684
405902186	-1	1537	15477124	-1	1684
405902186	-1	1537	146195592	-1	1684
405902186	-1	1537	408096014	-1	1684
405902186	-1	1537	806582	-1	1684
405902186	-1	1537	204402725	-1	1684
405902186	-1	1537	248171396	-1	1684
405902186	-1	1537	335278964	-1	1684
405902186	-1	1537	102756509	-1	1684
405902186	-1	1537	190220264	-1	1684
405902186	-1	1537	262930460	-1	1684
405902186	-1	1537	277255192	-1	1684
405902186	-1	1537	422670278	-1	1684
405902186	-1	1537	437053387	-1	1684
405902186	-1	1537	160776804	-1	1684
405902186	-1	1537	103478326	-1	1684
405902186	-1	1537	30729166	-1	1684
405902186	-1	1537	59993005	-1	1684
405902186	-1	1537	16579086	-1	1684
405902186	-1	1537	270301415	-1	1684
405902186	-1	1537	1889786	-1	1684
405902186	-1	1537	16360323	-1	1684
405902186	-1	1537	160769377	-1	1684
405902186	-1	1537	318013043	-1	1684
405902186	-1	1537	88868176	-1	1684
405902186	-1	1537	103328080	-1	1684
405902186	-1	1537	190880523	-1	1684
405902186	-1	1537	350478932	-1	1684
405902186	-1	1537	380026705	-1	1684
405902186	-1	1537	408802050	-1	1684
405902186	-1	1537	409124918	-1	1684
405902186	-1	1537	15513422	-1	1684
405902186	-1	1537	30619769	-1	1684
405902186	-1	1537	446658266	-1	1684
405902186	-1	1537	277080930	-1	1684
405902186	-1	1537	131846074	-1	1684
405902186	-1	1537	132674538	-1	1684
405902186	-1	1537	205380444	-1	1684
405902186	-1	1537	245492448	-1	1684
405902186	-1	1537	336243269	-1	1684
405902186	-1	1537	394679760	-1	1684
405902186	-1	1537	423493470	-1	1684
405902186	-1	1537	176461120	-1	1684
405902186	-1	1537	263285315	-1	1684
405902186	-1	1537	278193997	-1	1684
405902186	-1	1537	292785066	-1	1684
405902186	-1	1537	380100095	-1	1684
405902186	-1	1537	394174097	-1	1684
405902186	-1	1537	45350334	-1	1684
405902186	-1	1537	768160	-1	1684
405902186	-1	1537	88017615	-1	1684
405902186	-1	1537	320679206	-1	1684
405902186	-1	1537	307172486	-1	1684
405902186	-1	1537	437012585	-1	1684
405902186	-1	1537	321375252	-1	1684
405902186	-1	1537	365450699	-1	1684
405902186	-1	1537	161461986	-1	1684
405902186	-1	1537	176230403	-1	1684
405902186	-1	1537	278314763	-1	1684
405902186	-1	1537	219796482	-1	1684
405902186	-1	1537	30970471	-1	1684
405902186	-1	1537	117806900	-1	1684
405902186	-1	1537	292533874	-1	1684
405902186	-1	1537	423592421	-1	1684
405902186	-1	1537	117298689	-1	1684
405902186	-1	1537	234543613	-1	1687
405902186	-1	1537	131810588	-1	1687
405902186	-1	1537	262552163	-1	1687
405902186	-1	1537	73512947	-1	1687
405902186	-1	1537	175433049	-1	1687
405902186	-1	1537	407970148	-1	1687
405902186	-1	1537	45254031	-1	1687
405902186	-1	1537	103589193	-1	1687
405902186	-1	1537	408869380	-1	1687
405902186	-1	1537	8813819	-1	1687
405902186	-1	1537	263443262	-1	1687
405902186	-1	1537	214867233	-1	1687
405902186	-1	1537	234360175	-1	1687
405902186	-1	1537	88014249	-1	1687
405902186	-1	1537	175266736	-1	1687
405902186	-1	1537	422533722	-1	1687
405902186	-1	1537	1569171	-1	1687
405902186	-1	1537	205105306	-1	1687
405902186	-1	1537	365107733	-1	1687
405902186	-1	1537	60108745	-1	1687
405902186	-1	1537	320706996	-1	1687
405902186	-1	1537	8729992	-1	1687
405902186	-1	1537	186703854	-1	1687
405902186	-1	1537	452660079	-1	1687
405902186	-1	1537	190923694	-1	1687
405902186	-1	1537	45570370	-1	1687
405902186	-1	1537	89196128	-1	1687
405902186	-1	1537	307045413	-1	1687
405902186	-1	1537	335421156	-1	1687
405902186	-1	1537	336450914	-1	1687
405902186	-1	1537	30049247	-1	1687
405902186	-1	1537	184072366	-1	1687
405902186	-1	1537	249046549	-1	1687
405902186	-1	1537	394601525	-1	1687
405902186	-1	1537	103735881	-1	1687
405902186	-1	1537	176369063	-1	1687
405902186	-1	1537	234136394	-1	1687
405902186	-1	1537	423402119	-1	1687
405902186	-1	1537	60111644	-1	1687
405902186	-1	1537	147201788	-1	1687
405902186	-1	1537	263386803	-1	1687
405902186	-1	1537	45533230	-1	1687
405902186	-1	1537	117884213	-1	1687
405902186	-1	1537	129477979	-1	1687
405902186	-1	1537	394461720	-1	1687
405902186	-1	1537	438055752	-1	1687
405902186	-1	1537	54415149	-1	1687
405902186	-1	1537	45315698	-1	1687
405902186	-1	1537	103325353	-1	1687
405902186	-1	1537	103825144	-1	1687
405902186	-1	1537	452483075	-1	1687
405902186	-1	1537	409099481	-1	1687
405902186	-1	1537	263682706	-1	1687
405902186	-1	1537	132568038	-1	1687
405902186	-1	1537	59833913	-1	1687
405902186	-1	1537	74398713	-1	1687
405902186	-1	1537	307057146	-1	1711
405902186	-1	1537	219919444	-1	1753
405902186	-1	1537	452587980	-1	1753
405902186	-1	1537	372984462	-1	1771
405902186	-1	1537	118381505	-1	1813
405902186	-1	1537	292552998	-1	1870
405902186	-1	1537	379976939	-1	1879
405902186	-1	1537	190574791	-1	1924
405902186	-1	1537	74578919	-1	3462
405902186	-1	1537	1675013	-1	3462
405902186	-1	1537	118394616	-1	3462
405902186	-1	1537	205403878	-1	3486
405902186	-1	1537	219713219	-1	3498
405902186	-1	1537	350618239	-1	3498
405902186	-1	1537	350881981	-1	3498
405902186	-1	1537	52224443	-1	3498
 