234171	-1	213	2.733E-53	3	2102	2762	285	110	0.818	3.793E-25	73	136	231	-2762	-2571	192	2768	2487
234171	-1	213	2.733E-53	3	2102	2762	288	59	0.715	2.345E-08	138	175	231	-2502	-2386	117	2505	2383
234171	-1	213	2.733E-53	3	2102	2762	295	56	0.752	1.962E-07	190	224	231	-2206	-2102	105	2215	2099
457876	-1	215	6.834E-54	3	2102	2762	285	107	0.797	4.778E-24	76	139	234	-2762	-2571	192	2768	2487
457876	-1	215	6.834E-54	3	2102	2762	288	60	0.712	9.007E-09	140	178	234	-2505	-2386	120	2505	2383
457876	-1	215	6.834E-54	3	2102	2762	295	60	0.795	1.112E-08	193	227	234	-2206	-2102	105	2215	2099
704314	-1	303	2.208E-80	6	2099	3495	262	34	0.726	2.445E+01	15	33	225	-3495	-3433	63	3537	3400
704314	-1	303	2.208E-80	6	2099	3495	275	31	0.906	8.398E+01	34	48	225	-3002	-2958	45	3002	2919
704314	-1	303	2.208E-80	6	2099	3495	285	103	0.771	1.134E-22	72	135	225	-2762	-2571	192	2768	2487
704314	-1	303	2.208E-80	6	2099	3495	288	60	0.816	1.239E-08	137	169	225	-2502	-2401	102	2505	2383
704314	-1	303	2.208E-80	6	2099	3495	291	33	0.718	1.144E+01	168	188	225	-2337	-2275	63	2355	2275
704314	-1	303	2.208E-80	6	2099	3495	295	59	0.762	2.894E-08	189	224	225	-2206	-2099	108	2215	2099
978094	-1	107	2.218E-21	1	2571	2765	285	107	0.784	6.559E-24	41	105	114	-2765	-2571	195	2768	2487
8371349	-1	160	2.462E-37	4	2102	3537	262	36	0.503	3.540E+00	3	35	293	-3537	-3433	105	3537	3400
8371349	-1	160	2.462E-37	4	2102	3537	275	33	0.977	1.216E+01	36	50	293	-3002	-2958	45	3002	2919
8371349	-1	160	2.462E-37	4	2102	3537	285	105	0.771	3.196E-23	73	137	293	-2765	-2571	195	2768	2487
8371349	-1	160	2.462E-37	4	2102	3537	295	54	0.722	1.332E-06	188	222	293	-2206	-2102	105	2215	2099
15199217	-1	250	1.989E-64	4	2102	2765	285	104	0.766	6.021E-23	60	124	213	-2765	-2571	195	2768	2487
15199217	-1	250	1.989E-64	4	2102	2765	288	53	0.798	2.044E-06	126	155	213	-2502	-2410	93	2505	2383
15199217	-1	250	1.989E-64	4	2102	2765	291	32	0.658	4.144E+01	156	177	213	-2340	-2275	66	2355	2275
15199217	-1	250	1.989E-64	4	2102	2765	295	57	0.757	1.426E-07	178	212	213	-2206	-2102	105	2215	2099
15276591	-1	197	1.791E-48	3	2099	2762	285	104	0.779	4.387E-23	82	145	235	-2762	-2571	192	2768	2487
15276591	-1	197	1.791E-48	3	2099	2762	288	53	0.793	2.813E-06	147	176	235	-2502	-2410	93	2505	2383
15276591	-1	197	1.791E-48	3	2099	2762	295	60	0.781	8.081E-09	199	234	235	-2206	-2099	108	2215	2099
15519858	-1	105	8.871E-21	1	2571	2762	285	105	0.784	2.328E-23	42	105	114	-2762	-2571	192	2768	2487
28901769	-1	205	6.998E-51	3	2099	2762	285	105	0.784	2.328E-23	68	131	221	-2762	-2571	192	2768	2487
28901769	-1	205	6.998E-51	3	2099	2762	288	62	0.841	2.516E-09	133	165	221	-2502	-2401	102	2505	2383
28901769	-1	205	6.998E-51	3	2099	2762	295	55	0.714	7.034E-07	185	220	221	-2206	-2099	108	2215	2099
29551615	-1	199	4.479E-49	3	2099	2765	285	102	0.755	2.138E-22	78	142	251	-2765	-2571	195	2768	2487
29551615	-1	199	4.479E-49	3	2099	2765	288	56	0.813	2.187E-07	143	173	251	-2505	-2410	96	2505	2383
29551615	-1	199	4.479E-49	3	2099	2765	295	61	0.785	5.875E-09	196	231	251	-2206	-2099	108	2215	2099
29868534	-1	203	2.799E-50	3	2102	2765	285	102	0.750	4.028E-22	48	112	203	-2765	-2571	195	2768	2487
29868534	-1	203	2.799E-50	3	2102	2765	288	58	0.706	4.437E-08	114	151	203	-2502	-2386	117	2505	2383
29868534	-1	203	2.799E-50	3	2102	2765	295	55	0.742	3.715E-07	166	200	203	-2206	-2102	105	2215	2099
44131326	-1	202	5.598E-50	3	2102	2762	285	105	0.784	2.328E-23	77	140	248	-2762	-2571	192	2768	2487
44131326	-1	202	5.598E-50	3	2102	2762	288	54	0.663	1.079E-06	142	179	248	-2502	-2386	117	2505	2383
44131326	-1	202	5.598E-50	3	2102	2762	295	55	0.732	7.034E-07	194	228	248	-2206	-2102	105	2215	2099
44192263	-1	106	4.435E-21	1	2574	2765	285	106	0.792	9.002E-24	43	106	116	-2765	-2574	192	2768	2487
44364242	-1	202	5.598E-50	3	2099	2765	285	108	0.792	2.536E-24	78	142	233	-2765	-2571	195	2768	2487
44364242	-1	202	5.598E-50	3	2099	2765	288	55	0.815	7.842E-07	144	173	233	-2502	-2410	93	2505	2383
44364242	-1	202	5.598E-50	3	2099	2765	295	59	0.771	1.529E-08	196	231	233	-2206	-2099	108	2215	2099
58377414	-1	176	3.757E-42	4	2102	3002	275	31	0.918	6.084E+01	36	50	232	-3002	-2958	45	3002	2919
58377414	-1	176	3.757E-42	4	2102	3002	285	105	0.792	3.196E-23	74	136	232	-2762	-2574	189	2768	2487
58377414	-1	176	3.757E-42	4	2102	3002	291	31	0.650	5.719E+01	166	187	232	-2340	-2275	66	2355	2275
58377414	-1	176	3.757E-42	4	2102	3002	295	57	0.761	1.037E-07	188	222	232	-2206	-2102	105	2215	2099
58475746	-1	118	1.083E-24	2	2571	3002	275	31	0.918	6.084E+01	2	16	112	-3002	-2958	45	3002	2919
58475746	-1	118	1.083E-24	2	2571	3002	285	108	0.792	2.536E-24	39	103	112	-2765	-2571	195	2768	2487
58505298	-1	109	5.544E-22	1	2571	2765	285	109	0.797	1.346E-24	40	104	113	-2765	-2571	195	2768	2487
58586510	-1	109	5.544E-22	1	2571	2762	285	109	0.808	1.346E-24	41	104	113	-2762	-2571	192	2768	2487
59144215	-1	107	2.218E-21	1	2571	2765	285	107	0.784	6.559E-24	41	105	114	-2765	-2571	195	2768	2487
68313418	-1	196	3.583E-48	3	2102	2765	285	104	0.768	4.387E-23	75	139	229	-2765	-2571	195	2768	2487
68313418	-1	196	3.583E-48	3	2102	2765	288	55	0.815	7.842E-07	141	170	229	-2502	-2410	93	2505	2383
68313418	-1	196	3.583E-48	3	2102	2765	295	57	0.766	7.534E-08	193	227	229	-2206	-2102	105	2215	2099
73167987	-1	205	6.998E-51	3	2102	2762	285	104	0.776	6.021E-23	75	138	234	-2762	-2571	192	2768	2487
73167987	-1	205	6.998E-51	3	2102	2762	288	59	0.715	2.345E-08	140	177	234	-2502	-2386	117	2505	2383
73167987	-1	205	6.998E-51	3	2102	2762	295	54	0.727	9.679E-07	192	226	234	-2206	-2102	105	2215	2099
73229281	-1	104	1.774E-20	1	2571	2765	285	104	0.766	6.021E-23	40	104	113	-2765	-2571	195	2768	2487
73461784	-1	107	2.218E-21	1	2571	2765	285	107	0.784	6.559E-24	42	106	115	-2765	-2571	195	2768	2487
73685808	-1	105	8.871E-21	1	2571	2765	285	105	0.771	3.196E-23	41	105	114	-2765	-2571	195	2768	2487
73920739	-1	203	2.799E-50	3	2102	2765	285	102	0.750	4.028E-22	48	112	203	-2765	-2571	195	2768	2487
73920739	-1	203	2.799E-50	3	2102	2765	288	58	0.706	4.437E-08	114	151	203	-2502	-2386	117	2505	2383
73920739	-1	203	2.799E-50	3	2102	2765	295	55	0.742	3.715E-07	166	200	203	-2206	-2102	105	2215	2099
82145238	-1	190	2.293E-46	3	2102	2765	285	103	0.760	1.134E-22	76	140	241	-2765	-2571	195	2768	2487
82145238	-1	190	2.293E-46	3	2102	2765	288	54	0.804	1.485E-06	142	171	241	-2502	-2410	93	2505	2383
82145238	-1	190	2.293E-46	3	2102	2765	295	53	0.708	3.472E-06	194	228	241	-2206	-2102	105	2215	2099
87513701	-1	118	1.083E-24	2	2571	3002	275	31	0.918	6.084E+01	2	16	112	-3002	-2958	45	3002	2919
87513701	-1	118	1.083E-24	2	2571	3002	285	109	0.808	1.346E-24	40	103	112	-2762	-2571	192	2768	2487
87681829	-1	213	2.733E-53	4	2386	3531	262	35	0.517	6.739E+00	1	33	226	-3531	-3433	99	3537	3400
87681829	-1	213	2.733E-53	4	2386	3531	275	31	0.918	6.084E+01	34	48	226	-3002	-2958	45	3002	2919
87681829	-1	213	2.733E-53	4	2386	3531	285	110	0.807	3.793E-25	72	136	226	-2765	-2571	195	2768	2487
87681829	-1	213	2.733E-53	4	2386	3531	288	56	0.684	2.187E-07	138	175	226	-2502	-2386	117	2505	2383
96411637	-1	213	2.733E-53	3	2275	2765	285	113	0.828	3.011E-26	67	131	221	-2765	-2571	195	2768	2487
96411637	-1	213	2.733E-53	3	2275	2765	288	68	0.922	1.539E-11	133	165	221	-2502	-2401	102	2505	2383
96411637	-1	213	2.733E-53	3	2275	2765	291	32	0.693	3.004E+01	164	184	221	-2337	-2275	63	2355	2275
102036600	-1	118	1.083E-24	2	2571	3002	275	31	0.906	8.398E+01	2	16	112	-3002	-2958	45	3002	2919
102036600	-1	118	1.083E-24	2	2571	3002	285	109	0.808	1.346E-24	40	103	112	-2762	-2571	192	2768	2487
102210094	-1	207	1.749E-51	3	2099	2762	285	104	0.776	6.021E-23	77	140	231	-2762	-2571	192	2768	2487
102210094	-1	207	1.749E-51	3	2099	2762	288	56	0.680	3.010E-07	142	179	231	-2502	-2386	117	2505	2383
102210094	-1	207	1.749E-51	3	2099	2762	295	59	0.771	1.529E-08	194	229	231	-2206	-2099	108	2215	2099
102214187	-1	158	9.848E-37	2	2389	2762	285	104	0.784	8.265E-23	73	135	195	-2762	-2574	189	2768	2487
102214187	-1	158	9.848E-37	2	2389	2762	288	53	0.654	2.044E-06	137	172	195	-2505	-2389	117	2505	2383
102357855	-1	110	2.772E-22	3	2102	3522	262	40	0.622	1.962E-01	3	31	223	-3522	-3433	90	3537	3400
102357855	-1	110	2.772E-22	3	2102	3522	285	103	0.768	1.557E-22	71	134	223	-2762	-2571	192	2768	2487
102357855	-1	110	2.772E-22	3	2102	3522	295	57	0.761	1.037E-07	188	222	223	-2206	-2102	105	2215	2099
131170453	-1	158	9.848E-37	4	2102	3537	262	36	0.508	2.566E+00	3	35	293	-3537	-3433	105	3537	3400
131170453	-1	158	9.848E-37	4	2102	3537	275	32	0.942	3.195E+01	36	50	293	-3002	-2958	45	3002	2919
131170453	-1	158	9.848E-37	4	2102	3537	285	104	0.763	8.265E-23	73	137	293	-2765	-2571	195	2768	2487
131170453	-1	158	9.848E-37	4	2102	3537	295	54	0.722	1.332E-06	188	222	293	-2206	-2102	105	2215	2099
145874576	-1	210	2.187E-52	4	2386	3531	262	35	0.517	6.739E+00	1	33	226	-3531	-3433	99	3537	3400
145874576	-1	210	2.187E-52	4	2386	3531	275	31	0.918	6.084E+01	34	48	226	-3002	-2958	45	3002	2919
145874576	-1	210	2.187E-52	4	2386	3531	285	107	0.784	6.559E-24	72	136	226	-2765	-2571	195	2768	2487
145874576	-1	210	2.187E-52	4	2386	3531	288	56	0.680	3.010E-07	138	175	226	-2502	-2386	117	2505	2383
146115889	-1	213	2.733E-53	3	2102	2762	285	106	0.787	1.696E-23	74	137	232	-2762	-2571	192	2768	2487
146115889	-1	213	2.733E-53	3	2102	2762	288	60	0.728	9.007E-09	139	176	232	-2502	-2386	117	2505	2383
146115889	-1	213	2.733E-53	3	2102	2762	295	59	0.791	1.529E-08	191	225	232	-2206	-2102	105	2215	2099
160219809	-1	192	5.733E-47	3	2102	2762	285	105	0.781	3.196E-23	74	137	232	-2762	-2571	192	2768	2487
160219809	-1	192	5.733E-47	3	2102	2762	288	51	0.724	1.390E-05	138	170	232	-2505	-2407	99	2505	2383
160219809	-1	192	5.733E-47	3	2102	2762	295	51	0.683	1.715E-05	188	222	232	-2206	-2102	105	2215	2099
160416663	-1	160	2.462E-37	4	2102	3537	262	38	0.528	7.091E-01	3	35	293	-3537	-3433	105	3537	3400
160416663	-1	160	2.462E-37	4	2102	3537	275	32	0.930	4.409E+01	36	50	293	-3002	-2958	45	3002	2919
160416663	-1	160	2.462E-37	4	2102	3537	285	105	0.771	3.196E-23	73	137	293	-2765	-2571	195	2768	2487
160416663	-1	160	2.462E-37	4	2102	3537	295	53	0.718	1.833E-06	188	222	293	-2206	-2102	105	2215	2099
160857451	-1	184	1.468E-44	3	2401	3002	275	33	0.701	2.315E+01	42	62	235	-3002	-2940	63	3002	2919
160857451	-1	184	1.468E-44	3	2401	3002	285	106	0.776	1.696E-23	81	145	235	-2765	-2571	195	2768	2487
160857451	-1	184	1.468E-44	3	2401	3002	288	61	0.826	6.548E-09	147	179	235	-2502	-2401	102	2505	2383
174811837	-1	116	4.331E-24	2	2571	3002	275	31	0.918	6.084E+01	2	16	112	-3002	-2958	45	3002	2919
174811837	-1	116	4.331E-24	2	2571	3002	285	106	0.781	9.002E-24	39	103	112	-2765	-2571	195	2768	2487
174839058	-1	116	4.331E-24	2	2571	3002	275	31	0.918	6.084E+01	2	16	113	-3002	-2958	45	3002	2919
174839058	-1	116	4.331E-24	2	2571	3002	285	107	0.784	6.559E-24	40	104	113	-2765	-2571	195	2768	2487
175106305	-1	256	3.108E-66	5	2108	3516	262	39	0.653	2.705E-01	6	33	225	-3516	-3433	84	3537	3400
175106305	-1	256	3.108E-66	5	2108	3516	285	105	0.784	2.328E-23	73	136	225	-2762	-2571	192	2768	2487
175106305	-1	256	3.108E-66	5	2108	3516	288	57	0.766	8.399E-08	137	170	225	-2505	-2401	105	2505	2383
175106305	-1	256	3.108E-66	5	2108	3516	291	34	0.697	8.294E+00	168	189	225	-2340	-2275	66	2355	2275
175106305	-1	256	3.108E-66	5	2108	3516	295	57	0.802	1.037E-07	190	222	225	-2206	-2108	99	2215	2099
186436060	-1	197	1.791E-48	3	2099	2762	285	104	0.773	8.265E-23	81	144	234	-2762	-2571	192	2768	2487
186436060	-1	197	1.791E-48	3	2099	2762	288	53	0.793	2.813E-06	146	175	234	-2502	-2410	93	2505	2383
186436060	-1	197	1.791E-48	3	2099	2762	295	60	0.781	8.081E-09	198	233	234	-2206	-2099	108	2215	2099
189605326	-1	201	1.120E-49	3	2102	2762	285	106	0.787	1.696E-23	75	138	233	-2762	-2571	192	2768	2487
189605326	-1	201	1.120E-49	3	2102	2762	288	59	0.870	3.225E-08	140	169	233	-2502	-2410	93	2505	2383
189605326	-1	201	1.120E-49	3	2102	2762	295	56	0.747	2.700E-07	192	226	233	-2206	-2102	105	2215	2099
189689966	-1	169	4.809E-40	2	2383	2753	285	115	0.884	1.164E-26	1	61	119	-2753	-2571	183	2768	2487
189689966	-1	169	4.809E-40	2	2383	2753	288	58	0.702	6.104E-08	67	104	119	-2499	-2383	117	2505	2383
190019102	-1	106	4.435E-21	1	2571	2765	285	106	0.781	9.002E-24	41	105	114	-2765	-2571	195	2768	2487
203966184	-1	216	3.417E-54	3	2102	2762	285	109	0.810	9.807E-25	74	137	232	-2762	-2571	192	2768	2487
203966184	-1	216	3.417E-54	3	2102	2762	288	61	0.737	4.761E-09	139	176	232	-2502	-2386	117	2505	2383
203966184	-1	216	3.417E-54	3	2102	2762	295	58	0.771	5.476E-08	191	225	232	-2206	-2102	105	2215	2099
204131413	-1	205	6.998E-51	4	2102	3002	275	33	0.920	1.216E+01	35	50	234	-3002	-2955	48	3002	2919
204131413	-1	205	6.998E-51	4	2102	3002	285	110	0.748	3.793E-25	72	142	234	-2765	-2553	213	2768	2487
204131413	-1	205	6.998E-51	4	2102	3002	288	55	0.929	5.699E-07	138	164	234	-2502	-2422	81	2505	2383
204131413	-1	205	6.998E-51	4	2102	3002	295	54	0.727	9.679E-07	190	224	234	-2206	-2102	105	2215	2099
204154750	-1	195	7.166E-48	3	2099	2762	285	105	0.784	2.328E-23	74	137	227	-2762	-2571	192	2768	2487
204154750	-1	195	7.166E-48	3	2099	2762	288	56	0.837	2.187E-07	139	168	227	-2502	-2410	93	2505	2383
204154750	-1	195	7.166E-48	3	2099	2762	295	54	0.710	9.679E-07	191	226	227	-2206	-2099	108	2215	2099
204303779	-1	160	2.462E-37	4	2102	3537	262	36	0.498	4.884E+00	3	35	297	-3537	-3433	105	3537	3400
204303779	-1	160	2.462E-37	4	2102	3537	275	32	0.942	3.195E+01	36	50	297	-3002	-2958	45	3002	2919
204303779	-1	160	2.462E-37	4	2102	3537	285	105	0.771	3.196E-23	73	137	297	-2765	-2571	195	2768	2487
204303779	-1	160	2.462E-37	4	2102	3537	295	55	0.742	3.715E-07	188	222	297	-2206	-2102	105	2215	2099
204641094	-1	58	1.248E-06	1	2102	2206	295	58	0.771	5.476E-08	28	62	64	-2206	-2102	105	2215	2099
218849513	-1	158	9.848E-37	4	2102	3537	262	37	0.518	1.349E+00	3	35	293	-3537	-3433	105	3537	3400
218849513	-1	158	9.848E-37	4	2102	3537	275	32	0.942	3.195E+01	36	50	293	-3002	-2958	45	3002	2919
218849513	-1	158	9.848E-37	4	2102	3537	285	104	0.763	8.265E-23	73	137	293	-2765	-2571	195	2768	2487
218849513	-1	158	9.848E-37	4	2102	3537	295	53	0.718	1.833E-06	188	222	293	-2206	-2102	105	2215	2099
218852919	-1	107	2.218E-21	1	2571	2762	285	107	0.797	4.778E-24	41	104	113	-2762	-2571	192	2768	2487
218894779	-1	199	4.479E-49	3	2102	2765	285	104	0.768	4.387E-23	68	132	228	-2765	-2571	195	2768	2487
218894779	-1	199	4.479E-49	3	2102	2765	288	59	0.811	1.704E-08	134	166	228	-2502	-2401	102	2505	2383
218894779	-1	199	4.479E-49	3	2102	2765	295	53	0.713	2.523E-06	186	220	228	-2206	-2102	105	2215	2099
232929721	-1	104	1.774E-20	1	2571	2765	285	104	0.763	8.265E-23	40	104	113	-2765	-2571	195	2768	2487
233033128	-1	176	3.757E-42	4	2102	3002	275	31	0.918	6.084E+01	35	49	231	-3002	-2958	45	3002	2919
233033128	-1	176	3.757E-42	4	2102	3002	285	104	0.784	8.265E-23	73	135	231	-2762	-2574	189	2768	2487
233033128	-1	176	3.757E-42	4	2102	3002	291	32	0.658	4.144E+01	165	186	231	-2340	-2275	66	2355	2275
233033128	-1	176	3.757E-42	4	2102	3002	295	57	0.761	1.037E-07	187	221	231	-2206	-2102	105	2215	2099
233056801	-1	197	1.791E-48	3	2099	2762	285	104	0.773	8.265E-23	82	145	235	-2762	-2571	192	2768	2487
233056801	-1	197	1.791E-48	3	2099	2762	288	53	0.793	2.813E-06	147	176	235	-2502	-2410	93	2505	2383
233056801	-1	197	1.791E-48	3	2099	2762	295	60	0.781	8.081E-09	199	234	235	-2206	-2099	108	2215	2099
233120043	-1	197	1.791E-48	3	2099	2762	285	104	0.779	4.387E-23	82	145	235	-2762	-2571	192	2768	2487
233120043	-1	197	1.791E-48	3	2099	2762	288	53	0.793	2.813E-06	147	176	235	-2502	-2410	93	2505	2383
233120043	-1	197	1.791E-48	3	2099	2762	295	60	0.781	8.081E-09	199	234	235	-2206	-2099	108	2215	2099
233193979	-1	116	4.331E-24	2	2571	3002	275	32	0.930	4.409E+01	2	16	112	-3002	-2958	45	3002	2919
233193979	-1	116	4.331E-24	2	2571	3002	285	106	0.789	1.236E-23	40	103	112	-2762	-2571	192	2768	2487
233584687	-1	104	1.774E-20	1	2571	2765	285	104	0.766	6.021E-23	41	105	114	-2765	-2571	195	2768	2487
247660140	-1	250	1.989E-64	4	2102	2765	285	104	0.766	6.021E-23	66	130	221	-2765	-2571	195	2768	2487
247660140	-1	250	1.989E-64	4	2102	2765	288	53	0.798	2.044E-06	132	161	221	-2502	-2410	93	2505	2383
247660140	-1	250	1.989E-64	4	2102	2765	291	32	0.658	4.144E+01	162	183	221	-2340	-2275	66	2355	2275
247660140	-1	250	1.989E-64	4	2102	2765	295	57	0.757	1.426E-07	184	218	221	-2206	-2102	105	2215	2099
254900121	-1	201	1.120E-49	3	2102	2765	285	102	0.755	2.138E-22	72	136	225	-2765	-2571	195	2768	2487
254900121	-1	201	1.120E-49	3	2102	2765	288	57	0.693	1.155E-07	138	175	225	-2502	-2386	117	2505	2383
254900121	-1	201	1.120E-49	3	2102	2765	295	54	0.722	1.332E-06	190	224	225	-2206	-2102	105	2215	2099
262162537	-1	197	1.791E-48	3	2099	2762	285	104	0.779	4.387E-23	82	145	235	-2762	-2571	192	2768	2487
262162537	-1	197	1.791E-48	3	2099	2762	288	53	0.793	2.813E-06	147	176	235	-2502	-2410	93	2505	2383
262162537	-1	197	1.791E-48	3	2099	2762	295	60	0.781	8.081E-09	199	234	235	-2206	-2099	108	2215	2099
262518845	-1	162	6.155E-38	3	2401	3501	262	37	0.679	1.860E+00	6	30	241	-3501	-3430	72	3537	3400
262518845	-1	162	6.155E-38	3	2401	3501	285	105	0.773	2.328E-23	68	132	241	-2765	-2571	195	2768	2487
262518845	-1	162	6.155E-38	3	2401	3501	288	55	0.761	4.142E-07	134	166	241	-2502	-2401	102	2505	2383
262667985	-1	104	1.774E-20	1	2571	2762	285	104	0.773	8.265E-23	42	105	114	-2762	-2571	192	2768	2487
272315848	-1	111	1.386E-22	3	2108	3513	262	41	0.700	7.490E-02	4	30	223	-3513	-3433	81	3537	3400
272315848	-1	111	1.386E-22	3	2108	3513	285	108	0.789	3.481E-24	70	134	223	-2765	-2571	195	2768	2487
272315848	-1	111	1.386E-22	3	2108	3513	295	53	0.745	3.472E-06	189	221	223	-2206	-2108	99	2215	2099
276685901	-1	107	2.218E-21	1	2571	2762	285	107	0.797	4.778E-24	43	106	115	-2762	-2571	192	2768	2487
276824222	-1	199	4.479E-49	3	2102	2762	285	107	0.805	6.559E-24	60	122	216	-2762	-2574	189	2768	2487
276824222	-1	199	4.479E-49	3	2102	2762	288	56	0.771	2.187E-07	125	157	216	-2502	-2401	102	2505	2383
276824222	-1	199	4.479E-49	3	2102	2762	295	55	0.737	5.112E-07	177	211	216	-2206	-2102	105	2215	2099
276937126	-1	108	1.109E-21	1	2550	2762	285	108	0.733	2.536E-24	43	113	115	-2762	-2550	213	2768	2487
291298428	-1	253	2.486E-65	4	2108	2762	285	104	0.776	6.021E-23	73	136	225	-2762	-2571	192	2768	2487
291298428	-1	253	2.486E-65	4	2108	2762	288	55	0.737	5.699E-07	137	170	225	-2505	-2401	105	2505	2383
291298428	-1	253	2.486E-65	4	2108	2762	291	31	0.642	7.893E+01	168	189	225	-2340	-2275	66	2355	2275
291298428	-1	253	2.486E-65	4	2108	2762	295	62	0.869	1.642E-09	190	222	225	-2206	-2108	99	2215	2099
291321523	-1	218	8.542E-55	4	2099	3002	275	34	0.743	4.636E+00	44	64	240	-3002	-2940	63	3002	2919
291321523	-1	218	8.542E-55	4	2099	3002	285	107	0.797	4.778E-24	82	145	240	-2762	-2571	192	2768	2487
291321523	-1	218	8.542E-55	4	2099	3002	288	65	0.958	1.966E-10	152	181	240	-2502	-2410	93	2505	2383
291321523	-1	218	8.542E-55	4	2099	3002	295	53	0.691	3.472E-06	204	239	240	-2206	-2099	108	2215	2099
291332362	-1	201	1.120E-49	3	2102	2762	285	105	0.781	3.196E-23	73	136	226	-2762	-2571	192	2768	2487
291332362	-1	201	1.120E-49	3	2102	2762	288	56	0.680	3.010E-07	138	175	226	-2502	-2386	117	2505	2383
291332362	-1	201	1.120E-49	3	2102	2762	295	52	0.703	4.779E-06	190	224	226	-2206	-2102	105	2215	2099
291412016	-1	210	2.187E-52	3	2099	2762	285	109	0.808	1.346E-24	79	142	260	-2762	-2571	192	2768	2487
291412016	-1	210	2.187E-52	3	2099	2762	288	54	0.658	1.485E-06	144	181	260	-2502	-2386	117	2505	2383
291412016	-1	210	2.187E-52	3	2099	2762	295	59	0.771	1.529E-08	196	231	260	-2206	-2099	108	2215	2099
297784725	-1	195	7.166E-48	3	2099	2762	285	99	0.744	2.695E-21	75	138	228	-2762	-2571	192	2768	2487
297784725	-1	195	7.166E-48	3	2099	2762	288	56	0.680	3.010E-07	140	177	228	-2502	-2386	117	2505	2383
297784725	-1	195	7.166E-48	3	2099	2762	295	52	0.681	6.577E-06	192	227	228	-2206	-2099	108	2215	2099
301576561	-1	223	2.669E-56	4	2102	3513	262	44	0.744	7.937E-03	17	43	241	-3513	-3433	81	3537	3400
301576561	-1	223	2.669E-56	4	2102	3513	285	108	0.800	3.481E-24	82	145	241	-2762	-2571	192	2768	2487
301576561	-1	223	2.669E-56	4	2102	3513	288	63	0.746	7.033E-10	147	185	241	-2502	-2383	120	2505	2383
301576561	-1	223	2.669E-56	4	2102	3513	295	55	0.737	5.112E-07	199	233	241	-2206	-2102	105	2215	2099
305619035	-1	101	1.419E-19	1	2571	2765	285	101	0.745	7.589E-22	40	104	113	-2765	-2571	195	2768	2487
305626437	-1	197	1.791E-48	3	2099	2762	285	102	0.765	2.138E-22	73	136	226	-2762	-2571	192	2768	2487
305626437	-1	197	1.791E-48	3	2099	2762	288	56	0.666	3.010E-07	137	175	226	-2505	-2386	120	2505	2383
305626437	-1	197	1.791E-48	3	2099	2762	295	51	0.677	9.053E-06	190	225	226	-2206	-2099	108	2215	2099
305871205	-1	199	4.479E-49	3	2099	2762	285	100	0.747	1.963E-21	74	137	227	-2762	-2571	192	2768	2487
305871205	-1	199	4.479E-49	3	2099	2762	288	56	0.680	3.010E-07	139	176	227	-2502	-2386	117	2505	2383
305871205	-1	199	4.479E-49	3	2099	2762	295	55	0.719	5.112E-07	191	226	227	-2206	-2099	108	2215	2099
305998288	-1	103	3.548E-20	1	2574	2762	285	103	0.779	1.557E-22	43	105	115	-2762	-2574	189	2768	2487
306048265	-1	202	5.598E-50	4	2099	3495	262	38	0.649	9.779E-01	8	34	227	-3495	-3433	63	3537	3400
306048265	-1	202	5.598E-50	4	2099	3495	285	101	0.748	5.529E-22	73	137	227	-2765	-2571	195	2768	2487
306048265	-1	202	5.598E-50	4	2099	3495	288	56	0.680	3.010E-07	139	176	227	-2502	-2386	117	2505	2383
306048265	-1	202	5.598E-50	4	2099	3495	295	55	0.724	3.715E-07	191	226	227	-2206	-2099	108	2215	2099
306144789	-1	199	4.479E-49	3	2102	2765	285	104	0.768	4.387E-23	68	132	228	-2765	-2571	195	2768	2487
306144789	-1	199	4.479E-49	3	2102	2765	288	59	0.811	1.704E-08	134	166	228	-2502	-2401	102	2505	2383
306144789	-1	199	4.479E-49	3	2102	2765	295	53	0.713	2.523E-06	186	220	228	-2206	-2102	105	2215	2099
314888522	-1	197	1.791E-48	3	2099	2762	285	104	0.779	4.387E-23	82	145	235	-2762	-2571	192	2768	2487
314888522	-1	197	1.791E-48	3	2099	2762	288	53	0.793	2.813E-06	147	176	235	-2502	-2410	93	2505	2383
314888522	-1	197	1.791E-48	3	2099	2762	295	60	0.781	8.081E-09	199	234	235	-2206	-2099	108	2215	2099
320277534	-1	197	1.791E-48	3	2099	2762	285	104	0.779	4.387E-23	80	143	233	-2762	-2571	192	2768	2487
320277534	-1	197	1.791E-48	3	2099	2762	288	53	0.793	2.813E-06	145	174	233	-2502	-2410	93	2505	2383
320277534	-1	197	1.791E-48	3	2099	2762	295	60	0.781	8.081E-09	197	232	233	-2206	-2099	108	2215	2099
320552792	-1	197	1.791E-48	3	2099	2762	285	104	0.776	6.021E-23	81	144	234	-2762	-2571	192	2768	2487
320552792	-1	197	1.791E-48	3	2099	2762	288	53	0.793	2.813E-06	146	175	234	-2502	-2410	93	2505	2383
320552792	-1	197	1.791E-48	3	2099	2762	295	60	0.781	8.081E-09	198	233	234	-2206	-2099	108	2215	2099
330936163	-1	267	1.517E-69	4	2099	2762	285	113	0.834	5.672E-26	84	147	237	-2762	-2571	192	2768	2487
330936163	-1	267	1.517E-69	4	2099	2762	288	63	0.856	9.672E-10	149	181	237	-2502	-2401	102	2505	2383
330936163	-1	267	1.517E-69	4	2099	2762	291	33	0.718	1.144E+01	180	200	237	-2337	-2275	63	2355	2275
330936163	-1	267	1.517E-69	4	2099	2762	295	56	0.729	2.700E-07	201	236	237	-2206	-2099	108	2215	2099
334694323	-1	175	7.514E-42	3	2386	3002	275	31	0.918	6.084E+01	34	48	226	-3002	-2958	45	3002	2919
334694323	-1	175	7.514E-42	3	2386	3002	285	109	0.802	7.145E-25	72	136	226	-2765	-2571	195	2768	2487
334694323	-1	175	7.514E-42	3	2386	3002	288	56	0.684	2.187E-07	138	175	226	-2502	-2386	117	2505	2383
334879219	-1	106	4.435E-21	1	2571	2762	285	106	0.789	1.236E-23	41	104	113	-2762	-2571	192	2768	2487
334897188	-1	209	4.374E-52	3	2102	2762	285	105	0.784	2.328E-23	77	140	235	-2762	-2571	192	2768	2487
334897188	-1	209	4.374E-52	3	2102	2762	288	61	0.737	4.761E-09	142	179	235	-2502	-2386	117	2505	2383
334897188	-1	209	4.374E-52	3	2102	2762	295	55	0.742	3.715E-07	194	228	235	-2206	-2102	105	2215	2099
335087437	-1	103	3.548E-20	1	2571	2765	285	103	0.758	1.557E-22	40	104	113	-2765	-2571	195	2768	2487
335344175	-1	104	1.774E-20	1	2571	2765	285	104	0.768	4.387E-23	40	104	113	-2765	-2571	195	2768	2487
335402870	-1	219	4.271E-55	3	2102	2762	285	114	0.844	1.598E-26	70	133	224	-2762	-2571	192	2768	2487
335402870	-1	219	4.271E-55	3	2102	2762	288	63	0.759	9.672E-10	135	172	224	-2502	-2386	117	2505	2383
335402870	-1	219	4.271E-55	3	2102	2762	295	54	0.722	1.332E-06	187	221	224	-2206	-2102	105	2215	2099
335435755	-1	104	1.774E-20	1	2556	2765	285	104	0.716	8.265E-23	41	110	114	-2765	-2556	210	2768	2487
347201996	-1	250	1.989E-64	4	2102	2762	285	103	0.768	1.557E-22	77	140	232	-2762	-2571	192	2768	2487
347201996	-1	250	1.989E-64	4	2102	2762	288	55	0.820	5.699E-07	142	171	232	-2502	-2410	93	2505	2383
347201996	-1	250	1.989E-64	4	2102	2762	291	33	0.673	2.177E+01	172	193	232	-2340	-2275	66	2355	2275
347201996	-1	250	1.989E-64	4	2102	2762	295	55	0.742	3.715E-07	194	228	232	-2206	-2102	105	2215	2099
349389368	-1	117	2.166E-24	2	2571	3002	275	31	0.918	6.084E+01	2	16	112	-3002	-2958	45	3002	2919
349389368	-1	117	2.166E-24	2	2571	3002	285	108	0.800	3.481E-24	40	103	112	-2762	-2571	192	2768	2487
349708029	-1	207	1.749E-51	3	2102	2762	285	105	0.781	3.196E-23	74	137	232	-2762	-2571	192	2768	2487
349708029	-1	207	1.749E-51	3	2102	2762	288	59	0.715	2.345E-08	139	176	232	-2502	-2386	117	2505	2383
349708029	-1	207	1.749E-51	3	2102	2762	295	55	0.742	3.715E-07	191	225	232	-2206	-2102	105	2215	2099
363810379	-1	199	4.479E-49	3	2099	2762	285	106	0.787	1.696E-23	76	139	248	-2762	-2571	192	2768	2487
363810379	-1	199	4.479E-49	3	2099	2762	288	54	0.781	1.485E-06	140	170	248	-2505	-2410	96	2505	2383
363810379	-1	199	4.479E-49	3	2099	2762	295	59	0.762	2.894E-08	193	228	248	-2206	-2099	108	2215	2099
363907765	-1	194	1.433E-47	3	2102	2762	285	105	0.792	3.196E-23	74	136	232	-2762	-2574	189	2768	2487
363907765	-1	194	1.433E-47	3	2102	2762	288	51	0.729	1.010E-05	138	170	232	-2505	-2407	99	2505	2383
363907765	-1	194	1.433E-47	3	2102	2762	295	53	0.708	3.472E-06	188	222	232	-2206	-2102	105	2215	2099
363988550	-1	107	2.218E-21	1	2571	2765	285	107	0.786	4.778E-24	40	104	113	-2765	-2571	195	2768	2487
364439326	-1	120	2.707E-25	2	2571	3519	262	40	0.640	1.962E-01	1	28	125	-3519	-3433	87	3537	3400
364439326	-1	120	2.707E-25	2	2571	3519	285	111	0.823	2.013E-25	61	124	125	-2762	-2571	192	2768	2487
373122262	-1	250	1.989E-64	4	2102	2765	285	106	0.781	9.002E-24	76	140	243	-2765	-2571	195	2768	2487
373122262	-1	250	1.989E-64	4	2102	2765	288	53	0.798	2.044E-06	142	171	243	-2502	-2410	93	2505	2383
373122262	-1	250	1.989E-64	4	2102	2765	291	32	0.658	4.144E+01	172	193	243	-2340	-2275	66	2355	2275
373122262	-1	250	1.989E-64	4	2102	2765	295	55	0.742	3.715E-07	194	228	243	-2206	-2102	105	2215	2099
375075577	-1	197	1.791E-48	3	2099	2762	285	104	0.779	4.387E-23	81	144	234	-2762	-2571	192	2768	2487
375075577	-1	197	1.791E-48	3	2099	2762	288	53	0.793	2.813E-06	146	175	234	-2502	-2410	93	2505	2383
375075577	-1	197	1.791E-48	3	2099	2762	295	60	0.781	8.081E-09	198	233	234	-2206	-2099	108	2215	2099
378394691	-1	252	4.972E-65	5	2102	3002	275	32	0.930	4.409E+01	35	49	232	-3002	-2958	45	3002	2919
378394691	-1	252	4.972E-65	5	2102	3002	285	105	0.795	2.328E-23	73	135	232	-2762	-2574	189	2768	2487
378394691	-1	252	4.972E-65	5	2102	3002	288	52	0.740	5.329E-06	137	169	232	-2505	-2407	99	2505	2383
378394691	-1	252	4.972E-65	5	2102	3002	291	32	0.658	4.144E+01	165	186	232	-2340	-2275	66	2355	2275
378394691	-1	252	4.972E-65	5	2102	3002	295	53	0.708	3.472E-06	187	221	232	-2206	-2102	105	2215	2099
378711609	-1	194	1.433E-47	3	2108	2762	285	103	0.768	1.557E-22	69	132	219	-2762	-2571	192	2768	2487
378711609	-1	194	1.433E-47	3	2108	2762	288	55	0.820	5.699E-07	134	163	219	-2502	-2410	93	2505	2383
378711609	-1	194	1.433E-47	3	2108	2762	295	56	0.786	2.700E-07	186	218	219	-2206	-2108	99	2215	2099
378801699	-1	110	2.772E-22	1	2571	2762	285	110	0.815	5.206E-25	41	104	113	-2762	-2571	192	2768	2487
378867349	-1	195	7.166E-48	3	2102	2765	285	102	0.750	4.028E-22	67	131	224	-2765	-2571	195	2768	2487
378867349	-1	195	7.166E-48	3	2102	2765	288	58	0.859	6.104E-08	133	162	224	-2502	-2410	93	2505	2383
378867349	-1	195	7.166E-48	3	2102	2765	295	55	0.742	3.715E-07	185	219	224	-2206	-2102	105	2215	2099
379376633	-1	200	2.239E-49	3	2102	2762	285	107	0.726	6.559E-24	74	144	229	-2762	-2550	213	2768	2487
379376633	-1	200	2.239E-49	3	2102	2762	288	61	0.826	6.548E-09	139	171	229	-2502	-2401	102	2505	2383
379376633	-1	200	2.239E-49	3	2102	2762	295	55	0.732	7.034E-07	191	225	229	-2206	-2102	105	2215	2099
391650812	-1	211	1.093E-52	3	2102	2762	285	111	0.750	2.763E-25	69	139	223	-2762	-2550	213	2768	2487
391650812	-1	211	1.093E-52	3	2102	2762	288	61	0.732	6.548E-09	134	171	223	-2502	-2386	117	2505	2383
391650812	-1	211	1.093E-52	3	2102	2762	295	57	0.761	1.037E-07	186	220	223	-2206	-2102	105	2215	2099
393835447	-1	203	2.799E-50	3	2102	2765	285	102	0.750	4.028E-22	48	112	203	-2765	-2571	195	2768	2487
393835447	-1	203	2.799E-50	3	2102	2765	288	58	0.706	4.437E-08	114	151	203	-2502	-2386	117	2505	2383
393835447	-1	203	2.799E-50	3	2102	2765	295	55	0.742	3.715E-07	166	200	203	-2206	-2102	105	2215	2099
393835740	-1	203	2.799E-50	3	2102	2765	285	102	0.750	4.028E-22	48	112	203	-2765	-2571	195	2768	2487
393835740	-1	203	2.799E-50	3	2102	2765	288	58	0.706	4.437E-08	114	151	203	-2502	-2386	117	2505	2383
393835740	-1	203	2.799E-50	3	2102	2765	295	55	0.742	3.715E-07	166	200	203	-2206	-2102	105	2215	2099
393835834	-1	201	1.120E-49	3	2102	2765	285	102	0.750	4.028E-22	48	112	203	-2765	-2571	195	2768	2487
393835834	-1	201	1.120E-49	3	2102	2765	288	58	0.706	4.437E-08	114	151	203	-2502	-2386	117	2505	2383
393835834	-1	201	1.120E-49	3	2102	2765	295	53	0.708	3.472E-06	166	200	203	-2206	-2102	105	2215	2099
400960745	-1	266	3.035E-69	4	2099	2762	285	113	0.834	5.672E-26	84	147	237	-2762	-2571	192	2768	2487
400960745	-1	266	3.035E-69	4	2099	2762	288	63	0.856	9.672E-10	149	181	237	-2502	-2401	102	2505	2383
400960745	-1	266	3.035E-69	4	2099	2762	291	32	0.685	4.144E+01	180	200	237	-2337	-2275	63	2355	2275
400960745	-1	266	3.035E-69	4	2099	2762	295	56	0.729	2.700E-07	201	236	237	-2206	-2099	108	2215	2099
407412540	-1	194	1.433E-47	3	2102	2762	285	104	0.779	4.387E-23	70	133	222	-2762	-2571	192	2768	2487
407412540	-1	194	1.433E-47	3	2102	2762	288	55	0.803	4.142E-07	134	164	222	-2505	-2410	96	2505	2383
407412540	-1	194	1.433E-47	3	2102	2762	295	55	0.742	3.715E-07	187	221	222	-2206	-2102	105	2215	2099
407551167	-1	204	1.400E-50	3	2102	2765	285	98	0.727	6.970E-21	73	137	232	-2765	-2571	195	2768	2487
407551167	-1	204	1.400E-50	3	2102	2765	288	61	0.725	3.461E-09	138	176	232	-2505	-2386	120	2505	2383
407551167	-1	204	1.400E-50	3	2102	2765	295	57	0.757	1.426E-07	191	225	232	-2206	-2102	105	2215	2099
407670644	-1	200	2.239E-49	3	2099	2765	285	101	0.748	5.529E-22	76	140	249	-2765	-2571	195	2768	2487
407670644	-1	200	2.239E-49	3	2099	2765	288	56	0.808	3.010E-07	141	171	249	-2505	-2410	96	2505	2383
407670644	-1	200	2.239E-49	3	2099	2765	295	63	0.809	1.194E-09	194	229	249	-2206	-2099	108	2215	2099
407712223	-1	192	5.733E-47	3	2102	2765	285	100	0.737	1.963E-21	76	140	261	-2765	-2571	195	2768	2487
407712223	-1	192	5.733E-47	3	2102	2765	288	55	0.820	5.699E-07	142	171	261	-2502	-2410	93	2505	2383
407712223	-1	192	5.733E-47	3	2102	2765	295	57	0.757	1.426E-07	194	228	261	-2206	-2102	105	2215	2099
407844335	-1	201	1.120E-49	3	2102	2762	285	99	0.744	2.695E-21	74	137	232	-2762	-2571	192	2768	2487
407844335	-1	201	1.120E-49	3	2102	2762	288	59	0.719	1.704E-08	139	176	232	-2502	-2386	117	2505	2383
407844335	-1	201	1.120E-49	3	2102	2762	295	55	0.742	3.715E-07	191	225	232	-2206	-2102	105	2215	2099
408143015	-1	106	4.435E-21	1	2571	2765	285	106	0.781	9.002E-24	41	105	114	-2765	-2571	195	2768	2487
413453925	-1	205	6.998E-51	4	2102	3002	275	31	0.864	6.084E+01	36	51	232	-3002	-2955	48	3002	2919
413453925	-1	205	6.998E-51	4	2102	3002	285	106	0.787	1.696E-23	74	137	232	-2762	-2571	192	2768	2487
413453925	-1	205	6.998E-51	4	2102	3002	288	51	0.744	1.390E-05	139	170	232	-2502	-2407	96	2505	2383
413453925	-1	205	6.998E-51	4	2102	3002	295	52	0.703	4.779E-06	188	222	232	-2206	-2102	105	2215	2099
416060452	-1	188	9.172E-46	3	2102	2765	285	101	0.748	5.529E-22	75	139	230	-2765	-2571	195	2768	2487
416060452	-1	188	9.172E-46	3	2102	2765	288	54	0.804	1.485E-06	141	170	230	-2502	-2410	93	2505	2383
416060452	-1	188	9.172E-46	3	2102	2765	295	53	0.713	2.523E-06	193	227	230	-2206	-2102	105	2215	2099
422310890	-1	198	8.957E-49	3	2102	2762	285	98	0.737	6.970E-21	80	143	266	-2762	-2571	192	2768	2487
422310890	-1	198	8.957E-49	3	2102	2762	288	57	0.781	1.155E-07	145	177	266	-2502	-2401	102	2505	2383
422310890	-1	198	8.957E-49	3	2102	2762	295	60	0.795	1.112E-08	197	231	266	-2206	-2102	105	2215	2099
422329790	-1	98	1.135E-18	1	2571	2762	285	98	0.734	9.567E-21	45	108	117	-2762	-2571	192	2768	2487
422476642	-1	160	2.462E-37	3	2401	3501	262	37	0.679	1.860E+00	6	30	231	-3501	-3430	72	3537	3400
422476642	-1	160	2.462E-37	3	2401	3501	285	103	0.758	1.557E-22	68	132	231	-2765	-2571	195	2768	2487
422476642	-1	160	2.462E-37	3	2401	3501	288	55	0.761	4.142E-07	134	166	231	-2502	-2401	102	2505	2383
430443642	-1	251	9.944E-65	4	2099	2762	285	108	0.768	3.481E-24	68	134	221	-2762	-2562	201	2768	2487
430443642	-1	251	9.944E-65	4	2099	2762	288	57	0.776	1.590E-07	133	165	221	-2502	-2401	102	2505	2383
430443642	-1	251	9.944E-65	4	2099	2762	291	33	0.701	2.177E+01	164	184	221	-2337	-2275	63	2355	2275
430443642	-1	251	9.944E-65	4	2099	2762	295	53	0.696	2.523E-06	185	220	221	-2206	-2099	108	2215	2099
436051336	-1	200	2.239E-49	3	2102	2765	285	106	0.776	1.696E-23	76	140	230	-2765	-2571	195	2768	2487
436051336	-1	200	2.239E-49	3	2102	2765	288	55	0.826	4.142E-07	142	171	230	-2502	-2410	93	2505	2383
436051336	-1	200	2.239E-49	3	2102	2765	295	59	0.791	1.529E-08	194	228	230	-2206	-2102	105	2215	2099
436558224	-1	216	3.417E-54	3	2099	2765	285	103	0.758	1.557E-22	74	138	247	-2765	-2571	195	2768	2487
436558224	-1	216	3.417E-54	3	2099	2765	288	57	0.698	8.399E-08	140	177	247	-2502	-2386	117	2505	2383
436558224	-1	216	3.417E-54	3	2099	2765	295	68	0.875	1.381E-11	192	227	247	-2206	-2099	108	2215	2099
436601811	-1	194	1.433E-47	3	2099	2762	285	104	0.779	4.387E-23	74	137	232	-2762	-2571	192	2768	2487
436601811	-1	194	1.433E-47	3	2099	2762	288	51	0.739	1.913E-05	139	170	232	-2502	-2407	96	2505	2383
436601811	-1	194	1.433E-47	3	2099	2762	295	54	0.710	9.679E-07	188	223	232	-2206	-2099	108	2215	2099
436769733	-1	213	2.733E-53	4	2386	3531	262	35	0.517	6.739E+00	1	33	226	-3531	-3433	99	3537	3400
436769733	-1	213	2.733E-53	4	2386	3531	275	31	0.918	6.084E+01	34	48	226	-3002	-2958	45	3002	2919
436769733	-1	213	2.733E-53	4	2386	3531	285	110	0.807	3.793E-25	72	136	226	-2765	-2571	195	2768	2487
436769733	-1	213	2.733E-53	4	2386	3531	288	56	0.684	2.187E-07	138	175	226	-2502	-2386	117	2505	2383
436854187	-1	200	2.239E-49	3	2099	2765	285	104	0.763	8.265E-23	74	138	247	-2765	-2571	195	2768	2487
436854187	-1	200	2.239E-49	3	2099	2765	288	55	0.797	5.699E-07	139	169	247	-2505	-2410	96	2505	2383
436854187	-1	200	2.239E-49	3	2099	2765	295	61	0.785	5.875E-09	192	227	247	-2206	-2099	108	2215	2099
436936120	-1	118	1.083E-24	2	2571	3002	275	32	0.942	3.195E+01	2	16	112	-3002	-2958	45	3002	2919
436936120	-1	118	1.083E-24	2	2571	3002	285	108	0.805	1.848E-24	40	103	112	-2762	-2571	192	2768	2487
437018803	-1	162	6.155E-38	3	2401	3501	262	37	0.679	1.860E+00	6	30	241	-3501	-3430	72	3537	3400
437018803	-1	162	6.155E-38	3	2401	3501	285	105	0.773	2.328E-23	68	132	241	-2765	-2571	195	2768	2487
437018803	-1	162	6.155E-38	3	2401	3501	288	55	0.761	4.142E-07	134	166	241	-2502	-2401	102	2505	2383
440521747	-1	205	6.998E-51	3	2099	2762	285	105	0.784	2.328E-23	84	147	237	-2762	-2571	192	2768	2487
440521747	-1	205	6.998E-51	3	2099	2762	288	62	0.841	2.516E-09	149	181	237	-2502	-2401	102	2505	2383
440521747	-1	205	6.998E-51	3	2099	2762	295	55	0.714	7.034E-07	201	236	237	-2206	-2099	108	2215	2099
451164267	-1	202	5.598E-50	3	2099	2765	285	102	0.755	2.138E-22	72	136	245	-2765	-2571	195	2768	2487
451164267	-1	202	5.598E-50	3	2099	2765	288	56	0.813	2.187E-07	137	167	245	-2505	-2410	96	2505	2383
451164267	-1	202	5.598E-50	3	2099	2765	295	64	0.833	2.426E-10	190	225	245	-2206	-2099	108	2215	2099
451378275	-1	102	7.097E-20	1	2571	2762	285	102	0.763	2.934E-22	41	104	113	-2762	-2571	192	2768	2487
451708334	-1	104	1.774E-20	1	2571	2765	285	104	0.766	6.021E-23	39	103	112	-2765	-2571	195	2768	2487
 