925001	-1	137	2.065E-30	1	26174	26755	1180	137	0.390	2.050E-32	60	261	343	-26755	-26174	582	26767	26174
1075386	1	96	4.542E-18	1	8226	8636	192	96	0.395	4.246E-19	7	143	207	8226	8636	411	8223	8660
1204947	1	62	7.803E-08	1	19827	20006	456	62	0.523	1.696E-07	26	85	87	19827	20006	180	19800	20243
1299806	1	66	4.877E-09	1	19821	20027	456	66	0.491	1.025E-08	42	110	131	19821	20027	207	19800	20243
9418012	1	71	1.524E-10	1	19821	20030	456	71	0.508	1.291E-10	43	114	125	19821	20030	210	19800	20243
12271180	1	65	9.753E-09	1	19821	20006	456	65	0.529	1.913E-08	43	104	108	19821	20006	186	19800	20243
15362821	1	63	3.901E-08	1	19821	20012	456	63	0.503	9.093E-08	38	101	104	19821	20012	192	19800	20243
15502931	1	66	4.877E-09	1	19824	20012	456	66	0.533	5.490E-09	41	103	104	19824	20012	189	19800	20243
15746869	1	62	7.803E-08	1	19821	20003	456	62	0.514	2.315E-07	41	101	104	19821	20003	183	19800	20243
15762635	1	50	3.196E-04	1	18725	18931	426	50	0.396	2.905E-04	31	99	125	18725	18931	207	18686	18961
15769952	1	68	1.219E-09	1	19815	20006	456	68	0.539	1.152E-09	35	98	115	19815	20006	192	19800	20243
15812793	1	65	9.753E-09	1	19821	20009	456	65	0.522	1.913E-08	39	101	102	19821	20009	189	19800	20243
15836739	1	105	8.871E-21	1	8226	8603	192	105	0.451	2.224E-22	23	148	166	8226	8603	378	8223	8660
21371566	1	104	1.774E-20	1	8274	8648	192	104	0.450	5.719E-22	30	154	234	8274	8648	375	8223	8660
21413554	1	66	4.877E-09	1	19824	20006	456	66	0.547	5.490E-09	44	104	105	19824	20006	183	19800	20243
24650100	1	97	2.271E-18	1	19821	20132	456	97	0.461	1.304E-19	47	159	168	19821	20132	312	19800	20243
24734904	1	63	3.901E-08	1	22825	23007	507	63	0.525	5.691E-07	14	74	121	22825	23007	183	22303	23013
25222156	1	64	1.951E-08	1	19824	20003	456	64	0.540	2.613E-08	44	103	108	19824	20003	180	19800	20243
26119202	1	71	1.524E-10	1	19821	20030	456	71	0.510	1.765E-10	51	121	131	19821	20030	210	19800	20243
27221944	1	64	1.951E-08	1	19827	20009	456	64	0.533	2.613E-08	43	103	104	19827	20009	183	19800	20243
29880283	1	70	3.048E-10	1	19824	20018	456	70	0.546	2.413E-10	44	108	109	19824	20018	195	19800	20243
29967765	-1	134	1.652E-29	1	26243	26755	1180	134	0.420	1.346E-31	48	226	227	-26755	-26243	513	26767	26174
30039259	1	64	1.951E-08	1	19815	20012	456	64	0.490	4.875E-08	35	101	104	19815	20012	198	19800	20243
30335113	1	102	7.097E-20	1	8274	8606	192	102	0.484	3.783E-21	0	110	113	8274	8606	333	8223	8660
37031958	1	64	1.951E-08	1	19821	20015	456	64	0.504	3.569E-08	39	103	105	19821	20015	195	19800	20243
39453070	1	65	9.753E-09	1	19821	20006	456	65	0.532	1.400E-08	43	104	108	19821	20006	186	19800	20243
40408002	1	65	9.753E-09	1	19821	20006	456	65	0.532	1.400E-08	43	104	108	19821	20006	186	19800	20243
43388020	1	64	1.951E-08	1	19821	20012	456	64	0.510	3.569E-08	42	105	127	19821	20012	192	19800	20243
44684499	1	66	4.877E-09	1	19827	20015	456	66	0.530	7.501E-09	45	107	111	19827	20015	189	19800	20243
44801234	1	96	4.542E-18	1	8247	8648	192	96	0.404	2.263E-19	83	216	227	8247	8648	402	8223	8660
52107392	1	64	1.951E-08	1	19824	20006	456	64	0.533	2.613E-08	45	105	106	19824	20006	183	19800	20243
52832568	1	64	1.951E-08	1	19821	20012	456	64	0.510	3.569E-08	38	101	104	19821	20012	192	19800	20243
55195460	1	63	3.901E-08	1	19824	20012	456	63	0.512	6.658E-08	43	105	106	19824	20012	189	19800	20243
55850365	1	63	3.901E-08	1	19821	20015	456	63	0.499	6.658E-08	39	103	105	19821	20015	195	19800	20243
59029951	1	104	1.774E-20	1	8262	8591	192	104	0.495	7.836E-22	2	111	114	8262	8591	330	8223	8660
59044601	1	66	4.877E-09	1	19821	20003	456	66	0.547	5.490E-09	43	103	108	19821	20003	183	19800	20243
59052443	1	108	1.109E-21	1	8223	8600	192	108	0.459	3.360E-23	18	142	172	8223	8600	378	8223	8660
59060350	-1	129	5.287E-28	1	26183	26755	1180	129	0.376	1.084E-29	12	211	254	-26755	-26183	573	26767	26174
59198226	1	98	1.135E-18	1	8223	8612	192	98	0.417	8.805E-20	9	138	166	8223	8612	390	8223	8660
59198401	1	95	9.084E-18	1	8226	8606	192	95	0.415	7.966E-19	18	144	248	8226	8606	381	8223	8660
59222545	1	50	3.196E-04	1	22825	23007	507	50	0.434	9.828E-03	24	84	90	22825	23007	183	22303	23013
59328498	1	98	1.135E-18	1	8226	8648	192	98	0.395	4.692E-20	6	146	248	8226	8648	423	8223	8660
66098222	1	64	1.951E-08	1	19818	20009	456	64	0.508	4.875E-08	36	99	100	19818	20009	192	19800	20243
66870978	1	63	3.901E-08	1	19824	20000	456	63	0.533	1.242E-07	40	98	102	19824	20000	177	19800	20243
67734338	1	63	3.901E-08	1	19821	20015	456	63	0.494	1.242E-07	39	103	105	19821	20015	195	19800	20243
69509294	1	65	9.753E-09	1	19821	20015	456	65	0.509	1.913E-08	39	103	105	19821	20015	195	19800	20243
73511533	-1	139	5.163E-31	1	26348	26755	1180	139	0.532	3.121E-33	51	186	200	-26755	-26348	408	26767	26174
73733322	1	68	1.219E-09	1	19824	20000	456	68	0.576	1.152E-09	42	100	102	19824	20000	177	19800	20243
73933382	1	64	1.951E-08	1	19821	20024	456	64	0.487	3.569E-08	46	113	132	19821	20024	204	19800	20243
82021884	1	63	3.901E-08	1	19821	20003	456	63	0.522	9.093E-08	39	99	105	19821	20003	183	19800	20243
83266773	1	63	3.901E-08	1	19821	20015	456	63	0.499	6.658E-08	41	105	107	19821	20015	195	19800	20243
85629716	1	65	9.753E-09	1	19824	20006	456	65	0.536	1.913E-08	39	99	102	19824	20006	183	19800	20243
85832180	1	105	8.871E-21	1	8232	8648	192	105	0.418	3.047E-22	1	139	206	8232	8648	417	8223	8660
88065588	1	98	1.135E-18	1	8247	8636	192	98	0.418	6.428E-20	19	148	178	8247	8636	390	8223	8660
88141636	1	66	4.877E-09	1	19821	20003	456	66	0.547	5.490E-09	47	107	110	19821	20003	183	19800	20243
88153790	1	98	1.135E-18	1	8223	8606	192	98	0.423	6.428E-20	8	135	242	8223	8606	384	8223	8660
88154201	1	104	1.774E-20	1	8223	8564	192	104	0.483	5.719E-22	31	144	145	8223	8564	342	8223	8660
88418909	1	61	1.561E-07	1	22825	23013	507	61	0.496	3.404E-06	30	92	114	22825	23013	189	22303	23013
88429078	1	64	1.951E-08	1	19821	20024	456	64	0.484	4.875E-08	38	105	123	19821	20024	204	19800	20243
88476739	-1	83	3.721E-14	1	26468	26755	1180	83	0.460	5.529E-14	22	117	118	-26755	-26468	288	26767	26174
88554403	1	61	1.561E-07	1	19818	20024	456	61	0.459	3.161E-07	44	113	135	19818	20024	207	19800	20243
95407240	1	89	5.813E-16	1	8223	8591	192	89	0.405	6.505E-17	2	123	241	8223	8591	369	8223	8660
97233970	1	66	4.877E-09	1	19827	20012	456	66	0.537	7.501E-09	39	100	103	19827	20012	186	19800	20243
98218852	-1	103	3.548E-20	1	26297	26755	1180	103	0.373	9.917E-21	53	212	215	-26755	-26297	459	26767	26174
98478874	1	102	7.097E-20	1	8232	8648	192	102	0.409	3.783E-21	0	138	206	8232	8648	417	8223	8660
99880320	1	94	1.817E-17	1	8223	8609	192	94	0.409	1.091E-18	22	150	218	8223	8609	387	8223	8660
102664426	1	64	1.951E-08	1	19821	20012	456	64	0.510	3.569E-08	38	101	104	19821	20012	192	19800	20243
102771620	1	63	3.901E-08	1	19824	20009	456	63	0.518	6.658E-08	40	101	102	19824	20009	186	19800	20243
102804009	-1	105	8.871E-21	1	26306	26755	1180	105	0.396	2.086E-21	39	188	204	-26755	-26306	450	26767	26174
102824355	1	100	2.839E-19	1	8223	8612	192	100	0.424	1.332E-20	49	178	201	8223	8612	390	8223	8660
103058623	1	66	4.877E-09	1	19821	20009	456	66	0.528	1.025E-08	36	98	101	19821	20009	189	19800	20243
103072417	1	64	1.951E-08	1	19821	20012	456	64	0.513	2.613E-08	35	98	101	19821	20012	192	19800	20243
109248937	1	64	1.951E-08	1	19821	20012	456	64	0.510	3.569E-08	60	123	124	19821	20012	192	19800	20243
109327108	1	62	7.803E-08	1	19821	20012	456	62	0.497	1.696E-07	44	107	109	19821	20012	192	19800	20243
111362405	1	63	3.901E-08	1	19827	20012	456	63	0.518	6.658E-08	45	106	107	19827	20012	186	19800	20243
112483790	1	79	5.953E-13	1	19824	20003	456	79	0.641	3.363E-13	42	101	116	19824	20003	180	19800	20243
113750727	1	63	3.901E-08	1	19821	20012	456	63	0.500	1.242E-07	39	102	105	19821	20012	192	19800	20243
113771322	1	63	3.901E-08	1	19824	20030	456	63	0.476	6.658E-08	42	110	134	19824	20030	207	19800	20243
115070376	1	68	1.219E-09	1	19821	20015	456	68	0.533	1.152E-09	39	103	105	19821	20015	195	19800	20243
117235069	1	58	1.248E-06	1	22825	23004	507	58	0.493	3.661E-05	14	73	120	22825	23004	180	22303	23013
117246601	1	61	1.561E-07	1	19821	19988	456	61	0.547	3.161E-07	42	97	103	19821	19988	168	19800	20243
117257370	1	65	9.753E-09	1	19824	20027	456	65	0.492	1.913E-08	37	104	124	19824	20027	204	19800	20243
117356024	1	80	2.977E-13	1	19821	20006	456	80	0.632	1.313E-13	44	105	123	19821	20006	186	19800	20243
117465528	1	103	3.548E-20	1	8223	8648	192	103	0.407	1.074E-21	4	145	198	8223	8648	426	8223	8660
117489348	1	142	6.454E-32	3	8223	8937	192	97	0.412	1.652E-19	47	176	339	8223	8615	393	8223	8660
117489348	1	142	6.454E-32	3	8223	8937	195	48	0.671	3.140E-04	191	224	339	8623	8724	102	8587	8760
117489348	1	142	6.454E-32	3	8223	8937	199	42	0.397	1.974E-01	258	314	339	8767	8937	171	8764	9054
117598336	-1	96	4.542E-18	1	26426	26755	1180	96	0.468	1.447E-18	82	191	192	-26755	-26426	330	26767	26174
126102414	1	65	9.753E-09	1	19824	20006	456	65	0.536	1.913E-08	44	104	105	19824	20006	183	19800	20243
127687421	1	68	1.219E-09	1	19815	20015	456	68	0.509	2.151E-09	38	105	107	19815	20015	201	19800	20243
129123495	1	64	1.951E-08	1	19821	20021	456	64	0.495	2.613E-08	43	109	133	19821	20021	201	19800	20243
129198749	1	70	3.048E-10	1	19821	20015	456	70	0.541	4.510E-10	39	103	105	19821	20015	195	19800	20243
130437586	1	64	1.951E-08	1	19824	20012	456	64	0.514	4.875E-08	44	106	108	19824	20012	189	19800	20243
131787947	1	81	1.488E-13	2	8617	9003	195	46	0.559	2.138E-03	3	42	151	8617	8736	120	8587	8760
131787947	1	81	1.488E-13	2	8617	9003	199	62	0.418	3.637E-08	71	150	151	8764	9003	240	8764	9054
131855794	-1	114	1.733E-23	1	26372	26755	1180	114	0.472	1.586E-24	1	129	141	-26755	-26372	384	26767	26174
131953478	1	61	1.561E-07	1	22825	23013	507	61	0.496	3.404E-06	32	94	123	22825	23013	189	22303	23013
131982794	1	105	8.871E-21	1	8223	8627	192	105	0.429	2.224E-22	19	153	179	8223	8627	405	8223	8660
138242884	1	94	1.817E-17	1	8232	8606	192	94	0.415	2.047E-18	0	123	148	8232	8606	375	8223	8660
138604574	1	64	1.951E-08	1	19821	20021	456	64	0.492	3.569E-08	44	110	134	19821	20021	201	19800	20243
145083884	1	70	3.048E-10	1	19821	20006	456	70	0.567	2.413E-10	37	98	99	19821	20006	186	19800	20243
145095383	1	69	6.096E-10	1	19821	20015	456	69	0.538	6.165E-10	39	103	105	19821	20015	195	19800	20243
145104806	1	67	2.438E-09	1	19821	20003	456	67	0.550	4.018E-09	39	99	105	19821	20003	183	19800	20243
146189522	1	67	2.438E-09	1	19827	20012	456	67	0.543	4.018E-09	39	100	103	19827	20012	186	19800	20243
146316134	1	358	6.129E-97	2	19636	20243	449	90	0.908	8.583E-19	3	48	188	19636	19773	138	19636	19803
146316134	1	358	6.129E-97	2	19636	20243	456	269	0.905	4.452E-79	47	187	188	19821	20243	423	19800	20243
146525525	1	95	9.084E-18	1	8259	8636	192	95	0.418	5.816E-19	47	172	219	8259	8636	378	8223	8660
146584246	1	63	3.901E-08	1	19827	20003	456	63	0.533	1.242E-07	41	99	102	19827	20003	177	19800	20243
152532057	1	119	5.414E-25	1	8232	8648	192	119	0.463	2.636E-27	1	139	254	8232	8648	417	8223	8660
152955089	1	66	4.877E-09	1	19824	20018	456	66	0.520	5.490E-09	41	105	106	19824	20018	195	19800	20243
153167946	1	106	4.435E-21	1	8268	8609	192	106	0.489	1.623E-22	10	123	145	8268	8609	342	8223	8660
154588062	1	111	1.386E-22	1	8274	8648	192	111	0.476	1.440E-24	0	124	176	8274	8648	375	8223	8660
155917986	1	75	9.525E-12	1	19824	20006	456	75	0.608	5.644E-12	41	101	122	19824	20006	183	19800	20243
160791942	1	66	4.877E-09	1	19824	19979	456	66	0.623	5.490E-09	29	80	102	19824	19979	156	19800	20243
160822349	1	67	2.438E-09	1	19824	20009	456	67	0.545	2.940E-09	46	107	109	19824	20009	186	19800	20243
161017466	1	67	2.438E-09	1	19824	20015	456	67	0.529	4.018E-09	44	107	110	19824	20015	192	19800	20243
161183996	-1	83	3.721E-14	1	26468	26755	1180	83	0.460	5.529E-14	8	103	104	-26755	-26468	288	26767	26174
166645559	-1	73	3.810E-11	1	26357	26761	1180	73	0.329	1.235E-10	13	147	260	-26761	-26357	405	26767	26174
170422614	1	80	2.977E-13	2	8223	8997	192	102	0.403	3.783E-21	81	222	371	8223	8648	426	8223	8660
170422614	1	80	2.977E-13	2	8223	8997	199	46	0.337	1.576E-02	292	369	371	8764	8997	234	8764	9054
171129509	1	66	4.877E-09	1	19821	20015	456	66	0.520	5.490E-09	39	103	105	19821	20015	195	19800	20243
175556965	1	57	2.497E-06	1	22825	23007	507	57	0.483	4.923E-05	14	74	80	22825	23007	183	22303	23013
175690639	1	61	1.561E-07	1	19821	19988	456	61	0.547	3.161E-07	42	97	103	19821	19988	168	19800	20243
181918195	-1	121	1.354E-25	1	26339	26755	1180	121	0.465	5.689E-27	27	166	169	-26755	-26339	417	26767	26174
184224763	1	65	9.753E-09	1	19821	20012	456	65	0.518	1.400E-08	38	101	104	19821	20012	192	19800	20243
186543468	1	63	3.901E-08	1	19818	20027	456	63	0.469	9.093E-08	37	106	128	19818	20027	210	19800	20243
190010627	1	61	1.561E-07	1	19827	20003	456	61	0.525	3.161E-07	42	100	103	19827	20003	177	19800	20243
195107732	1	139	5.163E-31	3	8226	8994	192	111	0.466	1.973E-24	142	269	442	8226	8609	384	8223	8660
195107732	1	139	5.163E-31	3	8226	8994	195	38	0.516	1.296E+00	284	319	442	8617	8724	108	8587	8760
195107732	1	139	5.163E-31	3	8226	8994	199	43	0.325	1.439E-01	361	437	442	8764	8994	231	8764	9054
197322526	1	63	3.901E-08	1	19824	19988	456	63	0.564	1.242E-07	46	100	105	19824	19988	165	19800	20243
197553300	1	66	4.877E-09	1	19815	20042	456	66	0.443	1.025E-08	40	118	128	19815	20042	228	19800	20243
197733482	1	66	4.877E-09	1	19815	20012	456	66	0.503	1.025E-08	39	105	106	19815	20012	198	19800	20243
202236655	1	63	3.901E-08	1	19824	20009	456	63	0.518	6.658E-08	40	101	102	19824	20009	186	19800	20243
204523772	1	66	4.877E-09	1	19821	20024	456	66	0.497	1.025E-08	40	107	126	19821	20024	204	19800	20243
204538126	1	63	3.901E-08	1	19824	20003	456	63	0.526	1.242E-07	40	99	102	19824	20003	180	19800	20243
204574185	1	75	9.525E-12	1	19821	20024	456	75	0.554	7.720E-12	45	112	135	19821	20024	204	19800	20243
204668284	1	66	4.877E-09	1	19815	20042	456	66	0.443	1.025E-08	40	118	128	19815	20042	228	19800	20243
214274257	1	64	1.951E-08	1	19827	20012	456	64	0.524	3.569E-08	39	100	103	19827	20012	186	19800	20243
216017884	1	74	1.905E-11	1	19821	20030	456	74	0.530	1.444E-11	51	121	131	19821	20030	210	19800	20243
218987251	-1	108	1.109E-21	1	26417	26755	1180	108	0.501	1.258E-22	97	209	211	-26755	-26417	339	26767	26174
218996967	1	64	1.951E-08	1	19821	20012	456	64	0.510	3.569E-08	38	101	104	19821	20012	192	19800	20243
219108708	1	94	1.817E-17	1	8265	8606	192	94	0.446	1.494E-18	9	122	135	8265	8606	342	8223	8660
219183708	1	64	1.951E-08	1	19821	20012	456	64	0.510	3.569E-08	41	104	107	19821	20012	192	19800	20243
225390929	1	63	3.901E-08	1	19821	19985	456	63	0.564	1.242E-07	46	100	106	19821	19985	165	19800	20243
226438503	1	65	9.753E-09	1	22825	23004	507	65	0.546	1.276E-07	21	80	107	22825	23004	180	22303	23013
231758695	1	65	9.753E-09	1	19815	20045	456	65	0.425	1.400E-08	41	123	132	19815	20045	231	19800	20243
231811123	1	99	5.677E-19	1	8232	8609	192	99	0.430	3.425E-20	1	126	229	8232	8609	378	8223	8660
233451958	1	63	3.901E-08	2	8617	8874	195	46	0.559	2.138E-03	3	42	134	8617	8736	120	8587	8760
233451958	1	63	3.901E-08	2	8617	8874	199	44	0.578	4.067E-02	71	107	134	8764	8874	111	8764	9054
233471350	1	103	3.548E-20	1	8223	8597	192	103	0.443	1.471E-21	3	128	206	8223	8597	375	8223	8660
233772054	1	98	1.135E-18	1	8247	8636	192	98	0.417	8.805E-20	14	143	221	8247	8636	390	8223	8660
233774013	1	100	2.839E-19	1	8244	8636	192	100	0.417	1.332E-20	16	148	172	8244	8636	393	8223	8660
233836704	1	63	3.901E-08	1	19821	20024	456	63	0.479	9.093E-08	42	109	131	19821	20024	204	19800	20243
233867628	1	49	6.392E-04	1	18692	18931	426	49	0.350	7.520E-04	11	88	148	18692	18931	240	18686	18961
233870235	1	63	3.901E-08	1	19821	20012	456	63	0.505	6.658E-08	39	102	103	19821	20012	192	19800	20243
241476761	1	64	1.951E-08	1	19800	20000	456	64	0.492	3.569E-08	19	85	88	19800	20000	201	19800	20243
248068596	-1	127	2.115E-27	1	26177	26650	1180	127	0.424	3.795E-29	3	169	191	-26650	-26177	474	26767	26174
248111575	1	132	6.609E-29	2	8226	8703	192	111	0.466	1.973E-24	0	127	274	8226	8609	384	8223	8660
248111575	1	132	6.609E-29	2	8226	8703	195	36	0.623	6.450E+00	144	170	274	8623	8703	81	8587	8760
248147891	1	66	4.877E-09	1	19821	20024	456	66	0.497	1.025E-08	40	107	126	19821	20024	204	19800	20243
248244609	1	100	2.839E-19	1	8223	8648	192	100	0.397	9.726E-21	3	145	227	8223	8648	426	8223	8660
248267163	1	66	4.877E-09	1	19821	20015	456	66	0.515	1.025E-08	41	105	107	19821	20015	195	19800	20243
248299626	1	64	1.951E-08	1	19824	20006	456	64	0.530	3.569E-08	41	101	113	19824	20006	183	19800	20243
255257156	1	63	3.901E-08	1	19821	20009	456	63	0.509	9.093E-08	41	103	104	19821	20009	189	19800	20243
256048482	1	66	4.877E-09	1	19815	20012	456	66	0.508	5.490E-09	39	105	106	19815	20012	198	19800	20243
262676879	1	111	1.386E-22	1	8226	8648	192	111	0.430	1.440E-24	47	189	259	8226	8648	423	8223	8660
262731857	-1	130	2.644E-28	1	26210	26752	1180	130	0.392	4.232E-30	60	249	319	-26752	-26210	543	26767	26174
262843405	1	104	1.774E-20	1	8223	8648	192	104	0.408	7.836E-22	81	221	275	8223	8648	426	8223	8660
267816688	1	138	1.033E-30	2	8226	8724	192	111	0.466	1.973E-24	19	146	320	8226	8609	384	8223	8660
267816688	1	138	1.033E-30	2	8226	8724	195	40	0.539	2.607E-01	161	196	320	8617	8724	108	8587	8760
273489490	1	65	9.753E-09	1	19821	20015	456	65	0.512	1.400E-08	37	101	103	19821	20015	195	19800	20243
274718143	1	96	4.542E-18	1	8271	8648	192	96	0.422	2.263E-19	11	136	212	8271	8648	378	8223	8660
277397744	1	101	1.419E-19	1	8247	8636	192	101	0.428	5.182E-21	14	143	217	8247	8636	390	8223	8660
277446106	-1	100	2.839E-19	1	26177	26581	1180	100	0.396	8.785E-20	13	155	263	-26581	-26177	405	26767	26174
283634794	1	63	3.901E-08	1	19821	20006	456	63	0.518	6.658E-08	42	103	104	19821	20006	186	19800	20243
283799164	1	69	6.096E-10	1	19821	20015	456	69	0.535	8.426E-10	39	103	105	19821	20015	195	19800	20243
285750939	1	66	4.877E-09	1	19824	20003	456	66	0.549	1.025E-08	44	103	105	19824	20003	180	19800	20243
288082177	1	64	1.951E-08	1	19821	20012	456	64	0.513	2.613E-08	42	105	119	19821	20012	192	19800	20243
289691574	1	63	3.901E-08	1	19824	20012	456	63	0.509	9.093E-08	38	100	103	19824	20012	189	19800	20243
290492863	1	68	1.219E-09	1	19821	20015	456	68	0.528	2.151E-09	39	103	105	19821	20015	195	19800	20243
290803214	1	62	7.803E-08	1	19821	19988	456	62	0.550	2.315E-07	41	96	103	19821	19988	168	19800	20243
291731984	-1	63	3.901E-08	1	24562	24753	1219	63	0.503	4.853E-09	41	101	103	-24753	-24562	192	24777	24559
291856754	1	63	3.901E-08	1	19824	20006	456	63	0.519	1.242E-07	43	103	104	19824	20006	183	19800	20243
291943259	1	106	4.435E-21	1	8223	8636	192	106	0.424	1.184E-22	69	206	207	8223	8636	414	8223	8660
292117382	1	65	9.753E-09	1	19824	20012	456	65	0.522	1.913E-08	40	102	105	19824	20012	189	19800	20243
298951746	1	133	3.305E-29	2	8274	8703	192	110	0.517	3.704E-24	0	110	257	8274	8606	333	8223	8660
298951746	1	133	3.305E-29	2	8274	8703	195	37	0.599	3.394E+00	126	154	257	8617	8703	87	8587	8760
302262699	1	65	9.753E-09	1	19821	20015	456	65	0.509	1.913E-08	39	103	105	19821	20015	195	19800	20243
306453704	1	66	4.877E-09	1	19824	20012	456	66	0.533	5.490E-09	43	105	107	19824	20012	189	19800	20243
306482841	1	99	5.677E-19	1	8247	8636	192	99	0.420	3.425E-20	19	148	163	8247	8636	390	8223	8660
306599059	1	61	1.561E-07	1	19821	19988	456	61	0.547	3.161E-07	42	97	103	19821	19988	168	19800	20243
315085014	1	65	9.753E-09	1	19821	20015	456	65	0.512	1.400E-08	41	105	108	19821	20015	195	19800	20243
316090269	1	63	3.901E-08	1	19824	19988	456	63	0.564	1.242E-07	46	100	105	19824	19988	165	19800	20243
316259241	1	80	2.977E-13	1	19821	20006	456	80	0.632	1.313E-13	43	104	118	19821	20006	186	19800	20243
318639213	1	66	4.877E-09	1	19827	20012	456	66	0.540	5.490E-09	40	101	104	19827	20012	186	19800	20243
319430347	1	68	1.219E-09	1	19821	20024	456	68	0.509	2.151E-09	44	111	132	19821	20024	204	19800	20243
319512968	1	63	3.901E-08	1	19821	19988	456	63	0.556	1.242E-07	41	96	103	19821	19988	168	19800	20243
319739388	1	64	1.951E-08	1	19821	20024	456	64	0.489	2.613E-08	43	110	134	19821	20024	204	19800	20243
320973261	1	54	1.998E-05	1	22825	23007	507	54	0.459	7.011E-04	29	89	92	22825	23007	183	22303	23013
321022274	1	103	3.548E-20	1	8223	8636	192	103	0.416	1.074E-21	41	178	208	8223	8636	414	8223	8660
321028260	1	102	7.097E-20	1	8232	8648	192	102	0.410	2.761E-21	1	139	275	8232	8648	417	8223	8660
321081436	1	72	7.620E-11	1	19824	20015	456	72	0.566	5.050E-11	44	107	110	19824	20015	192	19800	20243
321220421	1	66	4.877E-09	1	19821	20021	456	66	0.505	7.501E-09	20	86	131	19821	20021	201	19800	20243
330872179	-1	66	4.877E-09	1	26339	26548	1180	66	0.490	2.264E-08	5	74	93	-26548	-26339	210	26767	26174
334231136	1	62	7.803E-08	1	19821	20006	456	62	0.510	1.696E-07	53	114	116	19821	20006	186	19800	20243
335242901	1	85	9.302E-15	2	8617	9003	195	46	0.559	2.138E-03	3	42	151	8617	8736	120	8587	8760
335242901	1	85	9.302E-15	2	8617	9003	199	66	0.439	1.531E-09	71	150	151	8764	9003	240	8764	9054
335338965	-1	132	6.609E-29	1	26219	26755	1180	132	0.401	8.830E-31	39	225	231	-26755	-26219	537	26767	26174
335432900	-1	106	4.435E-21	1	26354	26752	1180	106	0.437	5.988E-22	2	134	135	-26752	-26354	399	26767	26174
335719881	1	66	4.877E-09	1	19827	20012	456	66	0.537	7.501E-09	39	100	103	19827	20012	186	19800	20243
335723655	1	68	1.219E-09	1	19821	20003	456	68	0.555	2.151E-09	36	96	99	19821	20003	183	19800	20243
342734091	1	97	2.271E-18	1	8277	8648	192	97	0.425	1.206E-19	3	128	168	8277	8648	372	8223	8660
343707684	1	63	3.901E-08	1	19821	20003	456	63	0.522	9.093E-08	36	96	99	19821	20003	183	19800	20243
344745233	1	77	2.381E-12	1	19821	20006	456	77	0.610	1.612E-12	43	104	119	19821	20006	186	19800	20243
346140530	1	64	1.951E-08	1	19821	20015	456	64	0.507	2.613E-08	39	103	105	19821	20015	195	19800	20243
349783812	1	64	1.951E-08	1	19821	20012	456	64	0.513	2.613E-08	43	106	122	19821	20012	192	19800	20243
358578000	1	63	3.901E-08	1	19821	20015	456	63	0.494	1.242E-07	42	106	109	19821	20015	195	19800	20243
359732245	1	63	3.901E-08	1	19821	20021	456	63	0.487	6.658E-08	44	110	131	19821	20021	201	19800	20243
360462541	1	64	1.951E-08	1	19824	20006	456	64	0.530	3.569E-08	41	101	113	19824	20006	183	19800	20243
360877133	-1	112	6.930E-23	1	26348	26680	1180	112	0.521	5.535E-24	0	111	187	-26680	-26348	333	26767	26174
361391534	1	66	4.877E-09	1	19821	20012	456	66	0.526	5.490E-09	35	98	101	19821	20012	192	19800	20243
361963819	1	64	1.951E-08	1	19824	20009	456	64	0.521	4.875E-08	40	101	102	19824	20009	186	19800	20243
364348046	1	66	4.877E-09	1	19824	19985	456	66	0.604	5.490E-09	42	95	99	19824	19985	162	19800	20243
364488416	-1	128	1.057E-27	1	26174	26755	1180	128	0.369	2.774E-29	88	290	362	-26755	-26174	582	26767	26174
364695193	-1	90	2.907E-16	1	26420	26755	1180	90	0.436	2.850E-16	59	170	183	-26755	-26420	336	26767	26174
370589793	1	64	1.951E-08	1	19821	20015	456	64	0.501	4.875E-08	39	103	105	19821	20015	195	19800	20243
372733250	1	67	2.438E-09	1	19821	20027	456	67	0.498	4.018E-09	37	105	121	19821	20027	207	19800	20243
373572942	1	64	1.951E-08	1	19821	20003	456	64	0.530	3.569E-08	39	99	105	19821	20003	183	19800	20243
373811163	1	109	5.544E-22	1	8274	8648	192	109	0.469	6.956E-24	10	134	175	8274	8648	375	8223	8660
374316425	-1	113	3.465E-23	1	26183	26698	1180	113	0.368	2.962E-24	0	179	320	-26698	-26183	516	26767	26174
377464084	-1	72	7.620E-11	1	26252	26539	1180	72	0.389	3.104E-10	1	104	105	-26539	-26252	288	26767	26174
378895094	1	62	7.803E-08	1	19821	20000	456	62	0.521	2.315E-07	45	104	105	19821	20000	180	19800	20243
379064896	1	109	5.544E-22	1	8223	8621	192	109	0.447	6.956E-24	76	208	245	8223	8621	399	8223	8660
379130838	1	64	1.951E-08	1	19821	20006	456	64	0.524	3.569E-08	43	104	105	19821	20006	186	19800	20243
379187356	1	104	1.774E-20	1	8223	8636	192	104	0.417	7.836E-22	21	158	229	8223	8636	414	8223	8660
379282475	1	63	3.901E-08	1	19821	20006	456	63	0.518	6.658E-08	61	122	123	19821	20006	186	19800	20243
379303083	1	52	7.990E-05	1	18725	18937	426	52	0.397	8.174E-05	7	77	134	18725	18937	213	18686	18961
387070011	1	63	3.901E-08	1	19824	20003	456	63	0.526	1.242E-07	40	99	102	19824	20003	180	19800	20243
389545143	-1	139	5.163E-31	1	26174	26755	1180	139	0.375	2.281E-33	20	237	251	-26755	-26174	582	26767	26174
393484329	1	104	1.774E-20	1	8274	8606	192	104	0.491	7.836E-22	9	119	124	8274	8606	333	8223	8660
393548404	-1	86	4.651E-15	1	26348	26623	1180	86	0.488	6.332E-15	0	91	120	-26623	-26348	276	26767	26174
393630953	1	55	9.988E-06	1	22855	23007	507	55	0.541	2.157E-04	1	51	79	22855	23007	153	22303	23013
393660822	1	103	3.548E-20	1	8223	8597	192	103	0.443	1.471E-21	36	161	239	8223	8597	375	8223	8660
393917031	1	106	4.435E-21	1	8226	8648	192	106	0.419	8.645E-23	10	149	203	8226	8648	423	8223	8660
402892215	1	64	1.951E-08	1	19824	20012	456	64	0.517	3.569E-08	44	106	108	19824	20012	189	19800	20243
405592149	1	66	4.877E-09	1	19821	19988	456	66	0.580	1.025E-08	41	96	103	19821	19988	168	19800	20243
406020294	1	64	1.951E-08	1	19821	20012	456	64	0.508	4.875E-08	43	106	107	19821	20012	192	19800	20243
408201845	1	104	1.774E-20	1	8223	8597	192	104	0.449	4.174E-22	33	158	185	8223	8597	375	8223	8660
408275070	1	95	9.084E-18	1	8262	8636	192	95	0.421	5.816E-19	0	124	202	8262	8636	375	8223	8660
415920936	1	68	1.219E-09	1	19824	20012	456	68	0.541	2.151E-09	44	106	107	19824	20012	189	19800	20243
416226005	1	68	1.219E-09	1	19824	20012	456	68	0.546	1.152E-09	44	106	107	19824	20012	189	19800	20243
420514035	-1	106	4.435E-21	1	26177	26617	1180	106	0.386	8.181E-22	0	156	273	-26617	-26177	441	26767	26174
422714891	1	63	3.901E-08	1	19821	20012	456	63	0.503	9.093E-08	38	101	104	19821	20012	192	19800	20243
422743177	1	100	2.839E-19	1	8223	8660	192	100	0.387	9.726E-21	32	179	195	8223	8660	438	8223	8660
428825951	1	62	7.803E-08	1	19824	20006	456	62	0.517	1.696E-07	43	103	106	19824	20006	183	19800	20243
430704927	1	63	3.901E-08	1	19827	20003	456	63	0.533	1.242E-07	41	99	102	19827	20003	177	19800	20243
431339423	1	72	7.620E-11	1	19824	20015	456	72	0.566	5.050E-11	44	107	110	19824	20015	192	19800	20243
433596166	1	67	2.438E-09	1	19827	20012	456	67	0.545	2.940E-09	39	100	103	19827	20012	186	19800	20243
435305925	1	62	7.803E-08	1	19821	20012	456	62	0.497	1.696E-07	39	102	103	19821	20012	192	19800	20243
436021911	1	63	3.901E-08	1	19821	20015	456	63	0.499	6.658E-08	39	103	105	19821	20015	195	19800	20243
437255716	1	52	7.990E-05	1	22834	23007	507	52	0.465	2.271E-03	27	84	92	22834	23007	174	22303	23013
437256470	1	63	3.901E-08	1	19821	20012	456	63	0.500	1.242E-07	38	101	104	19821	20012	192	19800	20243
437351072	1	62	7.803E-08	1	19821	19988	456	62	0.550	2.315E-07	41	96	103	19821	19988	168	19800	20243
437404427	-1	90	2.907E-16	1	26420	26755	1180	90	0.436	2.850E-16	59	170	183	-26755	-26420	336	26767	26174
437475965	1	64	1.951E-08	1	19821	20015	456	64	0.501	4.875E-08	42	106	109	19821	20015	195	19800	20243
444955780	1	65	9.753E-09	1	19815	20012	456	65	0.500	1.400E-08	40	106	108	19815	20012	198	19800	20243
445728075	-1	70	3.048E-10	1	26348	26524	1180	70	0.588	1.440E-09	0	58	115	-26524	-26348	177	26767	26174
449634896	1	67	2.438E-09	1	19824	20012	456	67	0.536	4.018E-09	44	106	108	19824	20012	189	19800	20243
451561106	1	61	1.561E-07	1	19821	20009	456	61	0.493	5.891E-07	44	106	109	19821	20009	189	19800	20243
451895692	1	103	3.548E-20	1	8247	8636	192	103	0.433	1.471E-21	19	148	204	8247	8636	390	8223	8660
460936519	1	63	3.901E-08	1	19821	20015	456	63	0.497	9.093E-08	41	105	108	19821	20015	195	19800	20243
461216382	1	104	1.774E-20	1	8232	8648	192	104	0.415	7.836E-22	0	137	153	8232	8648	417	8223	8660
461392198	1	64	1.951E-08	1	19821	20027	456	64	0.484	2.613E-08	42	110	131	19821	20027	207	19800	20243
462661242	1	63	3.901E-08	1	19821	20003	456	63	0.522	9.093E-08	43	103	106	19821	20003	183	19800	20243
 