222085	1	298	7.066E-79	5	1262	2117	22	45	0.530	7.456E-03	30	71	226	1262	1387	126	1235	1447
222085	1	298	7.066E-79	5	1262	2117	27	96	0.721	2.857E-19	72	135	226	1450	1641	192	1390	1797
222085	1	298	7.066E-79	5	1262	2117	28	56	0.786	5.952E-07	135	167	226	1712	1810	99	1655	1816
222085	1	298	7.066E-79	5	1262	2117	31	32	0.666	2.488E+01	168	189	226	1880	1945	66	1874	1945
222085	1	298	7.066E-79	5	1262	2117	36	64	0.828	4.606E-10	190	225	226	2010	2117	108	1983	2117
457876	1	198	8.957E-49	3	1262	1810	22	44	0.512	1.412E-02	34	75	234	1262	1390	129	1235	1447
457876	1	198	8.957E-49	3	1262	1810	27	92	0.704	6.673E-18	76	138	234	1453	1641	189	1390	1797
457876	1	198	8.957E-49	3	1262	1810	28	61	0.854	9.419E-09	138	170	234	1712	1810	99	1655	1816
613230	1	246	3.182E-63	4	1453	2114	27	98	0.715	5.909E-20	76	141	229	1453	1650	198	1390	1797
613230	1	246	3.182E-63	4	1453	2114	28	55	0.776	1.127E-06	138	170	229	1712	1810	99	1655	1816
613230	1	246	3.182E-63	4	1453	2114	31	32	0.658	3.432E+01	171	192	229	1880	1945	66	1874	1945
613230	1	246	3.182E-63	4	1453	2114	36	61	0.810	5.897E-09	193	227	229	2010	2114	105	1983	2117
632009	1	257	1.554E-66	4	1262	2117	22	52	0.615	2.396E-05	136	175	330	1262	1384	123	1235	1447
632009	1	257	1.554E-66	4	1262	2117	27	98	0.760	3.146E-20	178	239	330	1456	1641	186	1390	1797
632009	1	257	1.554E-66	4	1262	2117	28	63	0.880	1.914E-09	239	271	330	1712	1810	99	1655	1816
632009	1	257	1.554E-66	4	1262	2117	36	65	0.838	2.435E-10	294	329	330	2010	2117	108	1983	2117
704314	1	296	2.826E-78	5	1262	2117	22	53	0.623	1.266E-05	31	70	225	1262	1384	123	1235	1447
704314	1	296	2.826E-78	5	1262	2117	27	91	0.699	1.253E-17	72	134	225	1453	1641	189	1390	1797
704314	1	296	2.826E-78	5	1262	2117	28	53	0.750	5.560E-06	134	166	225	1712	1810	99	1655	1816
704314	1	296	2.826E-78	5	1262	2117	31	34	0.726	6.882E+00	168	188	225	1883	1945	63	1874	1945
704314	1	296	2.826E-78	5	1262	2117	36	60	0.781	1.116E-08	189	224	225	2010	2117	108	1983	2117
978094	1	92	7.267E-17	1	1453	1641	27	92	0.704	6.673E-18	42	104	114	1453	1641	189	1390	1797
12935278	1	200	2.239E-49	3	1453	2117	27	98	0.749	3.146E-20	75	137	228	1453	1641	189	1390	1797
12935278	1	200	2.239E-49	3	1453	2117	28	57	0.802	2.285E-07	137	169	228	1712	1810	99	1655	1816
12935278	1	200	2.239E-49	3	1453	2117	36	66	0.856	6.811E-11	192	227	228	2010	2117	108	1983	2117
15199217	1	183	2.935E-44	3	1453	1945	27	95	0.697	5.366E-19	61	126	213	1453	1650	198	1390	1797
15199217	1	183	2.935E-44	3	1453	1945	28	57	0.797	3.144E-07	123	155	213	1712	1810	99	1655	1816
15199217	1	183	2.935E-44	3	1453	1945	31	33	0.673	1.804E+01	156	177	213	1880	1945	66	1874	1945
15229754	1	298	7.066E-79	5	1262	2117	22	50	0.578	1.622E-04	43	83	240	1262	1387	126	1235	1447
15229754	1	298	7.066E-79	5	1262	2117	27	103	0.779	9.808E-22	83	145	240	1450	1638	189	1390	1797
15229754	1	298	7.066E-79	5	1262	2117	28	54	0.853	2.936E-06	153	181	240	1724	1810	87	1655	1816
15229754	1	298	7.066E-79	5	1262	2117	31	33	0.718	9.489E+00	183	203	240	1883	1945	63	1874	1945
15229754	1	298	7.066E-79	5	1262	2117	36	60	0.781	1.116E-08	204	239	240	2010	2117	108	1983	2117
15409478	1	91	1.453E-16	1	1450	1650	27	91	0.666	9.144E-18	41	107	114	1450	1650	201	1390	1797
28901769	1	299	3.533E-79	5	1262	2117	22	44	0.523	2.673E-02	27	66	221	1262	1384	123	1235	1447
28901769	1	299	3.533E-79	5	1262	2117	27	96	0.705	2.085E-19	68	133	221	1453	1650	198	1390	1797
28901769	1	299	3.533E-79	5	1262	2117	28	60	0.838	2.451E-08	130	162	221	1712	1810	99	1655	1816
28901769	1	299	3.533E-79	5	1262	2117	31	35	0.759	1.906E+00	164	184	221	1883	1945	63	1874	1945
28901769	1	299	3.533E-79	5	1262	2117	36	62	0.800	3.117E-09	185	220	221	2010	2117	108	1983	2117
29400140	1	293	2.261E-77	5	1262	2117	22	49	0.574	2.231E-04	43	83	241	1262	1387	126	1235	1447
29400140	1	293	2.261E-77	5	1262	2117	27	100	0.760	8.914E-21	84	146	241	1450	1638	189	1390	1797
29400140	1	293	2.261E-77	5	1262	2117	28	51	0.817	1.995E-05	154	182	241	1724	1810	87	1655	1816
29400140	1	293	2.261E-77	5	1262	2117	31	33	0.701	1.804E+01	184	204	241	1883	1945	63	1874	1945
29400140	1	293	2.261E-77	5	1262	2117	36	61	0.790	5.897E-09	205	240	241	2010	2117	108	1983	2117
29702306	1	200	2.239E-49	3	1453	2114	27	96	0.731	2.857E-19	74	136	227	1453	1641	189	1390	1797
29702306	1	200	2.239E-49	3	1453	2114	28	58	0.812	1.207E-07	136	168	227	1712	1810	99	1655	1816
29702306	1	200	2.239E-49	3	1453	2114	36	67	0.888	3.602E-11	191	225	227	2010	2114	105	1983	2117
29779517	1	300	1.766E-79	5	1262	2117	22	50	0.578	1.622E-04	43	83	240	1262	1387	126	1235	1447
29779517	1	300	1.766E-79	5	1262	2117	27	104	0.789	2.778E-22	83	145	240	1450	1638	189	1390	1797
29779517	1	300	1.766E-79	5	1262	2117	28	54	0.853	2.936E-06	153	181	240	1724	1810	87	1655	1816
29779517	1	300	1.766E-79	5	1262	2117	31	33	0.718	9.489E+00	183	203	240	1883	1945	63	1874	1945
29779517	1	300	1.766E-79	5	1262	2117	36	61	0.795	4.287E-09	204	239	240	2010	2117	108	1983	2117
29822532	1	194	1.433E-47	3	1262	1810	22	55	0.592	3.540E-06	44	87	241	1262	1396	135	1235	1447
29822532	1	194	1.433E-47	3	1262	1810	27	97	0.741	8.098E-20	84	146	241	1450	1638	189	1390	1797
29822532	1	194	1.433E-47	3	1262	1810	28	51	0.806	3.780E-05	154	182	241	1724	1810	87	1655	1816
29868534	1	239	4.073E-61	4	1262	2114	22	44	0.528	1.943E-02	7	47	203	1262	1384	123	1235	1447
29868534	1	239	4.073E-61	4	1262	2114	27	98	0.747	4.311E-20	49	111	203	1453	1641	189	1390	1797
29868534	1	239	4.073E-61	4	1262	2114	28	57	0.802	2.285E-07	111	143	203	1712	1810	99	1655	1816
29868534	1	239	4.073E-61	4	1262	2114	36	59	0.791	2.111E-08	166	200	203	2010	2114	105	1983	2117
37101944	1	186	3.669E-45	3	1450	1945	27	94	0.708	1.381E-18	72	135	225	1450	1641	192	1390	1797
37101944	1	186	3.669E-45	3	1450	1945	28	57	0.797	3.144E-07	135	167	225	1712	1810	99	1655	1816
37101944	1	186	3.669E-45	3	1450	1945	31	34	0.697	6.882E+00	168	189	225	1880	1945	66	1874	1945
40688919	1	200	2.239E-49	3	1453	2117	27	98	0.749	3.146E-20	75	137	228	1453	1641	189	1390	1797
40688919	1	200	2.239E-49	3	1453	2117	28	57	0.802	2.285E-07	137	169	228	1712	1810	99	1655	1816
40688919	1	200	2.239E-49	3	1453	2117	36	66	0.856	6.811E-11	192	227	228	2010	2117	108	1983	2117
43839754	1	91	1.453E-16	1	1453	1650	27	91	0.669	1.717E-17	45	110	123	1453	1650	198	1390	1797
44021201	1	214	1.367E-53	4	1262	2114	22	48	0.573	5.809E-04	33	72	305	1262	1384	123	1235	1447
44021201	1	214	1.367E-53	4	1262	2114	27	102	0.760	2.526E-21	75	138	305	1450	1641	192	1390	1797
44021201	1	214	1.367E-53	4	1262	2114	31	34	0.697	6.882E+00	170	191	305	1880	1945	66	1874	1945
44021201	1	214	1.367E-53	4	1262	2114	36	59	0.781	3.996E-08	192	226	305	2010	2114	105	1983	2117
44447300	1	164	1.539E-38	3	1262	2117	22	50	0.590	1.622E-04	91	130	286	1262	1384	123	1235	1447
44447300	1	164	1.539E-38	3	1262	2117	27	90	0.691	3.224E-17	132	194	286	1453	1641	189	1390	1797
44447300	1	164	1.539E-38	3	1262	2117	36	63	0.617	8.711E-10	236	285	286	1989	2117	129	1983	2117
44453578	1	55	9.988E-06	1	1013	1129	18	55	0.676	5.776E-06	9	47	61	1013	1129	117	941	1231
44559725	1	201	1.120E-49	4	1010	1945	18	72	0.392	1.321E-11	1	102	296	1010	1216	207	941	1231
44559725	1	201	1.120E-49	4	1010	1945	22	44	0.477	1.412E-02	98	144	296	1262	1399	138	1235	1447
44559725	1	201	1.120E-49	4	1010	1945	27	90	0.691	3.224E-17	142	204	296	1453	1641	189	1390	1797
44559725	1	201	1.120E-49	4	1010	1945	31	31	0.634	9.008E+01	237	258	296	1880	1945	66	1874	1945
44564991	1	93	3.633E-17	1	1453	1641	27	93	0.709	3.554E-18	42	104	114	1453	1641	189	1390	1797
58377414	1	215	6.834E-54	4	1262	2114	22	48	0.573	5.809E-04	33	72	232	1262	1384	123	1235	1447
58377414	1	215	6.834E-54	4	1262	2114	27	93	0.687	1.892E-18	74	139	232	1453	1650	198	1390	1797
58377414	1	215	6.834E-54	4	1262	2114	31	35	0.729	1.906E+00	166	187	232	1880	1945	66	1874	1945
58377414	1	215	6.834E-54	4	1262	2114	36	61	0.805	8.112E-09	188	222	232	2010	2114	105	1983	2117
58475746	1	137	2.065E-30	2	1268	1641	22	44	0.554	1.412E-02	1	38	112	1268	1384	117	1235	1447
58475746	1	137	2.065E-30	2	1268	1641	27	92	0.704	6.673E-18	40	102	112	1453	1641	189	1390	1797
58559946	1	191	1.147E-46	3	1262	1810	22	41	0.468	2.499E-01	30	72	231	1262	1393	132	1235	1447
58559946	1	191	1.147E-46	3	1262	1810	27	93	0.687	1.892E-18	73	138	231	1453	1650	198	1390	1797
58559946	1	191	1.147E-46	3	1262	1810	28	59	0.833	3.372E-08	135	167	231	1712	1810	99	1655	1816
58576389	1	213	2.733E-53	3	1453	2117	27	96	0.731	2.857E-19	73	135	226	1453	1641	189	1390	1797
58576389	1	213	2.733E-53	3	1453	2117	28	59	0.828	4.638E-08	135	167	226	1712	1810	99	1655	1816
58576389	1	213	2.733E-53	3	1453	2117	36	65	0.631	2.435E-10	176	225	226	1989	2117	129	1983	2117
58586510	1	94	1.817E-17	1	1453	1650	27	94	0.692	1.008E-18	41	106	113	1453	1650	198	1390	1797
59100105	1	170	2.404E-40	3	1013	1810	18	55	0.326	1.088E-05	6	105	300	1013	1210	198	941	1231
59100105	1	170	2.404E-40	3	1013	1810	27	94	0.720	1.008E-18	146	208	300	1453	1641	189	1390	1797
59100105	1	170	2.404E-40	3	1013	1810	28	60	0.843	1.782E-08	208	240	300	1712	1810	99	1655	1816
59463630	1	201	1.120E-49	3	1450	2114	27	95	0.718	3.915E-19	73	136	229	1450	1641	192	1390	1797
59463630	1	201	1.120E-49	3	1450	2114	28	63	0.834	1.914E-09	134	168	229	1706	1810	105	1655	1816
59463630	1	201	1.120E-49	3	1450	2114	36	64	0.808	4.606E-10	189	225	229	2004	2114	111	1983	2117
65271731	1	200	2.239E-49	3	1453	2117	27	98	0.749	3.146E-20	75	137	228	1453	1641	189	1390	1797
65271731	1	200	2.239E-49	3	1453	2117	28	57	0.802	2.285E-07	137	169	228	1712	1810	99	1655	1816
65271731	1	200	2.239E-49	3	1453	2117	36	66	0.856	6.811E-11	192	227	228	2010	2117	108	1983	2117
68313418	1	246	3.182E-63	4	1453	2114	27	98	0.715	5.909E-20	76	141	229	1453	1650	198	1390	1797
68313418	1	246	3.182E-63	4	1453	2114	28	55	0.776	1.127E-06	138	170	229	1712	1810	99	1655	1816
68313418	1	246	3.182E-63	4	1453	2114	31	32	0.658	3.432E+01	171	192	229	1880	1945	66	1874	1945
68313418	1	246	3.182E-63	4	1453	2114	36	61	0.810	5.897E-09	193	227	229	2010	2114	105	1983	2117
72921382	1	171	1.202E-40	3	1262	2117	22	55	0.631	2.574E-06	32	72	226	1262	1387	126	1235	1447
72921382	1	171	1.202E-40	3	1262	2117	27	94	0.713	7.353E-19	72	135	226	1450	1641	192	1390	1797
72921382	1	171	1.202E-40	3	1262	2117	36	61	0.600	4.287E-09	176	225	226	1989	2117	129	1983	2117
72924744	1	156	3.939E-36	3	1262	2117	22	51	0.590	6.233E-05	32	72	227	1262	1387	126	1235	1447
72924744	1	156	3.939E-36	3	1262	2117	27	95	0.716	5.366E-19	72	135	227	1450	1641	192	1390	1797
72924744	1	156	3.939E-36	3	1262	2117	36	64	0.828	4.606E-10	191	226	227	2010	2117	108	1983	2117
72952662	1	246	3.182E-63	4	1453	2114	27	98	0.715	5.909E-20	76	141	229	1453	1650	198	1390	1797
72952662	1	246	3.182E-63	4	1453	2114	28	55	0.776	1.127E-06	138	170	229	1712	1810	99	1655	1816
72952662	1	246	3.182E-63	4	1453	2114	31	32	0.658	3.432E+01	171	192	229	1880	1945	66	1874	1945
72952662	1	246	3.182E-63	4	1453	2114	36	61	0.810	5.897E-09	193	227	229	2010	2114	105	1983	2117
72981076	1	305	5.520E-81	5	1262	2114	22	53	0.614	9.208E-06	171	211	365	1262	1387	126	1235	1447
72981076	1	305	5.520E-81	5	1262	2114	27	98	0.739	3.146E-20	211	274	365	1450	1641	192	1390	1797
72981076	1	305	5.520E-81	5	1262	2114	28	61	0.848	1.296E-08	274	306	365	1712	1810	99	1655	1816
72981076	1	305	5.520E-81	5	1262	2114	31	31	0.634	9.008E+01	307	328	365	1880	1945	66	1874	1945
72981076	1	305	5.520E-81	5	1262	2114	36	63	0.738	1.648E-09	324	363	365	1995	2114	120	1983	2117
73145220	1	150	2.521E-34	3	1262	2114	22	52	0.602	2.396E-05	33	73	232	1262	1387	126	1235	1447
73145220	1	150	2.521E-34	3	1262	2114	27	93	0.705	1.892E-18	73	136	232	1450	1641	192	1390	1797
73145220	1	150	2.521E-34	3	1262	2114	36	58	0.776	5.497E-08	191	225	232	2010	2114	105	1983	2117
73229281	1	143	3.227E-32	2	1268	1641	22	47	0.568	2.081E-03	1	39	113	1268	1387	120	1235	1447
73229281	1	143	3.227E-32	2	1268	1641	27	95	0.725	5.366E-19	41	103	113	1453	1641	189	1390	1797
73339029	1	256	3.108E-66	4	1262	2117	22	49	0.570	3.070E-04	33	73	228	1262	1387	126	1235	1447
73339029	1	256	3.108E-66	4	1262	2117	27	93	0.712	2.593E-18	75	137	228	1453	1641	189	1390	1797
73339029	1	256	3.108E-66	4	1262	2117	28	58	0.817	8.777E-08	137	169	228	1712	1810	99	1655	1816
73339029	1	256	3.108E-66	4	1262	2117	36	63	0.639	8.711E-10	180	227	228	1995	2117	123	1983	2117
73673673	1	173	3.006E-41	3	971	1810	18	66	0.344	1.115E-09	10	122	317	971	1210	240	941	1231
73673673	1	173	3.006E-41	3	971	1810	27	91	0.701	9.144E-18	163	225	317	1453	1641	189	1390	1797
73673673	1	173	3.006E-41	3	971	1810	28	56	0.862	4.326E-07	228	257	317	1721	1810	90	1655	1816
73733851	1	90	2.907E-16	1	1453	1641	27	90	0.693	2.353E-17	42	104	114	1453	1641	189	1390	1797
73920739	1	239	4.073E-61	4	1262	2114	22	44	0.523	2.673E-02	7	47	203	1262	1384	123	1235	1447
73920739	1	239	4.073E-61	4	1262	2114	27	98	0.747	4.311E-20	49	111	203	1453	1641	189	1390	1797
73920739	1	239	4.073E-61	4	1262	2114	28	57	0.802	2.285E-07	111	143	203	1712	1810	99	1655	1816
73920739	1	239	4.073E-61	4	1262	2114	36	59	0.791	2.111E-08	166	200	203	2010	2114	105	1983	2117
80776226	1	193	2.866E-47	3	1262	1810	22	44	0.513	2.673E-02	30	71	245	1262	1387	126	1235	1447
80776226	1	193	2.866E-47	3	1262	1810	27	93	0.712	2.593E-18	73	135	245	1453	1641	189	1390	1797
80776226	1	193	2.866E-47	3	1262	1810	28	55	0.776	1.127E-06	135	167	245	1712	1810	99	1655	1816
84530030	1	183	2.935E-44	3	1453	1945	27	93	0.709	3.554E-18	76	138	230	1453	1641	189	1390	1797
84530030	1	183	2.935E-44	3	1453	1945	28	58	0.817	8.777E-08	138	170	230	1712	1810	99	1655	1816
84530030	1	183	2.935E-44	3	1453	1945	31	31	0.634	9.008E+01	171	192	230	1880	1945	66	1874	1945
87638501	1	207	1.749E-51	4	1262	2114	22	46	0.552	2.863E-03	32	71	234	1262	1384	123	1235	1447
87638501	1	207	1.749E-51	4	1262	2114	27	96	0.733	2.085E-19	73	135	234	1453	1641	189	1390	1797
87638501	1	207	1.749E-51	4	1262	2114	31	32	0.685	3.432E+01	167	187	234	1883	1945	63	1874	1945
87638501	1	207	1.749E-51	4	1262	2114	36	60	0.800	1.116E-08	188	222	234	2010	2114	105	1983	2117
87681829	1	248	7.956E-64	4	1262	2117	22	50	0.582	1.179E-04	31	71	226	1262	1387	126	1235	1447
87681829	1	248	7.956E-64	4	1262	2117	27	94	0.723	7.353E-19	73	135	226	1453	1641	189	1390	1797
87681829	1	248	7.956E-64	4	1262	2117	28	60	0.838	2.451E-08	135	167	226	1712	1810	99	1655	1816
87681829	1	248	7.956E-64	4	1262	2117	36	63	0.809	1.648E-09	190	225	226	2010	2117	108	1983	2117
96411637	1	298	7.066E-79	5	1262	2117	22	41	0.499	1.816E-01	27	66	221	1262	1384	123	1235	1447
96411637	1	298	7.066E-79	5	1262	2117	27	100	0.730	8.914E-21	68	133	221	1453	1650	198	1390	1797
96411637	1	298	7.066E-79	5	1262	2117	28	56	0.792	4.326E-07	130	162	221	1712	1810	99	1655	1816
96411637	1	298	7.066E-79	5	1262	2117	31	35	0.759	1.906E+00	164	184	221	1883	1945	63	1874	1945
96411637	1	298	7.066E-79	5	1262	2117	36	64	0.823	6.334E-10	185	220	221	2010	2117	108	1983	2117
102020508	1	154	1.576E-35	3	1262	2114	22	39	0.465	1.234E+00	31	72	228	1262	1384	123	1235	1447
102020508	1	154	1.576E-35	3	1262	2114	27	106	0.768	7.870E-23	74	139	228	1453	1650	198	1390	1797
102020508	1	154	1.576E-35	3	1262	2114	36	58	0.776	5.497E-08	191	225	228	2010	2114	105	1983	2117
102036600	1	144	1.614E-32	2	1268	1641	22	47	0.580	2.081E-03	1	38	112	1268	1384	117	1235	1447
102036600	1	144	1.614E-32	2	1268	1641	27	96	0.733	2.085E-19	40	102	112	1453	1641	189	1390	1797
102211118	1	246	3.182E-63	4	1453	2114	27	98	0.715	5.909E-20	76	141	229	1453	1650	198	1390	1797
102211118	1	246	3.182E-63	4	1453	2114	28	55	0.776	1.127E-06	138	170	229	1712	1810	99	1655	1816
102211118	1	246	3.182E-63	4	1453	2114	31	32	0.658	3.432E+01	171	192	229	1880	1945	66	1874	1945
102211118	1	246	3.182E-63	4	1453	2114	36	61	0.810	5.897E-09	193	227	229	2010	2114	105	1983	2117
102261815	1	155	7.879E-36	3	1262	1945	22	52	0.615	2.396E-05	30	69	223	1262	1384	123	1235	1447
102261815	1	155	7.879E-36	3	1262	1945	27	98	0.744	5.909E-20	71	133	223	1453	1641	189	1390	1797
102261815	1	155	7.879E-36	3	1262	1945	31	34	0.705	4.992E+00	165	186	223	1880	1945	66	1874	1945
102265021	1	245	6.364E-63	4	1262	2117	22	51	0.606	4.532E-05	136	175	332	1262	1384	123	1235	1447
102265021	1	245	6.364E-63	4	1262	2117	27	94	0.727	1.381E-18	178	239	332	1456	1641	186	1390	1797
102265021	1	245	6.364E-63	4	1262	2117	28	64	0.942	1.012E-09	243	273	332	1718	1810	93	1655	1816
102265021	1	245	6.364E-63	4	1262	2117	36	59	0.771	2.111E-08	296	331	332	2010	2117	108	1983	2117
102357855	1	184	1.468E-44	3	1450	1945	27	95	0.718	3.915E-19	70	133	223	1450	1641	192	1390	1797
102357855	1	184	1.468E-44	3	1450	1945	28	56	0.786	5.952E-07	133	165	223	1712	1810	99	1655	1816
102357855	1	184	1.468E-44	3	1450	1945	31	32	0.666	2.488E+01	166	187	223	1880	1945	66	1874	1945
102472171	1	147	2.017E-33	3	1262	1945	22	47	0.557	2.081E-03	32	71	234	1262	1384	123	1235	1447
102472171	1	147	2.017E-33	3	1262	1945	27	96	0.731	2.857E-19	73	135	234	1453	1641	189	1390	1797
102472171	1	147	2.017E-33	3	1262	1945	31	33	0.701	1.804E+01	167	187	234	1883	1945	63	1874	1945
102493970	1	268	7.587E-70	4	1262	2114	22	54	0.635	4.869E-06	16	55	210	1262	1384	123	1235	1447
102493970	1	268	7.587E-70	4	1262	2114	27	104	0.795	5.220E-22	58	119	210	1456	1641	186	1390	1797
102493970	1	268	7.587E-70	4	1262	2114	28	66	0.999	2.058E-10	122	151	210	1721	1810	90	1655	1816
102493970	1	268	7.587E-70	4	1262	2114	36	66	0.869	1.288E-10	174	208	210	2010	2114	105	1983	2117
102581139	1	202	5.598E-50	4	1046	1945	18	53	0.346	5.299E-05	2	89	284	1046	1210	165	941	1231
102581139	1	202	5.598E-50	4	1046	1945	22	52	0.587	3.295E-05	87	129	284	1262	1387	126	1235	1447
102581139	1	202	5.598E-50	4	1046	1945	27	97	0.731	8.098E-20	129	192	284	1450	1641	192	1390	1797
102581139	1	202	5.598E-50	4	1046	1945	31	34	0.767	4.992E+00	227	246	284	1886	1945	60	1874	1945
102755622	1	173	3.006E-41	3	947	1816	18	65	0.323	2.884E-09	1	122	317	947	1210	264	941	1231
102755622	1	173	3.006E-41	3	947	1816	27	91	0.701	9.144E-18	163	225	317	1453	1641	189	1390	1797
102755622	1	173	3.006E-41	3	947	1816	28	57	0.819	3.144E-07	228	259	317	1721	1816	96	1655	1816
103004081	1	240	2.037E-61	4	1262	2114	22	44	0.528	1.943E-02	7	47	203	1262	1384	123	1235	1447
103004081	1	240	2.037E-61	4	1262	2114	27	98	0.747	4.311E-20	49	111	203	1453	1641	189	1390	1797
103004081	1	240	2.037E-61	4	1262	2114	28	57	0.802	2.285E-07	111	143	203	1712	1810	99	1655	1816
103004081	1	240	2.037E-61	4	1262	2114	36	60	0.795	1.535E-08	166	200	203	2010	2114	105	1983	2117
103004395	1	239	4.073E-61	4	1262	2114	22	44	0.532	1.412E-02	7	47	203	1262	1384	123	1235	1447
103004395	1	239	4.073E-61	4	1262	2114	27	98	0.747	4.311E-20	49	111	203	1453	1641	189	1390	1797
103004395	1	239	4.073E-61	4	1262	2114	28	57	0.802	2.285E-07	111	143	203	1712	1810	99	1655	1816
103004395	1	239	4.073E-61	4	1262	2114	36	59	0.791	2.111E-08	166	200	203	2010	2114	105	1983	2117
110991163	1	173	3.006E-41	3	1262	2114	22	51	0.598	8.574E-05	34	73	238	1262	1384	123	1235	1447
110991163	1	173	3.006E-41	3	1262	2114	27	94	0.717	1.381E-18	75	137	238	1453	1641	189	1390	1797
110991163	1	173	3.006E-41	3	1262	2114	36	64	0.614	4.606E-10	176	226	238	1989	2114	126	1983	2117
111946547	1	316	2.695E-84	5	1262	2114	22	56	0.652	1.361E-06	140	179	334	1262	1384	123	1235	1447
111946547	1	316	2.695E-84	5	1262	2114	27	99	0.765	1.675E-20	182	243	334	1456	1641	186	1390	1797
111946547	1	316	2.695E-84	5	1262	2114	28	64	0.895	7.359E-10	243	275	334	1712	1810	99	1655	1816
111946547	1	316	2.695E-84	5	1262	2114	31	33	0.673	1.804E+01	276	297	334	1880	1945	66	1874	1945
111946547	1	316	2.695E-84	5	1262	2114	36	61	0.810	5.897E-09	298	332	334	2010	2114	105	1983	2117
116624233	1	147	2.017E-33	3	1262	1945	22	48	0.573	5.809E-04	32	71	234	1262	1384	123	1235	1447
116624233	1	147	2.017E-33	3	1262	1945	27	96	0.736	1.521E-19	73	135	234	1453	1641	189	1390	1797
116624233	1	147	2.017E-33	3	1262	1945	31	32	0.685	3.432E+01	167	187	234	1883	1945	63	1874	1945
116690867	1	224	1.335E-56	4	1453	2114	27	92	0.677	6.673E-18	78	143	231	1453	1650	198	1390	1797
116690867	1	224	1.335E-56	4	1453	2114	28	53	0.750	5.560E-06	140	172	231	1712	1810	99	1655	1816
116690867	1	224	1.335E-56	4	1453	2114	31	32	0.666	2.488E+01	173	194	231	1880	1945	66	1874	1945
116690867	1	224	1.335E-56	4	1453	2114	36	61	0.607	5.897E-09	181	229	231	1989	2114	126	1983	2117
116954581	1	194	1.433E-47	3	1453	2114	27	93	0.715	1.892E-18	77	139	237	1453	1641	189	1390	1797
116954581	1	194	1.433E-47	3	1453	2114	28	61	0.848	1.296E-08	139	171	237	1712	1810	99	1655	1816
116954581	1	194	1.433E-47	3	1453	2114	36	61	0.810	5.897E-09	194	228	237	2010	2114	105	1983	2117
117110913	1	145	8.068E-33	2	1268	1641	22	50	0.606	1.179E-04	1	40	114	1268	1384	117	1235	1447
117110913	1	145	8.068E-33	2	1268	1641	27	94	0.723	7.353E-19	42	104	114	1453	1641	189	1390	1797
117111370	1	60	3.121E-07	1	1010	1201	18	60	0.442	1.291E-07	11	82	93	1010	1201	192	941	1231
131082726	1	201	1.120E-49	3	1453	2117	27	97	0.741	8.098E-20	74	136	227	1453	1641	189	1390	1797
131082726	1	201	1.120E-49	3	1453	2117	28	61	0.854	9.419E-09	136	168	227	1712	1810	99	1655	1816
131082726	1	201	1.120E-49	3	1453	2117	36	64	0.828	4.606E-10	191	226	227	2010	2117	108	1983	2117
131409241	1	158	9.848E-37	3	1453	2117	27	94	0.692	1.008E-18	81	146	235	1453	1650	198	1390	1797
131409241	1	158	9.848E-37	3	1453	2117	31	32	0.658	3.432E+01	176	197	235	1880	1945	66	1874	1945
131409241	1	158	9.848E-37	3	1453	2117	36	59	0.762	3.996E-08	198	233	235	2010	2117	108	1983	2117
131419263	1	181	1.174E-43	3	1453	2114	27	91	0.674	9.144E-18	75	140	233	1453	1650	198	1390	1797
131419263	1	181	1.174E-43	3	1453	2114	28	55	0.781	8.189E-07	137	169	233	1712	1810	99	1655	1816
131419263	1	181	1.174E-43	3	1453	2114	36	59	0.786	2.905E-08	192	226	233	2010	2114	105	1983	2117
131546731	1	93	3.633E-17	1	1453	1650	27	93	0.684	2.593E-18	41	106	113	1453	1650	198	1390	1797
145646170	1	151	1.261E-34	3	1262	2114	22	41	0.499	1.816E-01	28	67	220	1262	1384	123	1235	1447
145646170	1	151	1.261E-34	3	1262	2114	27	92	0.707	4.870E-18	69	131	220	1453	1641	189	1390	1797
145646170	1	151	1.261E-34	3	1262	2114	36	68	0.893	2.620E-11	184	218	220	2010	2114	105	1983	2117
145660679	1	207	1.749E-51	3	1453	2114	27	99	0.752	2.295E-20	74	136	227	1453	1641	189	1390	1797
145660679	1	207	1.749E-51	3	1453	2114	28	62	0.864	4.979E-09	136	168	227	1712	1810	99	1655	1816
145660679	1	207	1.749E-51	3	1453	2114	36	67	0.883	4.953E-11	191	225	227	2010	2114	105	1983	2117
145712688	1	208	8.747E-52	4	1262	2117	22	47	0.561	1.512E-03	32	71	227	1262	1384	123	1235	1447
145712688	1	208	8.747E-52	4	1262	2117	27	100	0.757	1.222E-20	73	135	227	1453	1641	189	1390	1797
145712688	1	208	8.747E-52	4	1262	2117	31	31	0.650	4.733E+01	169	190	227	1880	1945	66	1874	1945
145712688	1	208	8.747E-52	4	1262	2117	36	59	0.771	2.111E-08	191	226	227	2010	2117	108	1983	2117
145874576	1	202	5.598E-50	3	1262	1810	22	46	0.542	2.863E-03	31	71	226	1262	1387	126	1235	1447
145874576	1	202	5.598E-50	3	1262	1810	27	94	0.723	7.353E-19	73	135	226	1453	1641	189	1390	1797
145874576	1	202	5.598E-50	3	1262	1810	28	61	0.848	1.296E-08	135	167	226	1712	1810	99	1655	1816
145972856	1	149	5.042E-34	3	1262	1945	22	47	0.557	2.081E-03	35	74	230	1262	1384	123	1235	1447
145972856	1	149	5.042E-34	3	1262	1945	27	96	0.736	1.521E-19	76	138	230	1453	1641	189	1390	1797
145972856	1	149	5.042E-34	3	1262	1945	31	36	0.737	1.383E+00	171	192	230	1880	1945	66	1874	1945
145982837	1	245	6.364E-63	4	1262	2114	22	48	0.569	7.991E-04	124	163	319	1262	1384	123	1235	1447
145982837	1	245	6.364E-63	4	1262	2114	27	95	0.728	3.915E-19	165	227	319	1453	1641	189	1390	1797
145982837	1	245	6.364E-63	4	1262	2114	28	62	0.864	4.979E-09	227	259	319	1712	1810	99	1655	1816
145982837	1	245	6.364E-63	4	1262	2114	36	59	0.781	3.996E-08	282	316	319	2010	2114	105	1983	2117
146025315	1	242	5.092E-62	4	1453	2114	27	94	0.694	7.353E-19	73	138	226	1453	1650	198	1390	1797
146025315	1	242	5.092E-62	4	1453	2114	28	55	0.776	1.127E-06	135	167	226	1712	1810	99	1655	1816
146025315	1	242	5.092E-62	4	1453	2114	31	32	0.658	3.432E+01	168	189	226	1880	1945	66	1874	1945
146025315	1	242	5.092E-62	4	1453	2114	36	61	0.810	5.897E-09	190	224	226	2010	2114	105	1983	2117
146042549	1	146	4.034E-33	3	1453	2114	27	94	0.694	7.353E-19	78	143	231	1453	1650	198	1390	1797
146042549	1	146	4.034E-33	3	1453	2114	31	32	0.666	2.488E+01	173	194	231	1880	1945	66	1874	1945
146042549	1	146	4.034E-33	3	1453	2114	36	61	0.607	5.897E-09	181	229	231	1989	2114	126	1983	2117
146121926	1	262	4.856E-68	4	1262	2114	22	53	0.619	1.742E-05	135	175	330	1262	1384	123	1235	1447
146121926	1	262	4.856E-68	4	1262	2114	27	97	0.739	1.110E-19	177	239	330	1453	1641	189	1390	1797
146121926	1	262	4.856E-68	4	1262	2114	28	64	0.900	5.351E-10	239	271	330	1712	1810	99	1655	1816
146121926	1	262	4.856E-68	4	1262	2114	36	62	0.729	3.117E-09	289	328	330	1995	2114	120	1983	2117
155486585	1	206	3.499E-51	4	1262	2114	22	49	0.533	2.231E-04	44	88	238	1262	1399	138	1235	1447
155486585	1	206	3.499E-51	4	1262	2114	27	99	0.787	1.675E-20	86	145	238	1453	1632	180	1390	1797
155486585	1	206	3.499E-51	4	1262	2114	31	33	0.673	1.804E+01	180	201	238	1880	1945	66	1874	1945
155486585	1	206	3.499E-51	4	1262	2114	36	63	0.742	1.198E-09	197	236	238	1995	2114	120	1983	2117
160305413	1	242	5.092E-62	4	1262	2117	22	49	0.577	4.223E-04	33	73	228	1262	1384	123	1235	1447
160305413	1	242	5.092E-62	4	1262	2117	27	93	0.712	2.593E-18	75	137	228	1453	1641	189	1390	1797
160305413	1	242	5.092E-62	4	1262	2117	28	58	0.812	1.207E-07	137	169	228	1712	1810	99	1655	1816
160305413	1	242	5.092E-62	4	1262	2117	36	61	0.785	8.112E-09	192	227	228	2010	2117	108	1983	2117
160473701	1	255	6.215E-66	4	1262	2114	22	50	0.594	1.179E-04	129	168	324	1262	1384	123	1235	1447
160473701	1	255	6.215E-66	4	1262	2114	27	98	0.744	5.909E-20	170	232	324	1453	1641	189	1390	1797
160473701	1	255	6.215E-66	4	1262	2114	28	61	0.859	6.848E-09	232	264	324	1712	1810	99	1655	1816
160473701	1	255	6.215E-66	4	1262	2114	36	65	0.864	1.771E-10	287	321	324	2010	2114	105	1983	2117
160857451	1	351	7.845E-95	5	1262	2114	22	54	0.623	4.869E-06	39	80	235	1262	1387	126	1235	1447
160857451	1	351	7.845E-95	5	1262	2114	27	108	0.813	1.626E-23	82	144	235	1453	1641	189	1390	1797
160857451	1	351	7.845E-95	5	1262	2114	28	68	0.952	2.215E-11	144	176	235	1712	1810	99	1655	1816
160857451	1	351	7.845E-95	5	1262	2114	31	42	0.855	1.133E-02	177	198	235	1880	1945	66	1874	1945
160857451	1	351	7.845E-95	5	1262	2114	36	74	0.971	1.609E-13	199	233	235	2010	2114	105	1983	2117
161170233	1	198	8.957E-49	3	1262	1810	22	44	0.528	1.943E-02	7	47	203	1262	1384	123	1235	1447
161170233	1	198	8.957E-49	3	1262	1810	27	98	0.747	4.311E-20	49	111	203	1453	1641	189	1390	1797
161170233	1	198	8.957E-49	3	1262	1810	28	55	0.776	1.127E-06	111	143	203	1712	1810	99	1655	1816
161170339	1	201	1.120E-49	3	1262	1810	22	45	0.540	7.456E-03	7	47	203	1262	1384	123	1235	1447
161170339	1	201	1.120E-49	3	1262	1810	27	98	0.747	4.311E-20	49	111	203	1453	1641	189	1390	1797
161170339	1	201	1.120E-49	3	1262	1810	28	57	0.802	2.285E-07	111	143	203	1712	1810	99	1655	1816
170678794	1	263	2.428E-68	4	1262	2117	22	52	0.610	3.295E-05	137	176	331	1262	1384	123	1235	1447
170678794	1	263	2.428E-68	4	1262	2117	27	106	0.809	1.079E-22	179	240	331	1456	1641	186	1390	1797
170678794	1	263	2.428E-68	4	1262	2117	28	63	0.885	1.392E-09	240	272	331	1712	1810	99	1655	1816
170678794	1	263	2.428E-68	4	1262	2117	36	63	0.814	1.198E-09	295	330	331	2010	2117	108	1983	2117
171449091	1	199	4.479E-49	3	1453	2117	27	97	0.741	8.098E-20	75	137	228	1453	1641	189	1390	1797
171449091	1	199	4.479E-49	3	1453	2117	28	57	0.802	2.285E-07	137	169	228	1712	1810	99	1655	1816
171449091	1	199	4.479E-49	3	1453	2117	36	66	0.856	6.811E-11	192	227	228	2010	2117	108	1983	2117
174711102	1	93	3.633E-17	1	1393	1641	27	93	0.566	2.593E-18	30	107	117	1393	1641	249	1390	1797
174811837	1	137	2.065E-30	2	1268	1641	22	45	0.562	7.456E-03	1	38	112	1268	1384	117	1235	1447
174811837	1	137	2.065E-30	2	1268	1641	27	91	0.701	9.144E-18	40	102	112	1453	1641	189	1390	1797
174832030	1	93	3.633E-17	1	1453	1650	27	93	0.684	2.593E-18	41	106	113	1453	1650	198	1390	1797
174839058	1	142	6.454E-32	2	1268	1641	22	49	0.589	4.223E-04	1	39	113	1268	1387	120	1235	1447
174839058	1	142	6.454E-32	2	1268	1641	27	92	0.707	4.870E-18	41	103	113	1453	1641	189	1390	1797
174926611	1	149	5.042E-34	3	1262	1945	22	57	0.655	3.808E-07	50	90	245	1262	1387	126	1235	1447
174926611	1	149	5.042E-34	3	1262	1945	27	94	0.708	1.381E-18	90	153	245	1450	1641	192	1390	1797
174926611	1	149	5.042E-34	3	1262	1945	31	31	0.677	4.733E+01	188	208	245	1883	1945	63	1874	1945
174992077	1	95	9.084E-18	1	1450	1641	27	95	0.718	3.915E-19	46	109	125	1450	1641	192	1390	1797
175106305	1	186	3.669E-45	3	1450	1945	27	95	0.718	3.915E-19	72	135	225	1450	1641	192	1390	1797
175106305	1	186	3.669E-45	3	1450	1945	28	56	0.786	5.952E-07	135	167	225	1712	1810	99	1655	1816
175106305	1	186	3.669E-45	3	1450	1945	31	34	0.697	6.882E+00	168	189	225	1880	1945	66	1874	1945
175180420	1	191	1.147E-46	3	1262	1810	22	44	0.513	2.673E-02	30	71	247	1262	1387	126	1235	1447
175180420	1	191	1.147E-46	3	1262	1810	27	93	0.712	2.593E-18	73	135	247	1453	1641	189	1390	1797
175180420	1	191	1.147E-46	3	1262	1810	28	53	0.750	5.560E-06	135	167	247	1712	1810	99	1655	1816
183124229	1	266	3.035E-69	4	1262	1945	22	57	0.540	3.808E-07	71	120	239	1262	1420	159	1235	1447
183124229	1	266	3.035E-69	4	1262	1945	27	107	0.805	4.188E-23	113	175	239	1453	1641	189	1390	1797
183124229	1	266	3.035E-69	4	1262	1945	28	65	0.911	2.830E-10	175	207	239	1712	1810	99	1655	1816
183124229	1	266	3.035E-69	4	1262	1945	31	42	0.863	8.227E-03	208	229	239	1880	1945	66	1874	1945
189255517	1	193	2.866E-47	3	1262	1810	22	44	0.513	2.673E-02	30	71	245	1262	1387	126	1235	1447
189255517	1	193	2.866E-47	3	1262	1810	27	93	0.712	2.593E-18	73	135	245	1453	1641	189	1390	1797
189255517	1	193	2.866E-47	3	1262	1810	28	55	0.776	1.127E-06	135	167	245	1712	1810	99	1655	1816
189270224	1	199	4.479E-49	3	1453	2114	27	98	0.744	5.909E-20	74	136	227	1453	1641	189	1390	1797
189270224	1	199	4.479E-49	3	1453	2114	28	57	0.807	1.661E-07	136	168	227	1712	1810	99	1655	1816
189270224	1	199	4.479E-49	3	1453	2114	36	65	0.864	1.771E-10	191	225	227	2010	2114	105	1983	2117
189307308	1	199	4.479E-49	3	1453	2114	27	100	0.763	6.504E-21	87	149	239	1453	1641	189	1390	1797
189307308	1	199	4.479E-49	3	1453	2114	28	60	0.919	1.782E-08	153	182	239	1724	1813	90	1655	1816
189307308	1	199	4.479E-49	3	1453	2114	36	61	0.815	4.287E-09	204	238	239	2010	2114	105	1983	2117
189477065	1	244	1.273E-62	4	1453	2114	27	97	0.712	8.098E-20	76	141	229	1453	1650	198	1390	1797
189477065	1	244	1.273E-62	4	1453	2114	28	54	0.766	2.134E-06	138	170	229	1712	1810	99	1655	1816
189477065	1	244	1.273E-62	4	1453	2114	31	32	0.658	3.432E+01	171	192	229	1880	1945	66	1874	1945
189477065	1	244	1.273E-62	4	1453	2114	36	61	0.810	5.897E-09	193	227	229	2010	2114	105	1983	2117
189689966	1	152	6.303E-35	2	1462	1810	27	93	0.715	1.892E-18	1	63	119	1462	1650	189	1390	1797
189689966	1	152	6.303E-35	2	1462	1810	28	61	0.953	1.296E-08	67	95	119	1724	1810	87	1655	1816
190096110	1	70	3.048E-10	1	965	1210	18	70	0.362	6.440E-11	12	122	141	965	1210	246	941	1231
196048959	1	253	2.486E-65	4	1453	2117	27	99	0.725	1.675E-20	84	149	237	1453	1650	198	1390	1797
196048959	1	253	2.486E-65	4	1453	2117	28	58	0.812	1.207E-07	146	178	237	1712	1810	99	1655	1816
196048959	1	253	2.486E-65	4	1453	2117	31	34	0.743	3.621E+00	180	200	237	1883	1945	63	1874	1945
196048959	1	253	2.486E-65	4	1453	2117	36	62	0.800	3.117E-09	201	236	237	2010	2117	108	1983	2117
202802534	1	202	5.598E-50	3	1453	2117	27	100	0.757	1.222E-20	75	137	228	1453	1641	189	1390	1797
202802534	1	202	5.598E-50	3	1453	2117	28	57	0.802	2.285E-07	137	169	228	1712	1810	99	1655	1816
202802534	1	202	5.598E-50	3	1453	2117	36	66	0.856	6.811E-11	192	227	228	2010	2117	108	1983	2117
203866226	1	186	3.669E-45	3	1453	2117	27	94	0.694	7.353E-19	74	139	227	1453	1650	198	1390	1797
203866226	1	186	3.669E-45	3	1453	2117	28	58	0.817	8.777E-08	136	168	227	1712	1810	99	1655	1816
203866226	1	186	3.669E-45	3	1453	2117	36	58	0.752	7.563E-08	191	226	227	2010	2117	108	1983	2117
204014166	1	149	5.042E-34	2	1262	1641	22	50	0.590	1.622E-04	31	70	138	1262	1384	123	1235	1447
204014166	1	149	5.042E-34	2	1262	1641	27	98	0.749	3.146E-20	72	134	138	1453	1641	189	1390	1797
204131413	1	168	9.618E-40	3	1262	2114	22	51	0.598	8.574E-05	32	71	234	1262	1384	123	1235	1447
204131413	1	168	9.618E-40	3	1262	2114	27	93	0.709	3.554E-18	73	135	234	1453	1641	189	1390	1797
204131413	1	168	9.618E-40	3	1262	2114	36	60	0.581	1.116E-08	174	224	234	1989	2114	126	1983	2117
204154750	1	237	1.629E-60	4	1262	2117	22	45	0.516	1.026E-02	32	73	227	1262	1390	129	1235	1447
204154750	1	237	1.629E-60	4	1262	2117	27	94	0.692	1.008E-18	74	139	227	1453	1650	198	1390	1797
204154750	1	237	1.629E-60	4	1262	2117	28	59	0.823	6.380E-08	136	168	227	1712	1810	99	1655	1816
204154750	1	237	1.629E-60	4	1262	2117	36	61	0.785	8.112E-09	191	226	227	2010	2117	108	1983	2117
204321651	1	245	6.364E-63	4	1262	2117	22	51	0.606	4.532E-05	128	167	324	1262	1384	123	1235	1447
204321651	1	245	6.364E-63	4	1262	2117	27	94	0.727	1.381E-18	170	231	324	1456	1641	186	1390	1797
204321651	1	245	6.364E-63	4	1262	2117	28	64	0.942	1.012E-09	235	265	324	1718	1810	93	1655	1816
204321651	1	245	6.364E-63	4	1262	2117	36	59	0.771	2.111E-08	288	323	324	2010	2117	108	1983	2117
204360678	1	174	1.503E-41	3	947	1816	18	66	0.326	1.531E-09	1	122	317	947	1210	264	941	1231
204360678	1	174	1.503E-41	3	947	1816	27	91	0.701	9.144E-18	163	225	317	1453	1641	189	1390	1797
204360678	1	174	1.503E-41	3	947	1816	28	57	0.819	3.144E-07	228	259	317	1721	1816	96	1655	1816
204660705	1	98	1.135E-18	1	1450	1641	27	98	0.737	4.311E-20	41	104	114	1450	1641	192	1390	1797
214396872	1	193	2.866E-47	3	1262	1810	22	44	0.513	2.673E-02	30	71	245	1262	1387	126	1235	1447
214396872	1	193	2.866E-47	3	1262	1810	27	93	0.712	2.593E-18	73	135	245	1453	1641	189	1390	1797
214396872	1	193	2.866E-47	3	1262	1810	28	55	0.776	1.127E-06	135	167	245	1712	1810	99	1655	1816
214534035	1	246	3.182E-63	4	1453	2114	27	98	0.715	5.909E-20	76	141	229	1453	1650	198	1390	1797
214534035	1	246	3.182E-63	4	1453	2114	28	55	0.776	1.127E-06	138	170	229	1712	1810	99	1655	1816
214534035	1	246	3.182E-63	4	1453	2114	31	32	0.658	3.432E+01	171	192	229	1880	1945	66	1874	1945
214534035	1	246	3.182E-63	4	1453	2114	36	61	0.810	5.897E-09	193	227	229	2010	2114	105	1983	2117
218331057	1	213	2.733E-53	3	1453	2117	27	96	0.731	2.857E-19	73	135	226	1453	1641	189	1390	1797
218331057	1	213	2.733E-53	3	1453	2117	28	59	0.828	4.638E-08	135	167	226	1712	1810	99	1655	1816
218331057	1	213	2.733E-53	3	1453	2117	36	65	0.631	2.435E-10	176	225	226	1989	2117	129	1983	2117
218383584	1	249	3.978E-64	4	1450	2114	27	96	0.693	2.857E-19	74	140	228	1450	1650	201	1390	1797
218383584	1	249	3.978E-64	4	1450	2114	28	57	0.797	3.144E-07	137	169	228	1712	1810	99	1655	1816
218383584	1	249	3.978E-64	4	1450	2114	31	36	0.737	1.383E+00	170	191	228	1880	1945	66	1874	1945
218383584	1	249	3.978E-64	4	1450	2114	36	60	0.800	1.116E-08	192	226	228	2010	2114	105	1983	2117
218463739	1	147	2.017E-33	3	1262	1945	22	48	0.565	1.099E-03	29	68	231	1262	1384	123	1235	1447
218463739	1	147	2.017E-33	3	1262	1945	27	94	0.723	7.353E-19	70	132	231	1453	1641	189	1390	1797
218463739	1	147	2.017E-33	3	1262	1945	31	32	0.685	3.432E+01	162	182	231	1883	1945	63	1874	1945
218760896	1	188	9.172E-46	3	1453	2114	27	92	0.707	4.870E-18	77	139	231	1453	1641	189	1390	1797
218760896	1	188	9.172E-46	3	1453	2114	28	56	0.792	4.326E-07	139	171	231	1712	1810	99	1655	1816
218760896	1	188	9.172E-46	3	1453	2114	36	61	0.805	8.112E-09	194	228	231	2010	2114	105	1983	2117
218818332	1	265	6.070E-69	4	1262	2117	22	63	0.726	4.416E-09	140	180	338	1262	1384	123	1235	1447
218818332	1	265	6.070E-69	4	1262	2117	27	94	0.692	1.008E-18	182	247	338	1453	1650	198	1390	1797
218818332	1	265	6.070E-69	4	1262	2117	28	62	0.977	3.620E-09	251	279	338	1724	1810	87	1655	1816
218818332	1	265	6.070E-69	4	1262	2117	36	67	0.866	3.602E-11	302	337	338	2010	2117	108	1983	2117
218852919	1	94	1.817E-17	1	1453	1650	27	94	0.689	1.381E-18	41	106	113	1453	1650	198	1390	1797
219061461	1	90	2.907E-16	2	1721	1945	28	58	0.884	1.207E-07	14	43	103	1721	1810	90	1655	1816
219061461	1	90	2.907E-16	2	1721	1945	31	31	0.634	9.008E+01	44	65	103	1880	1945	66	1874	1945
232881884	1	235	6.517E-60	4	1262	2117	22	45	0.536	1.026E-02	29	69	222	1262	1384	123	1235	1447
232881884	1	235	6.517E-60	4	1262	2117	27	93	0.709	3.554E-18	71	133	222	1453	1641	189	1390	1797
232881884	1	235	6.517E-60	4	1262	2117	28	53	0.922	7.652E-06	133	158	222	1712	1789	78	1655	1816
232881884	1	235	6.517E-60	4	1262	2117	36	68	0.880	1.386E-11	186	221	222	2010	2117	108	1983	2117
232912095	1	161	1.231E-37	3	1262	2117	22	47	0.557	2.081E-03	49	88	249	1262	1384	123	1235	1447
232912095	1	161	1.231E-37	3	1262	2117	27	94	0.689	1.381E-18	90	155	249	1453	1650	198	1390	1797
232912095	1	161	1.231E-37	3	1262	2117	36	67	0.866	3.602E-11	205	240	249	2010	2117	108	1983	2117
233033128	1	213	2.733E-53	4	1262	2114	22	48	0.573	5.809E-04	32	71	231	1262	1384	123	1235	1447
233033128	1	213	2.733E-53	4	1262	2114	27	94	0.689	1.381E-18	73	138	231	1453	1650	198	1390	1797
233033128	1	213	2.733E-53	4	1262	2114	31	33	0.681	1.308E+01	165	186	231	1880	1945	66	1874	1945
233033128	1	213	2.733E-53	4	1262	2114	36	60	0.800	1.116E-08	187	221	231	2010	2114	105	1983	2117
233352424	1	264	1.214E-68	4	1262	2117	22	63	0.722	6.071E-09	121	161	319	1262	1384	123	1235	1447
233352424	1	264	1.214E-68	4	1262	2117	27	94	0.694	7.353E-19	163	228	319	1453	1650	198	1390	1797
233352424	1	264	1.214E-68	4	1262	2117	28	61	0.953	1.296E-08	232	260	319	1724	1810	87	1655	1816
233352424	1	264	1.214E-68	4	1262	2117	36	67	0.866	3.602E-11	283	318	319	2010	2117	108	1983	2117
233408329	1	190	2.293E-46	3	1453	2114	27	97	0.712	8.098E-20	77	142	232	1453	1650	198	1390	1797
233408329	1	190	2.293E-46	3	1453	2114	28	59	0.833	3.372E-08	139	171	232	1712	1810	99	1655	1816
233408329	1	190	2.293E-46	3	1453	2114	36	58	0.771	7.563E-08	194	228	232	2010	2114	105	1983	2117
233878324	1	236	3.259E-60	4	1262	2114	22	44	0.528	1.943E-02	7	47	203	1262	1384	123	1235	1447
233878324	1	236	3.259E-60	4	1262	2114	27	95	0.725	5.366E-19	49	111	203	1453	1641	189	1390	1797
233878324	1	236	3.259E-60	4	1262	2114	28	57	0.802	2.285E-07	111	143	203	1712	1810	99	1655	1816
233878324	1	236	3.259E-60	4	1262	2114	36	59	0.791	2.111E-08	166	200	203	2010	2114	105	1983	2117
247660140	1	183	2.935E-44	3	1453	1945	27	95	0.697	5.366E-19	67	132	221	1453	1650	198	1390	1797
247660140	1	183	2.935E-44	3	1453	1945	28	57	0.797	3.144E-07	129	161	221	1712	1810	99	1655	1816
247660140	1	183	2.935E-44	3	1453	1945	31	33	0.673	1.804E+01	162	183	221	1880	1945	66	1874	1945
247680608	1	225	6.674E-57	4	1262	2114	22	54	0.588	4.869E-06	36	79	233	1262	1396	135	1235	1447
247680608	1	225	6.674E-57	4	1262	2114	27	91	0.708	1.253E-17	77	138	233	1453	1638	186	1390	1797
247680608	1	225	6.674E-57	4	1262	2114	28	51	0.811	2.746E-05	146	174	233	1724	1810	87	1655	1816
247680608	1	225	6.674E-57	4	1262	2114	36	57	0.766	1.041E-07	197	231	233	2010	2114	105	1983	2117
247683266	1	192	5.733E-47	3	1262	1810	22	43	0.509	3.678E-02	30	71	245	1262	1387	126	1235	1447
247683266	1	192	5.733E-47	3	1262	1810	27	93	0.712	2.593E-18	73	135	245	1453	1641	189	1390	1797
247683266	1	192	5.733E-47	3	1262	1810	28	55	0.776	1.127E-06	135	167	245	1712	1810	99	1655	1816
247684532	1	202	5.598E-50	3	1453	2114	27	98	0.744	5.909E-20	74	136	227	1453	1641	189	1390	1797
247684532	1	202	5.598E-50	3	1453	2114	28	58	0.812	1.207E-07	136	168	227	1712	1810	99	1655	1816
247684532	1	202	5.598E-50	3	1453	2114	36	67	0.888	3.602E-11	191	225	227	2010	2114	105	1983	2117
247830756	1	93	3.633E-17	1	1453	1641	27	93	0.715	1.892E-18	45	107	117	1453	1641	189	1390	1797
247978394	1	178	9.392E-43	3	1453	1945	27	94	0.723	7.353E-19	71	133	231	1453	1641	189	1390	1797
247978394	1	178	9.392E-43	3	1453	1945	28	52	0.735	1.449E-05	133	165	231	1712	1810	99	1655	1816
247978394	1	178	9.392E-43	3	1453	1945	31	31	0.668	6.529E+01	167	187	231	1883	1945	63	1874	1945
256598776	1	200	2.239E-49	3	1453	2117	27	98	0.749	3.146E-20	75	137	228	1453	1641	189	1390	1797
256598776	1	200	2.239E-49	3	1453	2117	28	57	0.802	2.285E-07	137	169	228	1712	1810	99	1655	1816
256598776	1	200	2.239E-49	3	1453	2117	36	66	0.856	6.811E-11	192	227	228	2010	2117	108	1983	2117
257781383	1	183	2.935E-44	3	1453	1945	27	93	0.709	3.554E-18	76	138	230	1453	1641	189	1390	1797
257781383	1	183	2.935E-44	3	1453	1945	28	58	0.817	8.777E-08	138	170	230	1712	1810	99	1655	1816
257781383	1	183	2.935E-44	3	1453	1945	31	31	0.634	9.008E+01	171	192	230	1880	1945	66	1874	1945
262032743	1	152	6.303E-35	3	1262	2114	22	39	0.465	1.234E+00	31	72	228	1262	1384	123	1235	1447
262032743	1	152	6.303E-35	3	1262	2114	27	104	0.758	2.778E-22	74	139	228	1453	1650	198	1390	1797
262032743	1	152	6.303E-35	3	1262	2114	36	58	0.776	5.497E-08	191	225	228	2010	2114	105	1983	2117
262098310	1	190	2.293E-46	3	1262	1810	22	44	0.504	2.673E-02	34	75	234	1262	1390	129	1235	1447
262098310	1	190	2.293E-46	3	1262	1810	27	89	0.661	4.417E-17	76	141	234	1453	1650	198	1390	1797
262098310	1	190	2.293E-46	3	1262	1810	28	59	0.828	4.638E-08	138	170	234	1712	1810	99	1655	1816
262175589	1	169	4.809E-40	3	1453	2114	27	98	0.669	3.146E-20	76	147	230	1453	1668	216	1390	1797
262175589	1	169	4.809E-40	3	1453	2114	31	32	0.658	3.432E+01	172	193	230	1880	1945	66	1874	1945
262175589	1	169	4.809E-40	3	1453	2114	36	61	0.810	5.897E-09	194	228	230	2010	2114	105	1983	2117
262469357	1	314	1.078E-83	5	1262	2114	22	57	0.651	5.236E-07	175	215	369	1262	1387	126	1235	1447
262469357	1	314	1.078E-83	5	1262	2114	27	106	0.761	5.741E-23	215	281	369	1450	1650	201	1390	1797
262469357	1	314	1.078E-83	5	1262	2114	28	56	0.792	4.326E-07	278	310	369	1712	1810	99	1655	1816
262469357	1	314	1.078E-83	5	1262	2114	31	33	0.718	9.489E+00	312	332	369	1883	1945	63	1874	1945
262469357	1	314	1.078E-83	5	1262	2114	36	61	0.815	4.287E-09	333	367	369	2010	2114	105	1983	2117
262667985	1	93	3.633E-17	1	1450	1641	27	93	0.705	1.892E-18	41	104	114	1450	1641	192	1390	1797
270371824	1	238	8.146E-61	4	1262	2114	22	48	0.558	7.991E-04	33	73	228	1262	1387	126	1235	1447
270371824	1	238	8.146E-61	4	1262	2114	27	89	0.683	8.292E-17	75	137	228	1453	1641	189	1390	1797
270371824	1	238	8.146E-61	4	1262	2114	28	61	0.854	9.419E-09	137	169	228	1712	1810	99	1655	1816
270371824	1	238	8.146E-61	4	1262	2114	36	59	0.781	3.996E-08	192	226	228	2010	2114	105	1983	2117
275892364	1	246	3.182E-63	4	1453	2114	27	98	0.715	5.909E-20	76	141	229	1453	1650	198	1390	1797
275892364	1	246	3.182E-63	4	1453	2114	28	55	0.776	1.127E-06	138	170	229	1712	1810	99	1655	1816
275892364	1	246	3.182E-63	4	1453	2114	31	32	0.658	3.432E+01	171	192	229	1880	1945	66	1874	1945
275892364	1	246	3.182E-63	4	1453	2114	36	61	0.810	5.897E-09	193	227	229	2010	2114	105	1983	2117
276733588	1	241	1.018E-61	4	1450	2117	27	93	0.705	1.892E-18	74	137	238	1450	1641	192	1390	1797
276733588	1	241	1.018E-61	4	1450	2117	28	53	0.745	7.652E-06	137	169	238	1712	1810	99	1655	1816
276733588	1	241	1.018E-61	4	1450	2117	31	32	0.666	2.488E+01	170	191	238	1880	1945	66	1874	1945
276733588	1	241	1.018E-61	4	1450	2117	36	60	0.781	1.116E-08	192	227	238	2010	2117	108	1983	2117
276803390	1	214	1.367E-53	4	1262	2114	22	48	0.573	5.809E-04	33	72	232	1262	1384	123	1235	1447
276803390	1	214	1.367E-53	4	1262	2114	27	93	0.687	1.892E-18	74	139	232	1453	1650	198	1390	1797
276803390	1	214	1.367E-53	4	1262	2114	31	36	0.737	1.383E+00	166	187	232	1880	1945	66	1874	1945
276803390	1	214	1.367E-53	4	1262	2114	36	59	0.781	3.996E-08	188	222	232	2010	2114	105	1983	2117
276844479	1	202	5.598E-50	3	1453	2114	27	98	0.744	5.909E-20	74	136	227	1453	1641	189	1390	1797
276844479	1	202	5.598E-50	3	1453	2114	28	58	0.812	1.207E-07	136	168	227	1712	1810	99	1655	1816
276844479	1	202	5.598E-50	3	1453	2114	36	67	0.888	3.602E-11	191	225	227	2010	2114	105	1983	2117
276851491	1	216	3.417E-54	4	1262	2114	22	50	0.594	1.179E-04	33	72	232	1262	1384	123	1235	1447
276851491	1	216	3.417E-54	4	1262	2114	27	94	0.689	1.381E-18	74	139	232	1453	1650	198	1390	1797
276851491	1	216	3.417E-54	4	1262	2114	31	35	0.729	1.906E+00	166	187	232	1880	1945	66	1874	1945
276851491	1	216	3.417E-54	4	1262	2114	36	59	0.786	2.905E-08	188	222	232	2010	2114	105	1983	2117
291062511	1	156	3.939E-36	3	1262	2114	22	47	0.557	2.081E-03	30	69	223	1262	1384	123	1235	1447
291062511	1	156	3.939E-36	3	1262	2114	27	92	0.677	6.673E-18	71	136	223	1453	1650	198	1390	1797
291062511	1	156	3.939E-36	3	1262	2114	36	64	0.854	3.349E-10	186	220	223	2010	2114	105	1983	2117
291121672	1	169	4.809E-40	3	1453	2114	27	98	0.669	3.146E-20	76	147	230	1453	1668	216	1390	1797
291121672	1	169	4.809E-40	3	1453	2114	31	32	0.658	3.432E+01	172	193	230	1880	1945	66	1874	1945
291121672	1	169	4.809E-40	3	1453	2114	36	61	0.810	5.897E-09	194	228	230	2010	2114	105	1983	2117
291298428	1	246	3.182E-63	4	1450	2114	27	96	0.726	1.521E-19	72	135	225	1450	1641	192	1390	1797
291298428	1	246	3.182E-63	4	1450	2114	28	57	0.797	3.144E-07	135	167	225	1712	1810	99	1655	1816
291298428	1	246	3.182E-63	4	1450	2114	31	31	0.650	4.733E+01	168	189	225	1880	1945	66	1874	1945
291298428	1	246	3.182E-63	4	1450	2114	36	59	0.791	2.111E-08	190	224	225	2010	2114	105	1983	2117
291332362	1	238	8.146E-61	4	1262	2114	22	41	0.489	1.816E-01	31	71	226	1262	1387	126	1235	1447
291332362	1	238	8.146E-61	4	1262	2114	27	95	0.728	3.915E-19	73	135	226	1453	1641	189	1390	1797
291332362	1	238	8.146E-61	4	1262	2114	28	60	0.838	2.451E-08	135	167	226	1712	1810	99	1655	1816
291332362	1	238	8.146E-61	4	1262	2114	36	61	0.805	8.112E-09	190	224	226	2010	2114	105	1983	2117
291571639	1	144	1.614E-32	3	1262	2114	22	54	0.588	4.869E-06	43	86	240	1262	1396	135	1235	1447
291571639	1	144	1.614E-32	3	1262	2114	27	92	0.714	6.673E-18	84	145	240	1453	1638	186	1390	1797
291571639	1	144	1.614E-32	3	1262	2114	36	57	0.766	1.041E-07	204	238	240	2010	2114	105	1983	2117
291601699	1	189	4.586E-46	3	1450	1945	27	101	0.755	4.745E-21	68	131	225	1450	1641	192	1390	1797
291601699	1	189	4.586E-46	3	1450	1945	28	56	0.792	4.326E-07	131	163	225	1712	1810	99	1655	1816
291601699	1	189	4.586E-46	3	1450	1945	31	31	0.650	4.733E+01	164	185	225	1880	1945	66	1874	1945
297784725	1	200	2.239E-49	3	1453	2117	27	98	0.749	3.146E-20	75	137	228	1453	1641	189	1390	1797
297784725	1	200	2.239E-49	3	1453	2117	28	57	0.802	2.285E-07	137	169	228	1712	1810	99	1655	1816
297784725	1	200	2.239E-49	3	1453	2117	36	66	0.856	6.811E-11	192	227	228	2010	2117	108	1983	2117
301576561	1	254	1.243E-65	4	1453	2114	27	94	0.723	7.353E-19	82	144	241	1453	1641	189	1390	1797
301576561	1	254	1.243E-65	4	1453	2114	28	58	0.817	8.777E-08	144	176	241	1712	1810	99	1655	1816
301576561	1	254	1.243E-65	4	1453	2114	31	40	0.823	4.075E-02	177	198	241	1880	1945	66	1874	1945
301576561	1	254	1.243E-65	4	1453	2114	36	59	0.791	2.111E-08	199	233	241	2010	2114	105	1983	2117
305626437	1	293	2.261E-77	5	1262	2117	22	45	0.530	7.456E-03	30	71	226	1262	1387	126	1235	1447
305626437	1	293	2.261E-77	5	1262	2117	27	94	0.713	7.353E-19	72	135	226	1450	1641	192	1390	1797
305626437	1	293	2.261E-77	5	1262	2117	28	56	0.786	5.952E-07	135	167	226	1712	1810	99	1655	1816
305626437	1	293	2.261E-77	5	1262	2117	31	32	0.666	2.488E+01	168	189	226	1880	1945	66	1874	1945
305626437	1	293	2.261E-77	5	1262	2117	36	61	0.785	8.112E-09	190	225	226	2010	2117	108	1983	2117
305658652	1	258	7.769E-67	4	1262	2114	22	43	0.509	3.678E-02	32	72	227	1262	1387	126	1235	1447
305658652	1	258	7.769E-67	4	1262	2114	27	94	0.694	7.353E-19	74	139	227	1453	1650	198	1390	1797
305658652	1	258	7.769E-67	4	1262	2114	28	63	0.880	1.914E-09	136	168	227	1712	1810	99	1655	1816
305658652	1	258	7.769E-67	4	1262	2114	36	66	0.652	9.365E-11	177	225	227	1989	2114	126	1983	2117
305871205	1	205	6.998E-51	3	1453	2117	27	100	0.757	1.222E-20	74	136	227	1453	1641	189	1390	1797
305871205	1	205	6.998E-51	3	1453	2117	28	60	0.843	1.782E-08	136	168	227	1712	1810	99	1655	1816
305871205	1	205	6.998E-51	3	1453	2117	36	66	0.847	1.288E-10	191	226	227	2010	2117	108	1983	2117
305998288	1	96	4.542E-18	1	1453	1641	27	96	0.731	2.857E-19	43	105	115	1453	1641	189	1390	1797
306048265	1	296	2.826E-78	5	1262	2117	22	46	0.542	2.863E-03	32	72	227	1262	1387	126	1235	1447
306048265	1	296	2.826E-78	5	1262	2117	27	100	0.763	6.504E-21	74	136	227	1453	1641	189	1390	1797
306048265	1	296	2.826E-78	5	1262	2117	28	60	0.843	1.782E-08	136	168	227	1712	1810	99	1655	1816
306048265	1	296	2.826E-78	5	1262	2117	31	31	0.642	6.529E+01	169	190	227	1880	1945	66	1874	1945
306048265	1	296	2.826E-78	5	1262	2117	36	68	0.658	1.905E-11	177	226	227	1989	2117	129	1983	2117
306057868	1	236	3.259E-60	4	1262	2114	22	47	0.546	2.081E-03	50	91	342	1262	1387	126	1235	1447
306057868	1	236	3.259E-60	4	1262	2114	27	95	0.725	5.366E-19	93	155	342	1453	1641	189	1390	1797
306057868	1	236	3.259E-60	4	1262	2114	28	52	0.735	1.449E-05	155	187	342	1712	1810	99	1655	1816
306057868	1	236	3.259E-60	4	1262	2114	36	61	0.815	4.287E-09	210	244	342	2010	2114	105	1983	2117
306066891	1	141	1.291E-31	3	1262	2114	22	40	0.481	3.439E-01	31	72	228	1262	1384	123	1235	1447
306066891	1	141	1.291E-31	3	1262	2114	27	90	0.693	2.353E-17	74	136	228	1453	1641	189	1390	1797
306066891	1	141	1.291E-31	3	1262	2114	36	63	0.839	8.711E-10	191	225	228	2010	2114	105	1983	2117
306144789	1	192	5.733E-47	3	1453	2114	27	89	0.685	6.052E-17	69	131	228	1453	1641	189	1390	1797
306144789	1	192	5.733E-47	3	1453	2114	28	61	0.854	9.419E-09	131	163	228	1712	1810	99	1655	1816
306144789	1	192	5.733E-47	3	1453	2114	36	63	0.834	1.198E-09	186	220	228	2010	2114	105	1983	2117
306153569	1	118	1.083E-24	4	1046	1945	18	46	0.320	8.372E-03	2	87	282	1046	1210	165	941	1231
306153569	1	118	1.083E-24	4	1046	1945	22	46	0.538	3.939E-03	85	126	282	1262	1384	123	1235	1447
306153569	1	118	1.083E-24	4	1046	1945	28	57	0.867	3.144E-07	193	222	282	1721	1810	90	1655	1816
306153569	1	118	1.083E-24	4	1046	1945	31	34	0.735	4.992E+00	224	244	282	1883	1945	63	1874	1945
315911244	1	146	4.034E-33	3	1721	2114	28	56	0.862	4.326E-07	17	46	105	1721	1810	90	1655	1816
315911244	1	146	4.034E-33	3	1721	2114	31	31	0.650	4.733E+01	47	68	105	1880	1945	66	1874	1945
315911244	1	146	4.034E-33	3	1721	2114	36	59	0.753	2.111E-08	67	103	105	2004	2114	111	1983	2117
320118937	1	213	2.733E-53	3	1453	2117	27	96	0.731	2.857E-19	73	135	226	1453	1641	189	1390	1797
320118937	1	213	2.733E-53	3	1453	2117	28	59	0.828	4.638E-08	135	167	226	1712	1810	99	1655	1816
320118937	1	213	2.733E-53	3	1453	2117	36	65	0.631	2.435E-10	176	225	226	1989	2117	129	1983	2117
320260055	1	147	2.017E-33	3	1262	1945	22	48	0.565	1.099E-03	32	71	234	1262	1384	123	1235	1447
320260055	1	147	2.017E-33	3	1262	1945	27	94	0.723	7.353E-19	73	135	234	1453	1641	189	1390	1797
320260055	1	147	2.017E-33	3	1262	1945	31	34	0.743	3.621E+00	167	187	234	1883	1945	63	1874	1945
320418263	1	262	4.856E-68	4	1262	2114	22	52	0.615	2.396E-05	137	177	332	1262	1384	123	1235	1447
320418263	1	262	4.856E-68	4	1262	2114	27	96	0.736	1.521E-19	179	241	332	1453	1641	189	1390	1797
320418263	1	262	4.856E-68	4	1262	2114	28	62	0.864	4.979E-09	241	273	332	1712	1810	99	1655	1816
320418263	1	262	4.856E-68	4	1262	2114	36	66	0.776	9.365E-11	291	330	332	1995	2114	120	1983	2117
320489279	1	200	2.239E-49	3	1453	2117	27	98	0.749	3.146E-20	73	135	226	1453	1641	189	1390	1797
320489279	1	200	2.239E-49	3	1453	2117	28	58	0.812	1.207E-07	135	167	226	1712	1810	99	1655	1816
320489279	1	200	2.239E-49	3	1453	2117	36	65	0.838	2.435E-10	190	225	226	2010	2117	108	1983	2117
320846707	1	168	9.618E-40	4	977	1945	18	72	0.368	7.010E-12	43	155	349	977	1216	240	941	1231
320846707	1	168	9.618E-40	4	977	1945	22	44	0.477	1.412E-02	151	197	349	1262	1399	138	1235	1447
320846707	1	168	9.618E-40	4	977	1945	28	60	0.563	1.782E-08	237	289	349	1658	1810	153	1655	1816
320846707	1	168	9.618E-40	4	977	1945	31	32	0.658	3.432E+01	290	311	349	1880	1945	66	1874	1945
321128310	1	98	1.135E-18	1	1450	1641	27	98	0.737	4.311E-20	41	104	114	1450	1641	192	1390	1797
330936163	1	258	7.769E-67	4	1453	2117	27	98	0.717	4.311E-20	84	149	237	1453	1650	198	1390	1797
330936163	1	258	7.769E-67	4	1453	2117	28	61	0.854	9.419E-09	146	178	237	1712	1810	99	1655	1816
330936163	1	258	7.769E-67	4	1453	2117	31	36	0.776	1.004E+00	180	200	237	1883	1945	63	1874	1945
330936163	1	258	7.769E-67	4	1453	2117	36	63	0.819	8.711E-10	201	236	237	2010	2117	108	1983	2117
334694323	1	246	3.182E-63	4	1262	2117	22	47	0.546	2.081E-03	31	71	226	1262	1387	126	1235	1447
334694323	1	246	3.182E-63	4	1262	2117	27	94	0.723	7.353E-19	73	135	226	1453	1641	189	1390	1797
334694323	1	246	3.182E-63	4	1262	2117	28	60	0.838	2.451E-08	135	167	226	1712	1810	99	1655	1816
334694323	1	246	3.182E-63	4	1262	2117	36	64	0.828	4.606E-10	190	225	226	2010	2117	108	1983	2117
334812940	1	100	2.839E-19	1	1453	1641	27	100	0.763	6.504E-21	41	103	113	1453	1641	189	1390	1797
334879219	1	144	1.614E-32	2	1268	1641	22	45	0.536	1.026E-02	1	40	113	1268	1390	123	1235	1447
334879219	1	144	1.614E-32	2	1268	1641	27	98	0.744	5.909E-20	41	103	113	1453	1641	189	1390	1797
334986280	1	146	4.034E-33	3	1262	1945	22	48	0.565	1.099E-03	32	71	234	1262	1384	123	1235	1447
334986280	1	146	4.034E-33	3	1262	1945	27	94	0.717	1.381E-18	73	135	234	1453	1641	189	1390	1797
334986280	1	146	4.034E-33	3	1262	1945	31	33	0.718	9.489E+00	167	187	234	1883	1945	63	1874	1945
335111034	1	154	1.576E-35	2	1262	1641	22	52	0.615	2.396E-05	28	66	203	1262	1384	123	1235	1447
335111034	1	154	1.576E-35	2	1262	1641	27	101	0.768	3.462E-21	68	130	203	1453	1641	189	1390	1797
335137760	1	221	1.068E-55	4	1262	2114	22	50	0.594	1.179E-04	32	71	231	1262	1384	123	1235	1447
335137760	1	221	1.068E-55	4	1262	2114	27	94	0.692	1.008E-18	73	138	231	1453	1650	198	1390	1797
335137760	1	221	1.068E-55	4	1262	2114	31	36	0.737	1.383E+00	165	186	231	1880	1945	66	1874	1945
335137760	1	221	1.068E-55	4	1262	2114	36	63	0.839	8.711E-10	187	221	231	2010	2114	105	1983	2117
335389778	1	55	9.988E-06	1	1019	1129	18	55	0.702	7.928E-06	1	37	71	1019	1129	111	941	1231
335393112	1	90	2.907E-16	2	1721	1945	28	58	0.884	1.207E-07	5	34	94	1721	1810	90	1655	1816
335393112	1	90	2.907E-16	2	1721	1945	31	31	0.634	9.008E+01	35	56	94	1880	1945	66	1874	1945
335402870	1	247	1.591E-63	4	1262	1945	22	46	0.552	2.863E-03	29	68	224	1262	1384	123	1235	1447
335402870	1	247	1.591E-63	4	1262	1945	27	98	0.749	3.146E-20	70	132	224	1453	1641	189	1390	1797
335402870	1	247	1.591E-63	4	1262	1945	28	64	0.890	1.012E-09	132	164	224	1712	1810	99	1655	1816
335402870	1	247	1.591E-63	4	1262	1945	31	36	0.776	1.004E+00	166	186	224	1883	1945	63	1874	1945
335419798	1	109	5.544E-22	2	1022	1641	18	57	0.347	1.186E-06	0	95	209	1022	1210	189	941	1231
335419798	1	109	5.544E-22	2	1022	1641	27	91	0.701	9.144E-18	136	198	209	1453	1641	189	1390	1797
335435755	1	93	3.633E-17	1	1453	1641	27	93	0.709	3.554E-18	42	104	114	1453	1641	189	1390	1797
345985433	1	200	2.239E-49	3	1453	2117	27	98	0.749	3.146E-20	75	137	228	1453	1641	189	1390	1797
345985433	1	200	2.239E-49	3	1453	2117	28	57	0.802	2.285E-07	137	169	228	1712	1810	99	1655	1816
345985433	1	200	2.239E-49	3	1453	2117	36	66	0.856	6.811E-11	192	227	228	2010	2117	108	1983	2117
347201996	1	183	2.935E-44	3	1450	1945	27	96	0.698	1.521E-19	76	142	232	1450	1650	201	1390	1797
347201996	1	183	2.935E-44	3	1450	1945	28	57	0.807	1.661E-07	139	171	232	1712	1810	99	1655	1816
347201996	1	183	2.935E-44	3	1450	1945	31	32	0.658	3.432E+01	172	193	232	1880	1945	66	1874	1945
349274811	1	185	7.338E-45	3	1450	2114	27	93	0.702	2.593E-18	78	141	232	1450	1641	192	1390	1797
349274811	1	185	7.338E-45	3	1450	2114	28	55	0.839	1.551E-06	144	173	232	1721	1810	90	1655	1816
349274811	1	185	7.338E-45	3	1450	2114	36	59	0.781	3.996E-08	196	230	232	2010	2114	105	1983	2117
349745043	1	146	4.034E-33	3	1262	2114	22	57	0.592	5.236E-07	43	88	242	1262	1402	141	1235	1447
349745043	1	146	4.034E-33	3	1262	2114	27	93	0.702	2.593E-18	84	147	242	1447	1638	192	1390	1797
349745043	1	146	4.034E-33	3	1262	2114	36	57	0.766	1.041E-07	206	240	242	2010	2114	105	1983	2117
349783853	1	239	4.073E-61	4	1262	2114	22	44	0.528	1.943E-02	26	66	224	1262	1384	123	1235	1447
349783853	1	239	4.073E-61	4	1262	2114	27	98	0.747	4.311E-20	68	130	224	1453	1641	189	1390	1797
349783853	1	239	4.073E-61	4	1262	2114	28	57	0.802	2.285E-07	130	162	224	1712	1810	99	1655	1816
349783853	1	239	4.073E-61	4	1262	2114	36	59	0.791	2.111E-08	185	219	224	2010	2114	105	1983	2117
350022308	1	90	2.907E-16	1	1453	1641	27	90	0.693	2.353E-17	42	104	114	1453	1641	189	1390	1797
362382482	1	260	1.942E-67	4	1450	2114	27	98	0.739	3.146E-20	73	136	227	1450	1641	192	1390	1797
362382482	1	260	1.942E-67	4	1450	2114	28	68	0.947	3.046E-11	136	168	227	1712	1810	99	1655	1816
362382482	1	260	1.942E-67	4	1450	2114	31	32	0.666	2.488E+01	169	190	227	1880	1945	66	1874	1945
362382482	1	260	1.942E-67	4	1450	2114	36	59	0.781	3.996E-08	191	225	227	2010	2114	105	1983	2117
363851692	1	246	3.182E-63	4	1453	2114	27	98	0.715	5.909E-20	76	141	229	1453	1650	198	1390	1797
363851692	1	246	3.182E-63	4	1453	2114	28	55	0.776	1.127E-06	138	170	229	1712	1810	99	1655	1816
363851692	1	246	3.182E-63	4	1453	2114	31	32	0.658	3.432E+01	171	192	229	1880	1945	66	1874	1945
363851692	1	246	3.182E-63	4	1453	2114	36	61	0.810	5.897E-09	193	227	229	2010	2114	105	1983	2117
363906908	1	237	1.629E-60	4	1453	2114	27	92	0.679	4.870E-18	77	142	231	1453	1650	198	1390	1797
363906908	1	237	1.629E-60	4	1453	2114	28	57	0.807	1.661E-07	139	171	231	1712	1810	99	1655	1816
363906908	1	237	1.629E-60	4	1453	2114	31	31	0.634	9.008E+01	172	193	231	1880	1945	66	1874	1945
363906908	1	237	1.629E-60	4	1453	2114	36	57	0.766	1.041E-07	194	228	231	2010	2114	105	1983	2117
363988550	1	145	8.068E-33	2	1268	1641	22	46	0.555	5.419E-03	1	39	113	1268	1387	120	1235	1447
363988550	1	145	8.068E-33	2	1268	1641	27	98	0.747	4.311E-20	41	103	113	1453	1641	189	1390	1797
364033396	1	93	3.633E-17	1	1453	1650	27	93	0.684	2.593E-18	45	110	123	1453	1650	198	1390	1797
364049670	1	244	1.273E-62	4	1450	2114	27	92	0.671	4.870E-18	74	140	228	1450	1650	201	1390	1797
364049670	1	244	1.273E-62	4	1450	2114	28	55	0.781	8.189E-07	137	169	228	1712	1810	99	1655	1816
364049670	1	244	1.273E-62	4	1450	2114	31	36	0.752	7.282E-01	170	191	228	1880	1945	66	1874	1945
364049670	1	244	1.273E-62	4	1450	2114	36	61	0.810	5.897E-09	192	226	228	2010	2114	105	1983	2117
364114483	1	242	5.092E-62	4	1453	2114	27	99	0.752	2.295E-20	75	137	233	1453	1641	189	1390	1797
364114483	1	242	5.092E-62	4	1453	2114	28	61	0.859	6.848E-09	137	169	233	1712	1810	99	1655	1816
364114483	1	242	5.092E-62	4	1453	2114	31	32	0.666	2.488E+01	170	191	233	1880	1945	66	1874	1945
364114483	1	242	5.092E-62	4	1453	2114	36	61	0.610	4.287E-09	178	226	233	1989	2114	126	1983	2117
364351706	1	213	2.733E-53	4	1262	2117	22	55	0.635	1.872E-06	92	132	285	1262	1387	126	1235	1447
364351706	1	213	2.733E-53	4	1262	2117	27	92	0.697	4.870E-18	132	195	285	1450	1641	192	1390	1797
364351706	1	213	2.733E-53	4	1262	2117	31	31	0.642	6.529E+01	227	248	285	1880	1945	66	1874	1945
364351706	1	213	2.733E-53	4	1262	2117	36	63	0.819	8.711E-10	249	284	285	2010	2117	108	1983	2117
364428234	1	189	4.586E-46	3	1450	1945	27	101	0.755	4.745E-21	49	112	204	1450	1641	192	1390	1797
364428234	1	189	4.586E-46	3	1450	1945	28	56	0.792	4.326E-07	112	144	204	1712	1810	99	1655	1816
364428234	1	189	4.586E-46	3	1450	1945	31	31	0.650	4.733E+01	145	166	204	1880	1945	66	1874	1945
364439326	1	103	3.548E-20	1	1453	1641	27	103	0.781	7.156E-22	61	123	125	1453	1641	189	1390	1797
378578772	1	148	1.008E-33	3	1262	1945	22	53	0.619	1.742E-05	27	66	220	1262	1384	123	1235	1447
378578772	1	148	1.008E-33	3	1262	1945	27	93	0.715	1.892E-18	68	130	220	1453	1641	189	1390	1797
378578772	1	148	1.008E-33	3	1262	1945	31	31	0.634	9.008E+01	162	183	220	1880	1945	66	1874	1945
378771762	1	257	1.554E-66	4	1262	2117	22	52	0.615	2.396E-05	144	183	338	1262	1384	123	1235	1447
378771762	1	257	1.554E-66	4	1262	2117	27	98	0.760	3.146E-20	186	247	338	1456	1641	186	1390	1797
378771762	1	257	1.554E-66	4	1262	2117	28	63	0.880	1.914E-09	247	279	338	1712	1810	99	1655	1816
378771762	1	257	1.554E-66	4	1262	2117	36	65	0.842	1.771E-10	302	337	338	2010	2117	108	1983	2117
378801699	1	141	1.291E-31	2	1268	1641	22	47	0.568	2.081E-03	1	39	113	1268	1387	120	1235	1447
378801699	1	141	1.291E-31	2	1268	1641	27	93	0.712	2.593E-18	41	103	113	1453	1641	189	1390	1797
378867349	1	239	4.073E-61	4	1262	2114	22	44	0.528	1.943E-02	26	66	224	1262	1384	123	1235	1447
378867349	1	239	4.073E-61	4	1262	2114	27	98	0.747	4.311E-20	68	130	224	1453	1641	189	1390	1797
378867349	1	239	4.073E-61	4	1262	2114	28	57	0.802	2.285E-07	130	162	224	1712	1810	99	1655	1816
378867349	1	239	4.073E-61	4	1262	2114	36	59	0.791	2.111E-08	185	219	224	2010	2114	105	1983	2117
379045948	1	64	1.951E-08	1	947	1129	18	64	0.524	5.435E-09	1	62	114	947	1129	183	941	1231
379311058	1	277	1.482E-72	4	980	1810	18	71	0.364	2.489E-11	18	129	324	980	1210	231	941	1231
379311058	1	277	1.482E-72	4	980	1810	22	57	0.622	7.200E-07	127	170	324	1262	1393	132	1235	1447
379311058	1	277	1.482E-72	4	980	1810	27	96	0.731	2.857E-19	171	233	324	1453	1641	189	1390	1797
379311058	1	277	1.482E-72	4	980	1810	28	53	0.745	7.652E-06	233	265	324	1712	1810	99	1655	1816
379376633	1	251	9.944E-65	4	1450	2114	27	103	0.771	7.156E-22	73	136	229	1450	1641	192	1390	1797
379376633	1	251	9.944E-65	4	1450	2114	28	61	0.936	6.848E-09	139	168	229	1721	1810	90	1655	1816
379376633	1	251	9.944E-65	4	1450	2114	31	33	0.718	9.489E+00	170	190	229	1883	1945	63	1874	1945
379376633	1	251	9.944E-65	4	1450	2114	36	66	0.648	1.288E-10	177	225	229	1989	2114	126	1983	2117
391067788	1	192	5.733E-47	3	1453	2117	27	94	0.720	1.008E-18	73	135	226	1453	1641	189	1390	1797
391067788	1	192	5.733E-47	3	1453	2117	28	58	0.812	1.207E-07	135	167	226	1712	1810	99	1655	1816
391067788	1	192	5.733E-47	3	1453	2117	36	61	0.785	8.112E-09	190	225	226	2010	2117	108	1983	2117
391650812	1	266	3.035E-69	4	1453	2114	27	106	0.800	7.870E-23	69	131	223	1453	1641	189	1390	1797
391650812	1	266	3.035E-69	4	1453	2114	28	61	0.859	6.848E-09	131	163	223	1712	1810	99	1655	1816
391650812	1	266	3.035E-69	4	1453	2114	31	33	0.710	1.308E+01	165	185	223	1883	1945	63	1874	1945
391650812	1	266	3.035E-69	4	1453	2114	36	63	0.839	8.711E-10	186	220	223	2010	2114	105	1983	2117
392906310	1	199	4.479E-49	3	1453	2114	27	96	0.731	2.857E-19	74	136	227	1453	1641	189	1390	1797
392906310	1	199	4.479E-49	3	1453	2114	28	58	0.812	1.207E-07	136	168	227	1712	1810	99	1655	1816
392906310	1	199	4.479E-49	3	1453	2114	36	66	0.869	1.288E-10	191	225	227	2010	2114	105	1983	2117
393116632	1	93	3.633E-17	1	1453	1650	27	93	0.684	2.593E-18	45	110	123	1453	1650	198	1390	1797
393380609	1	210	2.187E-52	4	1262	2114	22	47	0.561	1.512E-03	32	71	234	1262	1384	123	1235	1447
393380609	1	210	2.187E-52	4	1262	2114	27	100	0.760	8.914E-21	73	135	234	1453	1641	189	1390	1797
393380609	1	210	2.187E-52	4	1262	2114	31	32	0.685	3.432E+01	167	187	234	1883	1945	63	1874	1945
393380609	1	210	2.187E-52	4	1262	2114	36	58	0.776	5.497E-08	188	222	234	2010	2114	105	1983	2117
393439517	1	151	1.261E-34	2	1453	1810	27	94	0.723	7.353E-19	46	108	159	1453	1641	189	1390	1797
393439517	1	151	1.261E-34	2	1453	1810	28	58	0.884	1.207E-07	111	140	159	1721	1810	90	1655	1816
393587117	1	172	6.011E-41	3	971	1816	18	64	0.337	5.435E-09	10	122	317	971	1210	240	941	1231
393587117	1	172	6.011E-41	3	971	1816	27	91	0.701	9.144E-18	163	225	317	1453	1641	189	1390	1797
393587117	1	172	6.011E-41	3	971	1816	28	57	0.819	3.144E-07	228	259	317	1721	1816	96	1655	1816
393835447	1	238	8.146E-61	4	1262	2114	22	43	0.519	3.678E-02	7	47	203	1262	1384	123	1235	1447
393835447	1	238	8.146E-61	4	1262	2114	27	98	0.747	4.311E-20	49	111	203	1453	1641	189	1390	1797
393835447	1	238	8.146E-61	4	1262	2114	28	57	0.802	2.285E-07	111	143	203	1712	1810	99	1655	1816
393835447	1	238	8.146E-61	4	1262	2114	36	59	0.791	2.111E-08	166	200	203	2010	2114	105	1983	2117
393835740	1	239	4.073E-61	4	1262	2114	22	44	0.528	1.943E-02	7	47	203	1262	1384	123	1235	1447
393835740	1	239	4.073E-61	4	1262	2114	27	98	0.747	4.311E-20	49	111	203	1453	1641	189	1390	1797
393835740	1	239	4.073E-61	4	1262	2114	28	57	0.802	2.285E-07	111	143	203	1712	1810	99	1655	1816
393835740	1	239	4.073E-61	4	1262	2114	36	59	0.791	2.111E-08	166	200	203	2010	2114	105	1983	2117
393835834	1	239	4.073E-61	4	1262	2114	22	44	0.528	1.943E-02	7	47	203	1262	1384	123	1235	1447
393835834	1	239	4.073E-61	4	1262	2114	27	98	0.747	4.311E-20	49	111	203	1453	1641	189	1390	1797
393835834	1	239	4.073E-61	4	1262	2114	28	57	0.802	2.285E-07	111	143	203	1712	1810	99	1655	1816
393835834	1	239	4.073E-61	4	1262	2114	36	59	0.781	3.996E-08	166	200	203	2010	2114	105	1983	2117
400363080	1	147	2.017E-33	3	1262	2114	22	43	0.515	5.062E-02	33	72	225	1262	1384	123	1235	1447
400363080	1	147	2.017E-33	3	1262	2114	27	91	0.701	9.144E-18	74	136	225	1453	1641	189	1390	1797
400363080	1	147	2.017E-33	3	1262	2114	36	63	0.839	8.711E-10	189	223	225	2010	2114	105	1983	2117
400960745	1	257	1.554E-66	4	1453	2117	27	98	0.717	4.311E-20	84	149	237	1453	1650	198	1390	1797
400960745	1	257	1.554E-66	4	1453	2117	28	61	0.854	9.419E-09	146	178	237	1712	1810	99	1655	1816
400960745	1	257	1.554E-66	4	1453	2117	31	35	0.759	1.906E+00	180	200	237	1883	1945	63	1874	1945
400960745	1	257	1.554E-66	4	1453	2117	36	63	0.819	8.711E-10	201	236	237	2010	2117	108	1983	2117
403616787	1	150	2.521E-34	3	1262	1945	22	48	0.569	7.991E-04	35	74	230	1262	1384	123	1235	1447
403616787	1	150	2.521E-34	3	1262	1945	27	95	0.728	3.915E-19	76	138	230	1453	1641	189	1390	1797
403616787	1	150	2.521E-34	3	1262	1945	31	37	0.760	5.285E-01	171	192	230	1880	1945	66	1874	1945
407412540	1	248	7.956E-64	4	1450	2114	27	94	0.713	7.353E-19	69	132	222	1450	1641	192	1390	1797
407412540	1	248	7.956E-64	4	1450	2114	28	57	0.802	2.285E-07	132	164	222	1712	1810	99	1655	1816
407412540	1	248	7.956E-64	4	1450	2114	31	32	0.666	2.488E+01	165	186	222	1880	1945	66	1874	1945
407412540	1	248	7.956E-64	4	1450	2114	36	62	0.825	2.266E-09	187	221	222	2010	2114	105	1983	2117
407429303	1	246	3.182E-63	4	1453	2111	27	92	0.707	4.870E-18	145	207	298	1453	1641	189	1390	1797
407429303	1	246	3.182E-63	4	1453	2111	28	65	0.911	2.830E-10	207	239	298	1712	1810	99	1655	1816
407429303	1	246	3.182E-63	4	1453	2111	31	33	0.701	1.804E+01	241	261	298	1883	1945	63	1874	1945
407429303	1	246	3.182E-63	4	1453	2111	36	58	0.702	7.563E-08	257	295	298	1995	2111	117	1983	2117
407480346	1	148	1.008E-33	3	1262	1945	22	49	0.586	2.231E-04	32	71	234	1262	1384	123	1235	1447
407480346	1	148	1.008E-33	3	1262	1945	27	96	0.731	2.857E-19	73	135	234	1453	1641	189	1390	1797
407480346	1	148	1.008E-33	3	1262	1945	31	32	0.685	3.432E+01	167	187	234	1883	1945	63	1874	1945
407510295	1	232	5.214E-59	4	1262	2114	22	42	0.484	1.319E-01	33	74	233	1262	1390	129	1235	1447
407510295	1	232	5.214E-59	4	1262	2114	27	90	0.666	2.353E-17	75	140	233	1453	1650	198	1390	1797
407510295	1	232	5.214E-59	4	1262	2114	28	59	0.828	4.638E-08	137	169	233	1712	1810	99	1655	1816
407510295	1	232	5.214E-59	4	1262	2114	36	63	0.830	1.648E-09	192	226	233	2010	2114	105	1983	2117
407551167	1	199	4.479E-49	3	1262	1810	22	44	0.518	1.943E-02	32	72	232	1262	1387	126	1235	1447
407551167	1	199	4.479E-49	3	1262	1810	27	94	0.720	1.008E-18	74	136	232	1453	1641	189	1390	1797
407551167	1	199	4.479E-49	3	1262	1810	28	60	0.838	2.451E-08	136	168	232	1712	1810	99	1655	1816
407602232	1	220	2.136E-55	4	1262	2114	22	41	0.494	2.499E-01	33	72	225	1262	1384	123	1235	1447
407602232	1	220	2.136E-55	4	1262	2114	27	91	0.696	1.717E-17	74	136	225	1453	1641	189	1390	1797
407602232	1	220	2.136E-55	4	1262	2114	28	49	0.886	1.869E-04	136	160	225	1712	1786	75	1655	1816
407602232	1	220	2.136E-55	4	1262	2114	36	64	0.854	3.349E-10	189	223	225	2010	2114	105	1983	2117
407765860	1	225	6.674E-57	4	1453	2114	27	94	0.694	7.353E-19	78	143	231	1453	1650	198	1390	1797
407765860	1	225	6.674E-57	4	1453	2114	28	53	0.750	5.560E-06	140	172	231	1712	1810	99	1655	1816
407765860	1	225	6.674E-57	4	1453	2114	31	32	0.666	2.488E+01	173	194	231	1880	1945	66	1874	1945
407765860	1	225	6.674E-57	4	1453	2114	36	60	0.597	1.535E-08	181	229	231	1989	2114	126	1983	2117
407816908	1	188	9.172E-46	3	1450	2114	27	93	0.702	2.593E-18	72	135	225	1450	1641	192	1390	1797
407816908	1	188	9.172E-46	3	1450	2114	28	57	0.757	3.144E-07	133	167	225	1706	1810	105	1655	1816
407816908	1	188	9.172E-46	3	1450	2114	36	61	0.810	5.897E-09	190	224	225	2010	2114	105	1983	2117
407844335	1	185	7.338E-45	3	1453	2114	27	91	0.669	1.717E-17	74	139	232	1453	1650	198	1390	1797
407844335	1	185	7.338E-45	3	1453	2114	28	59	0.833	3.372E-08	136	168	232	1712	1810	99	1655	1816
407844335	1	185	7.338E-45	3	1453	2114	36	59	0.781	3.996E-08	191	225	232	2010	2114	105	1983	2117
407957778	1	154	1.576E-35	3	1712	2114	28	60	0.843	1.782E-08	35	67	128	1712	1810	99	1655	1816
407957778	1	154	1.576E-35	3	1712	2114	31	36	0.784	7.282E-01	69	89	128	1883	1945	63	1874	1945
407957778	1	154	1.576E-35	3	1712	2114	36	61	0.717	8.112E-09	85	124	128	1995	2114	120	1983	2117
407980946	1	144	1.614E-32	4	1013	1945	18	65	0.378	2.884E-09	16	112	305	1013	1210	198	941	1231
407980946	1	144	1.614E-32	4	1013	1945	22	48	0.554	1.099E-03	110	151	305	1262	1384	123	1235	1447
407980946	1	144	1.614E-32	4	1013	1945	28	56	0.862	4.326E-07	218	247	305	1721	1810	90	1655	1816
407980946	1	144	1.614E-32	4	1013	1945	31	40	0.859	4.075E-02	249	269	305	1883	1945	63	1874	1945
408049889	1	211	1.093E-52	4	980	1945	18	71	0.361	1.813E-11	14	127	323	980	1210	231	941	1231
408049889	1	211	1.093E-52	4	980	1945	27	89	0.695	6.052E-17	169	230	323	1456	1641	186	1390	1797
408049889	1	211	1.093E-52	4	980	1945	28	55	0.839	1.551E-06	233	262	323	1721	1810	90	1655	1816
408049889	1	211	1.093E-52	4	980	1945	31	35	0.721	2.627E+00	263	284	323	1880	1945	66	1874	1945
408098921	1	202	5.598E-50	4	977	1945	18	73	0.369	5.106E-12	97	209	403	977	1216	240	941	1231
408098921	1	202	5.598E-50	4	977	1945	22	44	0.477	1.412E-02	205	251	403	1262	1399	138	1235	1447
408098921	1	202	5.598E-50	4	977	1945	27	90	0.691	3.224E-17	249	311	403	1453	1641	189	1390	1797
408098921	1	202	5.598E-50	4	977	1945	31	31	0.634	9.008E+01	344	365	403	1880	1945	66	1874	1945
408143015	1	90	2.907E-16	1	1453	1641	27	90	0.691	3.224E-17	42	104	114	1453	1641	189	1390	1797
413453925	1	137	2.065E-30	3	1262	1945	22	42	0.510	6.966E-02	33	72	232	1262	1384	123	1235	1447
413453925	1	137	2.065E-30	3	1262	1945	27	91	0.701	9.144E-18	74	136	232	1453	1641	189	1390	1797
413453925	1	137	2.065E-30	3	1262	1945	31	32	0.693	2.488E+01	167	187	232	1883	1945	63	1874	1945
416060452	1	183	2.935E-44	3	1453	1945	27	93	0.709	3.554E-18	76	138	230	1453	1641	189	1390	1797
416060452	1	183	2.935E-44	3	1453	1945	28	58	0.817	8.777E-08	138	170	230	1712	1810	99	1655	1816
416060452	1	183	2.935E-44	3	1453	1945	31	31	0.634	9.008E+01	171	192	230	1880	1945	66	1874	1945
420705775	1	130	2.644E-28	3	1010	1945	18	58	0.344	8.638E-07	28	125	318	1010	1210	201	941	1231
420705775	1	130	2.644E-28	3	1010	1945	27	93	0.581	3.554E-18	148	227	318	1408	1641	234	1390	1797
420705775	1	130	2.644E-28	3	1010	1945	31	32	0.685	3.432E+01	261	281	318	1883	1945	63	1874	1945
422184405	1	141	1.291E-31	2	1262	1641	22	46	0.548	3.939E-03	34	74	147	1262	1384	123	1235	1447
422184405	1	141	1.291E-31	2	1262	1641	27	94	0.717	1.381E-18	76	138	147	1453	1641	189	1390	1797
422329790	1	92	7.267E-17	1	1453	1641	27	92	0.704	6.673E-18	45	107	117	1453	1641	189	1390	1797
422762332	1	141	1.291E-31	4	980	1945	18	69	0.359	1.214E-10	13	123	318	980	1210	231	941	1231
422762332	1	141	1.291E-31	4	980	1945	22	46	0.542	2.863E-03	121	162	318	1262	1384	123	1235	1447
422762332	1	141	1.291E-31	4	980	1945	28	57	0.867	3.144E-07	229	258	318	1721	1810	90	1655	1816
422762332	1	141	1.291E-31	4	980	1945	31	34	0.735	4.992E+00	260	280	318	1883	1945	63	1874	1945
430443642	1	300	1.766E-79	5	1262	2117	22	49	0.577	4.223E-04	27	66	221	1262	1384	123	1235	1447
430443642	1	300	1.766E-79	5	1262	2117	27	94	0.720	1.008E-18	68	130	221	1453	1641	189	1390	1797
430443642	1	300	1.766E-79	5	1262	2117	28	58	0.791	1.207E-07	129	162	221	1709	1810	102	1655	1816
430443642	1	300	1.766E-79	5	1262	2117	31	34	0.726	6.882E+00	164	184	221	1883	1945	63	1874	1945
430443642	1	300	1.766E-79	5	1262	2117	36	61	0.790	5.897E-09	185	220	221	2010	2117	108	1983	2117
436499283	1	199	4.479E-49	3	1453	2117	27	96	0.733	2.085E-19	74	136	227	1453	1641	189	1390	1797
436499283	1	199	4.479E-49	3	1453	2117	28	63	0.880	1.914E-09	136	168	227	1712	1810	99	1655	1816
436499283	1	199	4.479E-49	3	1453	2117	36	61	0.790	5.897E-09	191	226	227	2010	2117	108	1983	2117
436530826	1	91	1.453E-16	1	1450	1650	27	91	0.666	9.144E-18	46	112	119	1450	1650	201	1390	1797
436558224	1	140	2.582E-31	3	1262	1945	22	40	0.481	3.439E-01	32	73	247	1262	1387	126	1235	1447
436558224	1	140	2.582E-31	3	1262	1945	27	95	0.725	5.366E-19	75	137	247	1453	1641	189	1390	1797
436558224	1	140	2.582E-31	3	1262	1945	31	35	0.721	2.627E+00	170	191	247	1880	1945	66	1874	1945
436769733	1	248	7.956E-64	4	1262	2117	22	50	0.578	1.622E-04	31	71	226	1262	1387	126	1235	1447
436769733	1	248	7.956E-64	4	1262	2117	27	94	0.723	7.353E-19	73	135	226	1453	1641	189	1390	1797
436769733	1	248	7.956E-64	4	1262	2117	28	60	0.838	2.451E-08	135	167	226	1712	1810	99	1655	1816
436769733	1	248	7.956E-64	4	1262	2117	36	63	0.809	1.648E-09	190	225	226	2010	2117	108	1983	2117
437059660	1	219	4.271E-55	4	962	1945	18	74	0.365	1.974E-12	11	127	323	962	1210	249	941	1231
437059660	1	219	4.271E-55	4	962	1945	27	91	0.701	9.144E-18	168	230	323	1453	1641	189	1390	1797
437059660	1	219	4.271E-55	4	962	1945	28	58	0.890	8.777E-08	233	262	323	1721	1810	90	1655	1816
437059660	1	219	4.271E-55	4	962	1945	31	34	0.697	6.882E+00	263	284	323	1880	1945	66	1874	1945
437324407	1	210	2.187E-52	5	959	2114	18	64	0.325	3.960E-09	3	122	315	959	1210	252	941	1231
437324407	1	210	2.187E-52	5	959	2114	22	48	0.565	1.099E-03	120	159	315	1262	1384	123	1235	1447
437324407	1	210	2.187E-52	5	959	2114	28	64	0.970	1.012E-09	226	255	315	1721	1810	90	1655	1816
437324407	1	210	2.187E-52	5	959	2114	31	32	0.658	3.432E+01	256	277	315	1880	1945	66	1874	1945
437324407	1	210	2.187E-52	5	959	2114	36	65	0.859	2.435E-10	278	312	315	2010	2114	105	1983	2117
437543565	1	207	1.749E-51	3	1450	2114	27	99	0.744	1.675E-20	72	135	228	1450	1641	192	1390	1797
437543565	1	207	1.749E-51	3	1450	2114	28	62	0.942	4.979E-09	138	167	228	1721	1810	90	1655	1816
437543565	1	207	1.749E-51	3	1450	2114	36	66	0.831	9.365E-11	188	224	228	2004	2114	111	1983	2117
440521747	1	299	3.533E-79	5	1262	2117	22	44	0.523	2.673E-02	43	82	237	1262	1384	123	1235	1447
440521747	1	299	3.533E-79	5	1262	2117	27	96	0.705	2.085E-19	84	149	237	1453	1650	198	1390	1797
440521747	1	299	3.533E-79	5	1262	2117	28	60	0.838	2.451E-08	146	178	237	1712	1810	99	1655	1816
440521747	1	299	3.533E-79	5	1262	2117	31	35	0.759	1.906E+00	180	200	237	1883	1945	63	1874	1945
440521747	1	299	3.533E-79	5	1262	2117	36	62	0.800	3.117E-09	201	236	237	2010	2117	108	1983	2117
451164267	1	191	1.147E-46	3	1262	1810	22	42	0.501	6.966E-02	30	71	245	1262	1387	126	1235	1447
451164267	1	191	1.147E-46	3	1262	1810	27	93	0.712	2.593E-18	73	135	245	1453	1641	189	1390	1797
451164267	1	191	1.147E-46	3	1262	1810	28	55	0.776	1.127E-06	135	167	245	1712	1810	99	1655	1816
451378275	1	93	3.633E-17	1	1453	1650	27	93	0.687	1.892E-18	41	106	113	1453	1650	198	1390	1797
451476632	1	263	2.428E-68	4	1262	2117	22	61	0.706	2.169E-08	140	180	338	1262	1384	123	1235	1447
451476632	1	263	2.428E-68	4	1262	2117	27	94	0.692	1.008E-18	182	247	338	1453	1650	198	1390	1797
451476632	1	263	2.428E-68	4	1262	2117	28	62	0.977	3.620E-09	251	279	338	1724	1810	87	1655	1816
451476632	1	263	2.428E-68	4	1262	2117	36	67	0.866	3.602E-11	302	337	338	2010	2117	108	1983	2117
451479443	1	151	1.261E-34	3	1262	2114	22	41	0.499	1.816E-01	28	67	220	1262	1384	123	1235	1447
451479443	1	151	1.261E-34	3	1262	2114	27	92	0.707	4.870E-18	69	131	220	1453	1641	189	1390	1797
451479443	1	151	1.261E-34	3	1262	2114	36	68	0.893	2.620E-11	184	218	220	2010	2114	105	1983	2117
451603911	1	189	4.586E-46	3	1453	1945	27	93	0.715	1.892E-18	67	129	219	1453	1641	189	1390	1797
451603911	1	189	4.586E-46	3	1453	1945	28	58	0.884	1.207E-07	132	161	219	1721	1810	90	1655	1816
451603911	1	189	4.586E-46	3	1453	1945	31	38	0.809	2.784E-01	163	183	219	1883	1945	63	1874	1945
 