30285837	1	4452	15704372	1	4374
30285837	1	4452	393597024	1	4377
30285837	1	4452	291842033	1	4383
30285837	1	4452	15410644	1	4401
30285837	1	4452	451954667	1	4401
30285837	1	4452	233824864	1	4401
30285837	1	4452	58969814	1	4413
30285837	1	4452	15843599	1	4416
30285837	1	4452	216031634	1	4425
30285837	1	4452	161120998	1	4428
30285837	1	4452	248044101	1	4428
30285837	1	4452	195685080	1	4428
30285837	1	4452	29958890	1	4428
30285837	1	4452	399266744	1	4428
30285837	1	4452	189908531	1	4431
30285837	1	4452	73823317	1	4431
30285837	1	4452	88364207	1	4431
30285837	1	4452	88364906	1	4431
30285837	1	4452	117446762	1	4431
30285837	1	4452	379197471	1	4431
30285837	1	4452	408280623	1	4431
30285837	1	4452	88363966	1	4431
30285837	1	4452	364654552	1	4431
30285837	1	4452	379246264	1	4431
30285837	1	4452	1163379	1	4431
30285837	1	4452	233522833	1	4431
30285837	1	4452	219239953	1	4431
30285837	1	4452	117449067	1	4431
30285837	1	4452	73824000	1	4431
30285837	1	4452	117207881	1	4431
30285837	1	4452	88365743	1	4431
30285837	1	4452	379194228	1	4431
30285837	1	4452	248321250	1	4431
30285837	1	4452	306487849	1	4431
30285837	1	4452	248321327	1	4431
30285837	1	4452	73821624	1	4431
30285837	1	4452	379208442	1	4431
30285837	1	4452	364653989	1	4431
30285837	1	4452	437363537	1	4431
30285837	1	4452	297476475	1	4437
30285837	1	4452	50269465	1	4437
30285837	1	4452	393485624	1	4437
30285837	1	4452	275249455	1	4440
30285837	1	4452	268393041	1	4440
30285837	1	4452	306301461	1	4440
30285837	1	4452	73571312	1	4440
30285837	1	4452	218986622	1	4440
30285837	1	4452	248070609	1	4440
30285837	1	4452	160833246	1	4440
30285837	1	4452	393891179	1	4443
30285837	1	4452	277352504	1	4446
30285837	1	4452	204509820	1	4446
30285837	1	4452	320888576	1	4446
30285837	1	4452	335569689	1	4449
30285837	1	4452	350112247	1	4449
30285837	1	4452	282934141	1	4449
30285837	1	4452	93894226	1	4449
30285837	1	4452	6644851	1	4449
30285837	1	4452	79352239	1	4449
30285837	1	4452	422957362	1	4449
30285837	1	4452	262914061	1	4449
30285837	1	4452	175614056	1	4449
30285837	1	4452	442892102	1	4449
30285837	1	4452	30285837	1	4452
30285837	1	4452	189916133	1	4452
30285837	1	4452	393551863	1	4452
30285837	1	4452	928511	1	4452
30285837	1	4452	44789549	1	4452
30285837	1	4452	422941315	1	4452
30285837	1	4452	364431118	1	4452
30285837	1	4452	262623539	1	4452
30285837	1	4452	160870060	1	4452
30285837	1	4452	219408378	1	4452
30285837	1	4452	437360389	1	4452
30285837	1	4452	131846787	1	4452
30285837	1	4452	44553287	1	4452
30285837	1	4452	248133746	1	4452
30285837	1	4452	88364265	1	4464
30285837	1	4452	117243859	1	4467
30285837	1	4452	306211610	1	4467
30285837	1	4452	59163755	1	4467
30285837	1	4452	320888700	1	4467
30285837	1	4452	117568832	1	4467
30285837	1	4452	370184417	1	4470
30285837	1	4452	292004613	1	4473
30285837	1	4452	393549992	1	4473
30285837	1	4452	146529938	1	4476
30285837	1	4452	408106764	1	4479
30285837	1	4452	248322265	1	4479
30285837	1	4452	306285884	1	4479
30285837	1	4452	335572934	1	4479
30285837	1	4452	131990809	1	4479
30285837	1	4452	204745022	1	4479
30285837	1	4452	88162018	1	4479
30285837	1	4452	219034874	1	4479
30285837	1	4452	233452466	1	4479
30285837	1	4452	422616370	1	4479
30285837	1	4452	44537185	1	4479
30285837	1	4452	175409975	1	4479
30285837	1	4452	291803676	1	4479
30285837	1	4452	146206656	1	4479
30285837	1	4452	219263102	1	4479
30285837	1	4452	335596915	1	4479
30285837	1	4452	451699999	1	4479
30285837	1	4452	364654221	1	4479
30285837	1	4452	451663961	1	4479
30285837	1	4452	874590	1	4479
30285837	1	4452	15417527	1	4479
30285837	1	4452	393497285	1	4479
30285837	1	4452	875794	1	4479
30285837	1	4452	364415176	1	4479
30285837	1	4452	161214909	1	4479
30285837	1	4452	422965807	1	4479
30285837	1	4452	88509389	1	4479
30285837	1	4452	204457180	1	4479
30285837	1	4452	335332239	1	4479
30285837	1	4452	378956574	1	4479
30285837	1	4452	262624423	1	4479
30285837	1	4452	117448695	1	4479
30285837	1	4452	437122756	1	4479
30285837	1	4452	219279410	1	4479
30285837	1	4452	190200147	1	4479
30285837	1	4452	102963130	1	4479
30285837	1	4452	321070502	1	4479
30285837	1	4452	350154746	1	4479
30285837	1	4452	1159642	1	4479
30285837	1	4452	1172645	1	4479
30285837	1	4452	204737377	1	4479
30285837	1	4452	175367563	1	4479
30285837	1	4452	451960915	1	4479
30285837	1	4452	44499874	1	4479
30285837	1	4452	422580840	1	4479
30285837	1	4452	73582639	1	4479
30285837	1	4452	437361318	1	4479
30285837	1	4452	306461339	1	4479
30285837	1	4452	44712965	1	4479
30285837	1	4452	175588168	1	4479
30285837	1	4452	30241979	1	4479
30285837	1	4452	277165306	1	4479
30285837	1	4452	422917669	1	4479
30285837	1	4452	399727312	1	4479
30285837	1	4452	262610785	1	4479
30285837	1	4452	132029740	1	4479
30285837	1	4452	277449068	1	4479
30285837	1	4452	437219293	1	4479
30285837	1	4452	451715788	1	4479
30285837	1	4452	94441235	1	4479
30285837	1	4452	140484988	1	4479
30285837	1	4452	320886697	1	4479
30285837	1	4452	30197644	1	4479
30285837	1	4452	437363281	1	4479
30285837	1	4452	1115321	1	4479
30285837	1	4452	15416790	1	4479
30285837	1	4452	146327329	1	4479
30285837	1	4452	306249148	1	4479
30285837	1	4452	233778306	1	4479
30285837	1	4452	102950525	1	4482
30285837	1	4452	190285728	1	4482
30285837	1	4452	451952335	1	4482
30285837	1	4452	102906378	1	4482
30285837	1	4452	277403157	1	4482
30285837	1	4452	335383599	1	4485
30285837	1	4452	312017452	1	4488
30285837	1	4452	393737089	1	4491
30285837	1	4452	451988132	1	4497
30285837	1	4452	335620061	1	4500
30285837	1	4452	350171312	1	4503
30285837	1	4452	422870276	1	4506
30285837	1	4452	457433352	1	4506
30285837	1	4452	437553550	1	4512
30285837	1	4452	30198264	1	4515
30285837	1	4452	277378120	1	4521
30285837	1	4452	277492231	1	4530
30285837	1	4452	262836867	1	4530
30285837	1	4452	335542822	1	4530
30285837	1	4452	1087240	1	4530
30285837	1	4452	131962935	1	4530
30285837	1	4452	146502899	1	4530
30285837	1	4452	161045608	1	4530
30285837	1	4452	321001052	1	4530
30285837	1	4452	408251068	1	4530
30285837	1	4452	15629915	1	4530
30285837	1	4452	88337565	1	4530
30285837	1	4452	277378294	1	4530
30285837	1	4452	408252263	1	4530
30285837	1	4452	350121105	1	4530
30285837	1	4452	190198406	1	4530
30285837	1	4452	379169029	1	4530
30285837	1	4452	219239790	1	4533
30285837	1	4452	248320046	1	4533
30285837	1	4452	15537791	1	4533
30285837	1	4452	306215744	1	4533
30285837	1	4452	131988435	1	4533
30285837	1	4452	175613695	1	4533
30285837	1	4452	161189078	1	4536
30285837	1	4452	321147500	1	4536
30285837	1	4452	73689194	1	4536
30285837	1	4452	291946729	1	4542
30285837	1	4452	146530362	1	4545
30285837	1	4452	393735862	1	4545
30285837	1	4452	277154123	1	4545
30285837	1	4452	306488060	1	4548
30285837	1	4452	291947012	1	4557
30285837	1	4452	393685024	1	4557
30285837	1	4452	73821167	1	4560
30285837	1	4452	335569874	1	4569
30285837	1	4452	44597214	1	4569
30285837	1	4452	190156346	1	4572
30285837	1	4452	277406598	1	4572
30285837	1	4452	291946304	1	4572
30285837	1	4452	146531721	1	4572
30285837	1	4452	175612594	1	4572
30285837	1	4452	364655301	1	4572
30285837	1	4452	59280282	1	4572
30285837	1	4452	451902995	1	4572
30285837	1	4452	321029356	1	4572
30285837	1	4452	306487228	1	4572
30285837	1	4452	437360393	1	4572
30285837	1	4452	379196909	1	4572
30285837	1	4452	262616198	1	4572
30285837	1	4452	233540311	1	4572
30285837	1	4452	262623425	1	4572
30285837	1	4452	248322381	1	4572
30285837	1	4452	1163526	1	4572
30285837	1	4452	161121193	1	4572
30285837	1	4452	422820015	1	4572
30285837	1	4452	117243021	1	4572
30285837	1	4452	451902167	1	4572
30285837	1	4452	335572316	1	4572
30285837	1	4452	277405804	1	4572
30285837	1	4452	190155843	1	4572
30285837	1	4452	306486647	1	4572
30285837	1	4452	422820868	1	4572
30285837	1	4452	451904053	1	4572
30285837	1	4452	248320144	1	4572
30285837	1	4452	335331274	1	4572
30285837	1	4452	422819179	1	4572
30285837	1	4452	190157100	1	4572
30285837	1	4452	262863958	1	4572
30285837	1	4452	408279644	1	4572
30285837	1	4452	248043656	1	4572
30285837	1	4452	306487718	1	4572
30285837	1	4452	59281344	1	4572
30285837	1	4452	321071547	1	4572
30285837	1	4452	393737219	1	4572
30285837	1	4452	335611771	1	4572
30285837	1	4452	291946781	1	4572
30285837	1	4452	146530015	1	4572
30285837	1	4452	350112154	1	4572
30285837	1	4452	146530431	1	4620
30285837	1	4452	321029944	1	4620
30285837	1	4452	233540651	1	4620
437146630	1	19823	408062471	1	19799
437146630	1	19823	437146630	1	19823
437146630	1	19823	373879599	1	19823
437146630	1	19823	112014539	1	19916
437146630	1	19823	16550578	1	19934
437146630	1	19823	89178308	1	19934
437146630	1	19823	216923193	1	19937
437146630	1	19823	379759500	1	19955
437146630	1	19823	88997098	1	19961
437146630	1	19823	379748736	1	19967
437146630	1	19823	351061933	1	20106
437146630	1	19823	296450351	1	20226
437146630	1	19823	172765966	1	20247
437146630	1	19823	357727902	1	20247
437146630	1	19823	6943913	1	20247
437146630	1	19823	175575441	1	20247
437146630	1	19823	202004466	1	20247
437146630	1	19823	409171872	1	20247
437146630	1	19823	89253995	1	20247
437146630	1	19823	146492341	1	20247
437146630	1	19823	379157212	1	20247
437146630	1	19823	372352640	1	20253
437146630	1	19823	146315750	1	20253
437146630	1	19823	310230590	1	20274
437146630	1	19823	205557320	1	20301
437146630	1	19823	452294686	1	20304
437146630	1	19823	176477275	1	20304
437146630	1	19823	132885174	1	20307
437146630	1	19823	16551497	1	20307
437146630	1	19823	394630485	1	20307
437146630	1	19823	351004204	1	20325
437146630	1	19823	176503521	1	20325
437146630	1	19823	103796625	1	20325
437146630	1	19823	292839693	1	20325
437146630	1	19823	191051739	1	20325
437146630	1	19823	409169149	1	20334
437146630	1	19823	340729686	1	20349
437146630	1	19823	122607814	1	20349
437146630	1	19823	4395763	1	20349
437146630	1	19823	257991826	1	20349
437146630	1	19823	33485235	1	20349
437146630	1	19823	70865341	1	20400
437146630	1	19823	335421156	1	22197
437146630	1	19823	306151391	1	22197
437146630	1	19823	30049247	1	22197
437146630	1	19823	60048989	1	22200
437146630	1	19823	30056209	1	22200
437146630	1	19823	147377138	1	22203
437146630	1	19823	394685351	1	22203
437146630	1	19823	286047221	1	22203
437146630	1	19823	438219788	1	22203
437146630	1	19823	147264972	1	22203
437146630	1	19823	292318972	1	22203
437146630	1	19823	380055378	1	22203
437146630	1	19823	204730537	1	22203
437146630	1	19823	89196961	1	22203
437146630	1	19823	203287891	1	22203
437146630	1	19823	173945657	1	22203
437146630	1	19823	452427280	1	22203
437146630	1	19823	1839973	1	22203
437146630	1	19823	88868176	1	22203
437146630	1	19823	438192470	1	22203
437146630	1	19823	88886019	1	22203
437146630	1	19823	350478932	1	22203
437146630	1	19823	408802050	1	22203
437146630	1	19823	409124918	1	22203
437146630	1	19823	30856349	1	22203
437146630	1	19823	74433824	1	22203
437146630	1	19823	74720597	1	22203
437146630	1	19823	147325865	1	22203
437146630	1	19823	147326301	1	22203
437146630	1	19823	176446118	1	22203
437146630	1	19823	205052967	1	22203
437146630	1	19823	220033885	1	22203
437146630	1	19823	336243269	1	22203
437146630	1	19823	350549041	1	22203
437146630	1	19823	423493470	1	22203
437146630	1	19823	86811971	1	22203
437146630	1	19823	103466454	1	22203
437146630	1	19823	118057697	1	22203
437146630	1	19823	255897284	1	22203
437146630	1	19823	394174097	1	22203
437146630	1	19823	1341	1	22203
437146630	1	19823	45350334	1	22203
437146630	1	19823	176283921	1	22203
437146630	1	19823	176461120	1	22203
437146630	1	19823	234336813	1	22203
437146630	1	19823	423257597	1	22203
437146630	1	19823	39400430	1	22203
437146630	1	19823	45152266	1	22203
437146630	1	19823	103589584	1	22203
437146630	1	19823	161595171	1	22203
437146630	1	19823	248682499	1	22203
437146630	1	19823	89169913	1	22203
437146630	1	19823	190880523	1	22203
437146630	1	19823	205380444	1	22203
437146630	1	19823	220028151	1	22203
437146630	1	19823	380026705	1	22203
437146630	1	19823	437776039	1	22203
437146630	1	19823	132674538	1	22203
437146630	1	19823	205471612	1	22203
437146630	1	19823	255248528	1	22203
437146630	1	19823	452729470	1	22203
437146630	1	19823	16322578	1	22203
437146630	1	19823	118191937	1	22203
437146630	1	19823	16487713	1	22203
437146630	1	19823	16213214	1	22203
437146630	1	19823	45678655	1	22203
437146630	1	19823	45602137	1	22203
437146630	1	19823	59993005	1	22203
437146630	1	19823	219919732	1	22203
437146630	1	19823	190755397	1	22203
437146630	1	19823	394679760	1	22203
437146630	1	19823	83275953	1	22203
437146630	1	19823	365450699	1	22203
437146630	1	19823	350729782	1	22203
437146630	1	19823	421412688	1	22203
437146630	1	19823	205427007	1	22203
437146630	1	19823	230042090	1	22203
437146630	1	19823	1892998	1	22203
437146630	1	19823	452355617	1	22203
437146630	1	19823	45415127	1	22203
437146630	1	19823	74344132	1	22203
437146630	1	19823	219940014	1	22203
437146630	1	19823	409146636	1	22203
437146630	1	19823	438139184	1	22203
437146630	1	19823	74717554	1	22203
437146630	1	19823	161804960	1	22203
437146630	1	19823	176393184	1	22203
437146630	1	19823	220162159	1	22203
437146630	1	19823	307412639	1	22203
437146630	1	19823	423410860	1	22203
437146630	1	19823	423598513	1	22203
437146630	1	19823	74180310	1	22203
437146630	1	19823	74631625	1	22203
437146630	1	19823	463959399	1	22203
437146630	1	19823	409042770	1	22203
437146630	1	19823	408657102	1	22203
437146630	1	19823	103648340	1	22203
437146630	1	19823	365092438	1	22203
437146630	1	19823	263241263	1	22203
437146630	1	19823	1919823	1	22203
437146630	1	19823	118246785	1	22203
437146630	1	19823	205085763	1	22203
437146630	1	19823	234660397	1	22203
437146630	1	19823	394217655	1	22203
437146630	1	19823	1535667	1	22203
437146630	1	19823	205302276	1	22203
437146630	1	19823	307128189	1	22203
437146630	1	19823	307093583	1	22203
437146630	1	19823	190576529	1	22203
437146630	1	19823	263587811	1	22203
437146630	1	19823	336176405	1	22203
437146630	1	19823	103547714	1	22203
437146630	1	19823	16477948	1	22203
437146630	1	19823	103824754	1	22203
437146630	1	19823	132680671	1	22203
437146630	1	19823	30895913	1	22203
437146630	1	19823	161940716	1	22203
437146630	1	19823	249013521	1	22203
437146630	1	19823	292433068	1	22203
437146630	1	19823	292801893	1	22203
437146630	1	19823	379683157	1	22203
437146630	1	19823	74583507	1	22203
437146630	1	19823	144190515	1	22203
437146630	1	19823	161725667	1	22203
437146630	1	19823	234379540	1	22203
437146630	1	19823	249177377	1	22203
437146630	1	19823	278103405	1	22203
437146630	1	19823	336219793	1	22203
437146630	1	19823	350532761	1	22203
437146630	1	19823	437900086	1	22203
437146630	1	19823	118239237	1	22203
437146630	1	19823	118372845	1	22203
437146630	1	19823	161703007	1	22203
437146630	1	19823	205312830	1	22203
437146630	1	19823	263517709	1	22203
437146630	1	19823	292638820	1	22203
437146630	1	19823	409143755	1	22203
437146630	1	19823	55882780	1	22203
437146630	1	19823	278014330	1	22203
437146630	1	19823	307060854	1	22203
437146630	1	19823	321532854	1	22203
437146630	1	19823	365502206	1	22203
437146630	1	19823	409211616	1	22203
437146630	1	19823	423642917	1	22203
437146630	1	19823	452529829	1	22203
437146630	1	19823	45529224	1	22203
437146630	1	19823	59997600	1	22203
437146630	1	19823	103823497	1	22203
437146630	1	19823	176306348	1	22203
437146630	1	19823	248807982	1	22203
437146630	1	19823	278025668	1	22203
437146630	1	19823	98000880	1	22203
437146630	1	19823	147283803	1	22203
437146630	1	19823	176239237	1	22203
437146630	1	19823	205614082	1	22203
437146630	1	19823	219955378	1	22203
437146630	1	19823	234134033	1	22203
437146630	1	19823	234411413	1	22203
437146630	1	19823	332283203	1	22203
437146630	1	19823	336182757	1	22203
437146630	1	19823	336403456	1	22203
437146630	1	19823	84236354	1	22203
437146630	1	19823	103393220	1	22203
437146630	1	19823	118073912	1	22203
437146630	1	19823	161575061	1	22203
437146630	1	19823	234380603	1	22203
437146630	1	19823	307308671	1	22203
437146630	1	19823	146957349	1	22203
437146630	1	19823	161554701	1	22203
437146630	1	19823	365596739	1	22203
437146630	1	19823	409094986	1	22203
437146630	1	19823	74481758	1	22203
437146630	1	19823	303176083	1	22203
437146630	1	19823	306862128	1	22203
437146630	1	19823	350595105	1	22203
437146630	1	19823	394219831	1	22203
437146630	1	19823	30941633	1	22203
437146630	1	19823	103328080	1	22203
437146630	1	19823	114028527	1	22203
437146630	1	19823	350850028	1	22203
437146630	1	19823	360445180	1	22203
437146630	1	19823	423748899	1	22203
437146630	1	19823	278193997	1	22203
437146630	1	19823	16341159	1	22203
437146630	1	19823	16360323	1	22203
437146630	1	19823	30619769	1	22203
437146630	1	19823	57064697	1	22203
437146630	1	19823	263285315	1	22203
437146630	1	19823	306873858	1	22203
437146630	1	19823	336491003	1	22203
437146630	1	19823	423564937	1	22203
437146630	1	19823	452295636	1	22203
437146630	1	19823	446658266	1	22203
437146630	1	19823	26055583	1	22203
437146630	1	19823	176230403	1	22203
437146630	1	19823	16082561	1	22203
437146630	1	19823	161461986	1	22203
437146630	1	19823	336514781	1	22203
437146630	1	19823	1880239	1	22203
437146630	1	19823	234544027	1	22203
437146630	1	19823	336406894	1	22203
437146630	1	19823	438265164	1	22203
437146630	1	19823	30927425	1	22203
437146630	1	19823	94328743	1	22203
437146630	1	19823	219658826	1	22203
437146630	1	19823	243075389	1	22203
437146630	1	19823	365609417	1	22203
437146630	1	19823	176429885	1	22203
437146630	1	19823	216014312	1	22203
437146630	1	19823	230114897	1	22203
437146630	1	19823	350697414	1	22203
437146630	1	19823	45487179	1	22203
437146630	1	19823	30949751	1	22203
437146630	1	19823	74749988	1	22203
437146630	1	19823	263435506	1	22203
437146630	1	19823	234198637	1	22203
437146630	1	19823	360604144	1	22203
437146630	1	19823	147180179	1	22203
437146630	1	19823	307025877	1	22203
437146630	1	19823	161836043	1	22203
437146630	1	19823	261581563	1	22203
437146630	1	19823	147432643	1	22203
437146630	1	19823	307251557	1	22203
437146630	1	19823	307212631	1	22203
437146630	1	19823	59765730	1	22203
437146630	1	19823	162016104	1	22203
437146630	1	19823	263398616	1	22203
437146630	1	19823	408897692	1	22203
437146630	1	19823	249038925	1	22203
437146630	1	19823	103589193	1	22203
437146630	1	19823	8813819	1	22203
437146630	1	19823	314232992	1	22203
437146630	1	19823	45422842	1	22203
437146630	1	19823	202935780	1	22203
437146630	1	19823	277979721	1	22203
437146630	1	19823	190795434	1	22203
437146630	1	19823	371833975	1	22203
437146630	1	19823	26419613	1	22203
437146630	1	19823	190994579	1	22203
437146630	1	19823	125381873	1	22203
437146630	1	19823	292826495	1	22203
437146630	1	19823	161012942	1	22203
437146630	1	19823	39839686	1	22203
437146630	1	19823	301288005	1	22203
437146630	1	19823	307062881	1	22203
437146630	1	19823	321977176	1	22203
437146630	1	19823	156136604	1	22203
437146630	1	19823	321621400	1	22203
437146630	1	19823	359581592	1	22203
437146630	1	19823	60108745	1	22203
437146630	1	19823	138302736	1	22203
437146630	1	19823	278314763	1	22203
437146630	1	19823	307172486	1	22203
437146630	1	19823	219759177	1	22203
437146630	1	19823	365468863	1	22203
437146630	1	19823	42998479	1	22203
437146630	1	19823	74181524	1	22203
437146630	1	19823	147407841	1	22203
437146630	1	19823	225572231	1	22203
437146630	1	19823	423730644	1	22203
437146630	1	19823	292803378	1	22203
437146630	1	19823	132435977	1	22203
437146630	1	19823	275243670	1	22203
437146630	1	19823	156906734	1	22203
437146630	1	19823	205159056	1	22203
437146630	1	19823	394614944	1	22203
437146630	1	19823	301126313	1	22203
437146630	1	19823	321782544	1	22203
437146630	1	19823	88791206	1	22203
437146630	1	19823	239854669	1	22203
437146630	1	19823	365220693	1	22203
437146630	1	19823	278178961	1	22203
437146630	1	19823	379970293	1	22203
437146630	1	19823	394538938	1	22203
437146630	1	19823	45533230	1	22203
437146630	1	19823	234136394	1	22203
437146630	1	19823	344022397	1	22203
437146630	1	19823	16139630	1	22203
437146630	1	19823	25543218	1	22203
437146630	1	19823	219796482	1	22203
437146630	1	19823	249046549	1	22203
437146630	1	19823	263682694	1	22203
437146630	1	19823	263684954	1	22203
437146630	1	19823	292665199	1	22203
437146630	1	19823	331084574	1	22203
437146630	1	19823	350898867	1	22203
437146630	1	19823	60111644	1	22203
437146630	1	19823	103735881	1	22203
437146630	1	19823	263806475	1	22203
437146630	1	19823	270301415	1	22203
437146630	1	19823	336536186	1	22203
437146630	1	19823	388871484	1	22203
437146630	1	19823	263386803	1	22203
437146630	1	19823	461936688	1	22203
437146630	1	19823	147201788	1	22203
437146630	1	19823	171322427	1	22203
437146630	1	19823	176040433	1	22203
437146630	1	19823	197783838	1	22203
437146630	1	19823	214867233	1	22203
437146630	1	19823	419899696	1	22203
437146630	1	19823	452587980	1	22203
437146630	1	19823	68715573	1	22203
437146630	1	19823	117816975	1	22203
437146630	1	19823	327294783	1	22203
437146630	1	19823	336053568	1	22203
437146630	1	19823	394461720	1	22203
437146630	1	19823	406482230	1	22203
437146630	1	19823	94139091	1	22203
437146630	1	19823	117884213	1	22203
437146630	1	19823	129477979	1	22203
437146630	1	19823	176169158	1	22203
437146630	1	19823	336000525	1	22203
437146630	1	19823	40667868	1	22203
437146630	1	19823	138173051	1	22203
437146630	1	19823	234263964	1	22203
437146630	1	19823	234352350	1	22203
437146630	1	19823	292785066	1	22203
437146630	1	19823	452386152	1	22203
437146630	1	19823	1889786	1	22203
437146630	1	19823	8729992	1	22203
437146630	1	19823	59700673	1	22203
437146630	1	19823	132629082	1	22203
437146630	1	19823	321799973	1	22203
437146630	1	19823	350989908	1	22203
437146630	1	19823	290561345	1	22203
437146630	1	19823	30729166	1	22203
437146630	1	19823	41213649	1	22203
437146630	1	19823	438011194	1	22203
437146630	1	19823	292616759	1	22203
437146630	1	19823	379750167	1	22203
437146630	1	19823	438055752	1	22203
437146630	1	19823	249013204	1	22203
437146630	1	19823	255192724	1	22203
437146630	1	19823	349819473	1	22203
437146630	1	19823	86404207	1	22203
437146630	1	19823	277109954	1	22203
437146630	1	19823	791978	1	22203
437146630	1	19823	248026446	1	22203
437146630	1	19823	1570439	1	22203
437146630	1	19823	16110384	1	22203
437146630	1	19823	45527803	1	22203
437146630	1	19823	45619228	1	22203
437146630	1	19823	82887549	1	22203
437146630	1	19823	88071099	1	22203
437146630	1	19823	176067880	1	22203
437146630	1	19823	1587654	1	22203
437146630	1	19823	132853366	1	22203
437146630	1	19823	41692598	1	22203
437146630	1	19823	45667893	1	22203
437146630	1	19823	272518939	1	22203
437146630	1	19823	365375061	1	22203
437146630	1	19823	117156035	1	22203
437146630	1	19823	451610590	1	22203
437146630	1	19823	379139016	1	22203
437146630	1	19823	74579619	1	22203
437146630	1	19823	190923694	1	22203
437146630	1	19823	103030450	1	22203
437146630	1	19823	160769377	1	22203
437146630	1	19823	437489743	1	22203
437146630	1	19823	1731639	1	22203
437146630	1	19823	459001307	1	22203
437146630	1	19823	292438779	1	22203
437146630	1	19823	307044349	1	22203
437146630	1	19823	407989090	1	22203
437146630	1	19823	44448768	1	22203
437146630	1	19823	117156745	1	22203
437146630	1	19823	146237126	1	22203
437146630	1	19823	204401818	1	22203
437146630	1	19823	372984462	1	22203
437146630	1	19823	204819928	1	22203
437146630	1	19823	220202752	1	22203
437146630	1	19823	437488905	1	22203
437146630	1	19823	88014249	1	22203
437146630	1	19823	175266736	1	22203
437146630	1	19823	422533722	1	22203
437146630	1	19823	262552163	1	22203
437146630	1	19823	73512947	1	22203
437146630	1	19823	131810588	1	22203
437146630	1	19823	175277102	1	22203
437146630	1	19823	175433049	1	22203
437146630	1	19823	277254464	1	22203
437146630	1	19823	437213505	1	22203
437146630	1	19823	117112930	1	22203
437146630	1	19823	219086893	1	22203
437146630	1	19823	248171769	1	22203
437146630	1	19823	262529385	1	22203
437146630	1	19823	131679397	1	22203
437146630	1	19823	318013043	1	22203
437146630	1	19823	393559005	1	22203
437146630	1	19823	408098471	1	22203
437146630	1	19823	88214171	1	22203
437146630	1	19823	219087020	1	22203
437146630	1	19823	233444595	1	22203
437146630	1	19823	291766242	1	22203
437146630	1	19823	364318936	1	22203
437146630	1	19823	393428252	1	22203
437146630	1	19823	407976607	1	22203
437146630	1	19823	451752648	1	22203
437146630	1	19823	54415149	1	22203
437146630	1	19823	58978531	1	22203
437146630	1	19823	160923779	1	22203
437146630	1	19823	277254997	1	22203
437146630	1	19823	58956192	1	22203
437146630	1	19823	335246765	1	22203
437146630	1	19823	393596438	1	22203
437146630	1	19823	437038675	1	22203
437146630	1	19823	102725570	1	22203
437146630	1	19823	248142468	1	22203
437146630	1	19823	189978403	1	22203
437146630	1	19823	233599520	1	22203
437146630	1	19823	335250066	1	22203
437146630	1	19823	117124572	1	22203
437146630	1	19823	59739704	1	22203
437146630	1	19823	407970148	1	22203
437146630	1	19823	744932	1	22203
437146630	1	19823	331595437	1	22203
437146630	1	19823	160776804	1	22203
437146630	1	19823	118259868	1	22203
437146630	1	19823	378905063	1	22203
437146630	1	19823	408219268	1	22203
437146630	1	19823	204413707	1	22203
437146630	1	19823	218890710	1	22203
437146630	1	19823	14764045	1	22203
437146630	1	19823	239771823	1	22203
437146630	1	19823	350740091	1	22203
437146630	1	19823	380100095	1	22203
437146630	1	19823	364364726	1	22203
437146630	1	19823	437072722	1	22203
437146630	1	19823	146195592	1	22203
437146630	1	19823	335222298	1	22203
437146630	1	19823	364305229	1	22203
437146630	1	19823	248171396	1	22203
437146630	1	19823	102756509	1	22203
437146630	1	19823	320738276	1	22203
437146630	1	19823	131812022	1	22203
437146630	1	19823	408096014	1	22203
437146630	1	19823	437053387	1	22203
437146630	1	19823	15477124	1	22203
437146630	1	19823	378886347	1	22203
437146630	1	19823	806582	1	22203
437146630	1	19823	190220264	1	22203
437146630	1	19823	204402725	1	22203
437146630	1	19823	15513422	1	22203
437146630	1	19823	277080930	1	22203
437146630	1	19823	131846074	1	22203
437146630	1	19823	277227675	1	22203
437146630	1	19823	379121190	1	22203
437146630	1	19823	768160	1	22203
437146630	1	19823	88017615	1	22203
437146630	1	19823	320679206	1	22203
437146630	1	19823	437012585	1	22203
437146630	1	19823	379630364	1	22203
437146630	1	19823	408869380	1	22203
437146630	1	19823	320706996	1	22203
437146630	1	19823	205105306	1	22203
437146630	1	19823	131696429	1	22203
437146630	1	19823	335514927	1	22203
437146630	1	19823	102610715	1	22203
437146630	1	19823	437301044	1	22203
437146630	1	19823	364318506	1	22203
437146630	1	19823	379017563	1	22203
437146630	1	19823	103825144	1	22203
437146630	1	19823	307057146	1	22203
437146630	1	19823	437897817	1	22203
437146630	1	19823	118381505	1	22203
437146630	1	19823	379976939	1	22203
437146630	1	19823	292638627	1	22206
437146630	1	19823	365139791	1	22206
437146630	1	19823	278148125	1	22206
437146630	1	19823	74377969	1	22206
437146630	1	19823	176369063	1	22206
437146630	1	19823	147455169	1	22206
437146630	1	19823	248805963	1	22251
437146630	1	19823	449469647	1	22254
437146630	1	19823	44588554	1	22254
437146630	1	19823	30970471	1	22260
437146630	1	19823	234283179	1	22266
437146630	1	19823	327815597	1	22266
437146630	1	19823	59836760	1	22266
437146630	1	19823	59833913	1	22278
437146630	1	19823	379845969	1	22296
437146630	1	19823	336346487	1	22329
437146630	1	19823	117806900	1	22335
437146630	1	19823	190574791	1	22374
437146630	1	19823	423592421	1	22596
437146630	1	19823	292533874	1	22596
437146630	1	19823	74398713	1	22617
437146630	1	19823	117298689	1	22650
129788143	1	30381	909845	1	30375
129788143	1	30381	69623403	1	30378
129788143	1	30381	173272752	1	30378
129788143	1	30381	331258298	1	30378
129788143	1	30381	277548938	1	30378
129788143	1	30381	458695547	1	30378
129788143	1	30381	376249817	1	30378
129788143	1	30381	72577382	1	30378
129788143	1	30381	321172420	1	30378
129788143	1	30381	233792652	1	30378
129788143	1	30381	408076899	1	30378
129788143	1	30381	73910638	1	30378
129788143	1	30381	160792135	1	30378
129788143	1	30381	408000804	1	30378
129788143	1	30381	212329333	1	30378
129788143	1	30381	330033732	1	30378
129788143	1	30381	262550242	1	30378
129788143	1	30381	230139896	1	30378
129788143	1	30381	289831563	1	30378
129788143	1	30381	407033703	1	30378
129788143	1	30381	240474680	1	30378
129788143	1	30381	88509432	1	30378
129788143	1	30381	245465900	1	30378
129788143	1	30381	54930951	1	30378
129788143	1	30381	271752081	1	30378
129788143	1	30381	31049851	1	30378
129788143	1	30381	263046699	1	30378
129788143	1	30381	73824419	1	30378
129788143	1	30381	44922627	1	30378
129788143	1	30381	335714160	1	30378
129788143	1	30381	331146745	1	30378
129788143	1	30381	129788143	1	30381
129788143	1	30381	364632225	1	30381
129788143	1	30381	244576079	1	30381
129788143	1	30381	460145561	1	30381
129788143	1	30381	131967575	1	30381
129788143	1	30381	175593242	1	30381
129788143	1	30381	437341941	1	30381
129788143	1	30381	218902607	1	30381
129788143	1	30381	204360408	1	30381
129788143	1	30381	335544107	1	30381
129788143	1	30381	102905545	1	30381
129788143	1	30381	186322077	1	30384
129788143	1	30381	226389375	1	30384
129788143	1	30381	99456428	1	30384
129788143	1	30381	160820688	1	30384
129788143	1	30381	415522037	1	30384
129788143	1	30381	226215953	1	30384
129788143	1	30381	262549574	1	30384
129788143	1	30381	53866646	1	30384
129788143	1	30381	390264495	1	30384
129788143	1	30381	304756522	1	30384
129788143	1	30381	246619977	1	30384
129788143	1	30381	262670819	1	30384
129788143	1	30381	374554022	1	30384
129788143	1	30381	127795347	1	30384
129788143	1	30381	181576145	1	30384
129788143	1	30381	225581563	1	30384
129788143	1	30381	373626331	1	30384
129788143	1	30381	405064617	1	30384
129788143	1	30381	461066960	1	30384
129788143	1	30381	376027204	1	30384
129788143	1	30381	175360736	1	30384
129788143	1	30381	314577372	1	30384
129788143	1	30381	168475921	1	30384
129788143	1	30381	197825913	1	30384
129788143	1	30381	257889084	1	30384
129788143	1	30381	422870905	1	30384
129788143	1	30381	85369733	1	30384
129788143	1	30381	97473850	1	30384
129788143	1	30381	117590062	1	30384
129788143	1	30381	130808930	1	30384
129788143	1	30381	219199793	1	30384
129788143	1	30381	175757617	1	30384
129788143	1	30381	406573978	1	30384
129788143	1	30381	131987384	1	30384
129788143	1	30381	277403785	1	30384
129788143	1	30381	393739194	1	30384
129788143	1	30381	202539409	1	30384
129788143	1	30381	50661860	1	30384
129788143	1	30381	408280646	1	30384
129788143	1	30381	448580518	1	30384
129788143	1	30381	437361416	1	30384
129788143	1	30381	335570300	1	30384
129788143	1	30381	72374603	1	30384
129788143	1	30381	150185716	1	30384
129788143	1	30381	451951583	1	30384
129788143	1	30381	88507316	1	30384
129788143	1	30381	132132178	1	30384
129788143	1	30381	379340729	1	30384
129788143	1	30381	269769406	1	30384
129788143	1	30381	350257330	1	30384
129788143	1	30381	292090814	1	30384
129788143	1	30381	379158099	1	30384
129788143	1	30381	437477086	1	30384
129788143	1	30381	73923850	1	30384
129788143	1	30381	175613761	1	30384
129788143	1	30381	1114513	1	30384
129788143	1	30381	414380379	1	30384
129788143	1	30381	30343383	1	30384
129788143	1	30381	393736195	1	30384
129788143	1	30381	248406044	1	30384
129788143	1	30381	219382523	1	30384
129788143	1	30381	202239585	1	30387
129788143	1	30381	25614598	1	30393
129788143	1	30381	129228274	1	30393
129788143	1	30381	200258560	1	30393
129788143	1	30381	12944468	1	30393
129788143	1	30381	406851460	1	30393
129788143	1	30381	320826178	1	30393
129788143	1	30381	175593869	1	30393
129788143	1	30381	30199411	1	30393
129788143	1	30381	233468891	1	30393
129788143	1	30381	99681025	1	30396
129788143	1	30381	146581711	1	30396
129788143	1	30381	59029549	1	30396
129788143	1	30381	15655609	1	30399
129788143	1	30381	233780867	1	30399
129788143	1	30381	30341247	1	30399
129788143	1	30381	175729219	1	30405
129788143	1	30381	332928249	1	30408
129788143	1	30381	139169410	1	30411
129788143	1	30381	432591812	1	30414
129788143	1	30381	233780574	1	30414
129788143	1	30381	272668566	1	30420
129788143	1	30381	244978028	1	30420
129788143	1	30381	132132011	1	30420
129788143	1	30381	306630328	1	30420
129788143	1	30381	73912175	1	30420
129788143	1	30381	335572798	1	30423
129788143	1	30381	83359609	1	30423
129788143	1	30381	150181215	1	30426
129788143	1	30381	146343143	1	30432
129788143	1	30381	88176716	1	30432
129788143	1	30381	281067100	1	30432
129788143	1	30381	88051297	1	30432
129788143	1	30381	451590469	1	30432
129788143	1	30381	320715970	1	30432
129788143	1	30381	451773154	1	30432
129788143	1	30381	437361526	1	30438
129788143	1	30381	291997548	1	30441
129788143	1	30381	248192606	1	30447
129788143	1	30381	321030898	1	30450
129788143	1	30381	59242229	1	30465
129788143	1	30381	262862470	1	30477
129788143	1	30381	48390385	1	30477
129788143	1	30381	364633631	1	30477
129788143	1	30381	44741092	1	30492
129788143	1	30381	146194683	1	30498
129788143	1	30381	1257638	1	30498
129788143	1	30381	455553823	1	30501
129788143	1	30381	306487853	1	30504
129788143	1	30381	30197877	1	30507
129788143	1	30381	350113590	1	30510
129788143	1	30381	146530514	1	30516
129788143	1	30381	88366086	1	30519
129788143	1	30381	102904889	1	30525
129788143	1	30381	29921381	1	30525
129788143	1	30381	102904095	1	30525
129788143	1	30381	262675657	1	30528
129788143	1	30381	59424147	1	30528
129788143	1	30381	1115802	1	30528
129788143	1	30381	160737154	1	30528
129788143	1	30381	233778775	1	30528
129788143	1	30381	335715351	1	30528
129788143	1	30381	202022516	1	30528
129788143	1	30381	364653087	1	30528
129788143	1	30381	240385876	1	30531
129788143	1	30381	204404824	1	30534
129788143	1	30381	335714471	1	30537
129788143	1	30381	146674072	1	30543
129788143	1	30381	146528842	1	30543
129788143	1	30381	30196534	1	30558
129788143	1	30381	88364984	1	30558
129788143	1	30381	393736053	1	30558
129788143	1	30381	175729272	1	30561
129788143	1	30381	335572716	1	30567
129788143	1	30381	30199157	1	30573
129788143	1	30381	292090111	1	30576
129788143	1	30381	233922431	1	30588
129788143	1	30381	59281758	1	30588
129788143	1	30381	248008354	1	30588
129788143	1	30381	44738547	1	30588
129788143	1	30381	58952738	1	30588
129788143	1	30381	59076965	1	30588
129788143	1	30381	161160470	1	30588
129788143	1	30381	189953590	1	30588
129788143	1	30381	320825247	1	30588
129788143	1	30381	190169117	1	30588
129788143	1	30381	414559704	1	30588
129788143	1	30381	117446021	1	30588
129788143	1	30381	102905002	1	30588
129788143	1	30381	364655790	1	30588
129788143	1	30381	321030669	1	30588
129788143	1	30381	161072855	1	30588
129788143	1	30381	248320114	1	30588
129788143	1	30381	161073143	1	30588
129788143	1	30381	15657779	1	30588
129788143	1	30381	277403286	1	30588
129788143	1	30381	306487893	1	30588
129788143	1	30381	219237952	1	30588
129788143	1	30381	117447661	1	30588
129788143	1	30381	233923192	1	30594
129788143	1	30381	393738774	1	30594
129788143	1	30381	146531316	1	30612
317010472	-1	27722	434719491	-1	27716
317010472	-1	27722	437423756	-1	27719
317010472	-1	27722	317010472	-1	27722
317010472	-1	27722	196989726	-1	27722
317010472	-1	27722	433738407	-1	27722
317010472	-1	27722	256417723	-1	27740
317010472	-1	27722	334409077	-1	27746
317010472	-1	27722	23419092	-1	27749
317010472	-1	27722	37560561	-1	27770
317010472	-1	27722	329116405	-1	27770
317010472	-1	27722	415299014	-1	27770
317010472	-1	27722	460652522	-1	27776
317010472	-1	27722	81301110	-1	27779
317010472	-1	27722	403431578	-1	27779
317010472	-1	27722	68164904	-1	27779
317010472	-1	27722	80432493	-1	27779
317010472	-1	27722	103055674	-1	27779
317010472	-1	27722	50701548	-1	27779
317010472	-1	27722	200791255	-1	27779
317010472	-1	27722	12742584	-1	27779
317010472	-1	27722	129940574	-1	27785
317010472	-1	27722	321007538	-1	27785
317010472	-1	27722	233650562	-1	27785
317010472	-1	27722	100536904	-1	27788
317010472	-1	27722	175425960	-1	27788
317010472	-1	27722	462676664	-1	27791
317010472	-1	27722	364320183	-1	27791
317010472	-1	27722	392389971	-1	27794
317010472	-1	27722	401876751	-1	27794
317010472	-1	27722	156081464	-1	27794
317010472	-1	27722	61330324	-1	27794
317010472	-1	27722	347783283	-1	27797
317010472	-1	27722	292126255	-1	27797
317010472	-1	27722	15425794	-1	27797
317010472	-1	27722	37029667	-1	27800
317010472	-1	27722	109010415	-1	27800
317010472	-1	27722	95688623	-1	27800
317010472	-1	27722	28309432	-1	27800
317010472	-1	27722	298891420	-1	27800
317010472	-1	27722	175635575	-1	27800
317010472	-1	27722	418728286	-1	27800
317010472	-1	27722	211413580	-1	27800
317010472	-1	27722	95083750	-1	27800
317010472	-1	27722	170689345	-1	27800
317010472	-1	27722	334285512	-1	27800
317010472	-1	27722	24696615	-1	27800
317010472	-1	27722	100637227	-1	27800
317010472	-1	27722	303994212	-1	27800
317010472	-1	27722	72461087	-1	27800
317010472	-1	27722	153893203	-1	27800
317010472	-1	27722	187322213	-1	27800
317010472	-1	27722	300159346	-1	27800
317010472	-1	27722	254999765	-1	27800
317010472	-1	27722	374077107	-1	27800
317010472	-1	27722	117306483	-1	27800
317010472	-1	27722	69169912	-1	27800
317010472	-1	27722	144832656	-1	27800
317010472	-1	27722	275783137	-1	27800
317010472	-1	27722	461180649	-1	27800
317010472	-1	27722	432252675	-1	27800
317010472	-1	27722	161094211	-1	27800
317010472	-1	27722	94121210	-1	27800
317010472	-1	27722	335344960	-1	27800
317010472	-1	27722	143958044	-1	27800
317010472	-1	27722	389985447	-1	27800
317010472	-1	27722	185123653	-1	27800
317010472	-1	27722	54618902	-1	27800
317010472	-1	27722	196829558	-1	27800
317010472	-1	27722	44919834	-1	27800
317010472	-1	27722	342783437	-1	27815
317010472	-1	27722	44919779	-1	27824
317010472	-1	27722	379162286	-1	27836
317010472	-1	27722	197344437	-1	27848
317010472	-1	27722	97304660	-1	27875
317010472	-1	27722	432067983	-1	27875
317010472	-1	27722	117340649	-1	27920
317010472	-1	27722	320715746	-1	27920
317010472	-1	27722	123603878	-1	27923
317010472	-1	27722	364833821	-1	27923
317010472	-1	27722	431418020	-1	27923
317010472	-1	27722	226882532	-1	27923
317010472	-1	27722	30079530	-1	27926
317010472	-1	27722	379350430	-1	27926
317010472	-1	27722	364422107	-1	27926
317010472	-1	27722	379308130	-1	27926
317010472	-1	27722	59160046	-1	27944
317010472	-1	27722	184248460	-1	27947
317010472	-1	27722	59167009	-1	27953
317010472	-1	27722	44621001	-1	27953
317010472	-1	27722	364534378	-1	27953
317010472	-1	27722	15538210	-1	27953
317010472	-1	27722	320953281	-1	27956
317010472	-1	27722	277507344	-1	27974
317010472	-1	27722	306366997	-1	28001
317010472	-1	27722	350260754	-1	28013
317010472	-1	27722	13240794	-1	28028
30199013	-1	30527	393423757	-1	30497
30199013	-1	30527	30199013	-1	30527
30199013	-1	30527	335571050	-1	30527
30199013	-1	30527	190153829	-1	30527
30199013	-1	30527	102905856	-1	30527
30199013	-1	30527	350112569	-1	30527
452083573	-1	34248	364462438	-1	34209
452083573	-1	34248	59155175	-1	34209
452083573	-1	34248	44623940	-1	34227
452083573	-1	34248	219124818	-1	34227
452083573	-1	34248	437242530	-1	34227
452083573	-1	34248	204578537	-1	34227
452083573	-1	34248	306366573	-1	34227
452083573	-1	34248	44513257	-1	34230
452083573	-1	34248	15430024	-1	34230
452083573	-1	34248	262627010	-1	34230
452083573	-1	34248	15652340	-1	34236
452083573	-1	34248	350108014	-1	34236
452083573	-1	34248	131868584	-1	34239
452083573	-1	34248	103030613	-1	34239
452083573	-1	34248	291942438	-1	34239
452083573	-1	34248	175604226	-1	34239
452083573	-1	34248	277401072	-1	34239
452083573	-1	34248	15740222	-1	34239
452083573	-1	34248	175609067	-1	34239
452083573	-1	34248	379191436	-1	34239
452083573	-1	34248	15653400	-1	34239
452083573	-1	34248	379189339	-1	34239
452083573	-1	34248	175605351	-1	34239
452083573	-1	34248	408272517	-1	34239
452083573	-1	34248	88357891	-1	34239
452083573	-1	34248	306479527	-1	34239
452083573	-1	34248	88373086	-1	34239
452083573	-1	34248	73704873	-1	34239
452083573	-1	34248	219376767	-1	34239
452083573	-1	34248	88249858	-1	34239
452083573	-1	34248	350216342	-1	34239
452083573	-1	34248	422811968	-1	34239
452083573	-1	34248	15535269	-1	34239
452083573	-1	34248	29946371	-1	34242
452083573	-1	34248	189886858	-1	34242
452083573	-1	34248	393532567	-1	34242
452083573	-1	34248	350094095	-1	34245
452083573	-1	34248	452083573	-1	34248
452083573	-1	34248	146318389	-1	34248
452083573	-1	34248	408159202	-1	34248
452083573	-1	34248	233665184	-1	34248
452083573	-1	34248	262672095	-1	34251
452083573	-1	34248	364666236	-1	34254
452083573	-1	34248	189940535	-1	34254
452083573	-1	34248	102992943	-1	34254
452083573	-1	34248	379192999	-1	34257
452083573	-1	34248	451894199	-1	34260
452083573	-1	34248	378947421	-1	34260
452083573	-1	34248	102697146	-1	34263
452083573	-1	34248	364647465	-1	34269
452083573	-1	34248	335563508	-1	34269
452083573	-1	34248	131689301	-1	34272
452083573	-1	34248	233776237	-1	34272
452083573	-1	34248	146521048	-1	34272
452083573	-1	34248	277489914	-1	34275
452083573	-1	34248	437447216	-1	34281
452083573	-1	34248	422718557	-1	34281
452083573	-1	34248	204556461	-1	34281
452083573	-1	34248	973032	-1	34281
452083573	-1	34248	175472747	-1	34281
452083573	-1	34248	233638685	-1	34281
452083573	-1	34248	233638193	-1	34281
452083573	-1	34248	422679316	-1	34281
452083573	-1	34248	117345646	-1	34281
452083573	-1	34248	59138386	-1	34281
452083573	-1	34248	335429456	-1	34281
452083573	-1	34248	277263750	-1	34281
452083573	-1	34248	379053124	-1	34281
452083573	-1	34248	204556040	-1	34281
452083573	-1	34248	393778838	-1	34281
452083573	-1	34248	219235754	-1	34281
452083573	-1	34248	422679836	-1	34281
452083573	-1	34248	291805350	-1	34281
452083573	-1	34248	59139968	-1	34281
452083573	-1	34248	204554761	-1	34281
452083573	-1	34248	59139949	-1	34281
452083573	-1	34248	190013487	-1	34281
452083573	-1	34248	59139909	-1	34281
452083573	-1	34248	102762880	-1	34281
452083573	-1	34248	160747876	-1	34281
452083573	-1	34248	306346952	-1	34281
452083573	-1	34248	117124791	-1	34281
452083573	-1	34248	219096946	-1	34281
452083573	-1	34248	451659225	-1	34284
452083573	-1	34248	422815339	-1	34284
452083573	-1	34248	15652571	-1	34284
452083573	-1	34248	161066388	-1	34284
452083573	-1	34248	131984404	-1	34284
452083573	-1	34248	248313419	-1	34284
452083573	-1	34248	88357345	-1	34284
452083573	-1	34248	88357406	-1	34284
452083573	-1	34248	204688848	-1	34284
452083573	-1	34248	422816858	-1	34284
452083573	-1	34248	146522867	-1	34284
452083573	-1	34248	117440780	-1	34284
452083573	-1	34248	131981663	-1	34284
452083573	-1	34248	190150688	-1	34284
452083573	-1	34248	408273553	-1	34284
452083573	-1	34248	291937298	-1	34284
452083573	-1	34248	233776314	-1	34284
452083573	-1	34248	277399814	-1	34284
452083573	-1	34248	44729962	-1	34284
452083573	-1	34248	451898343	-1	34284
452083573	-1	34248	44733910	-1	34284
452083573	-1	34248	350107572	-1	34284
452083573	-1	34248	233775856	-1	34284
452083573	-1	34248	321022288	-1	34284
452083573	-1	34248	350108455	-1	34284
452083573	-1	34248	335561393	-1	34284
452083573	-1	34248	233774291	-1	34284
452083573	-1	34248	204688939	-1	34284
452083573	-1	34248	393731940	-1	34284
452083573	-1	34248	73818734	-1	34284
452083573	-1	34248	15650748	-1	34284
452083573	-1	34248	233775863	-1	34284
452083573	-1	34248	73818005	-1	34284
452083573	-1	34248	262855162	-1	34284
452083573	-1	34248	117438855	-1	34284
452083573	-1	34248	349972125	-1	34284
452083573	-1	34248	15653528	-1	34284
452083573	-1	34248	408273479	-1	34284
452083573	-1	34248	408275701	-1	34284
452083573	-1	34248	262855153	-1	34284
452083573	-1	34248	59276018	-1	34284
452083573	-1	34248	44736353	-1	34284
452083573	-1	34248	15649898	-1	34284
452083573	-1	34248	422816142	-1	34284
452083573	-1	34248	15648588	-1	34284
452083573	-1	34248	160955271	-1	34284
452083573	-1	34248	131985044	-1	34284
452083573	-1	34248	422814508	-1	34284
452083573	-1	34248	291936361	-1	34284
452083573	-1	34248	335568117	-1	34284
452083573	-1	34248	146523804	-1	34284
452083573	-1	34248	190152651	-1	34284
452083573	-1	34248	161066771	-1	34284
452083573	-1	34248	364648670	-1	34284
452083573	-1	34248	321024052	-1	34284
452083573	-1	34248	175604831	-1	34284
452083573	-1	34248	321021061	-1	34284
452083573	-1	34248	369956008	-1	34287
452083573	-1	34248	224541355	-1	34287
452083573	-1	34248	6413649	-1	34287
452083573	-1	34248	297244320	-1	34287
452083573	-1	34248	131979380	-1	34287
452083573	-1	34248	146291214	-1	34287
452083573	-1	34248	175593175	-1	34290
452083573	-1	34248	146322572	-1	34290
452083573	-1	34248	73919060	-1	34293
452083573	-1	34248	393778256	-1	34293
452083573	-1	34248	175405165	-1	34296
452083573	-1	34248	73613442	-1	34296
452083573	-1	34248	437153720	-1	34296
452083573	-1	34248	44597183	-1	34296
452083573	-1	34248	132093072	-1	34296
452083573	-1	34248	350293289	-1	34299
452083573	-1	34248	189954398	-1	34299
452083573	-1	34248	30242986	-1	34299
452083573	-1	34248	437255241	-1	34299
452083573	-1	34248	15549852	-1	34299
452083573	-1	34248	219279811	-1	34299
452083573	-1	34248	204703163	-1	34299
452083573	-1	34248	437454832	-1	34299
452083573	-1	34248	248415075	-1	34299
452083573	-1	34248	146571225	-1	34299
452083573	-1	34248	44783672	-1	34299
452083573	-1	34248	160823195	-1	34299
452083573	-1	34248	437355335	-1	34299
452083573	-1	34248	335568170	-1	34299
452083573	-1	34248	263043079	-1	34299
452083573	-1	34248	451900435	-1	34299
452083573	-1	34248	73813533	-1	34299
452083573	-1	34248	73818038	-1	34299
452083573	-1	34248	102948067	-1	34299
452083573	-1	34248	408322361	-1	34299
452083573	-1	34248	30189086	-1	34299
452083573	-1	34248	350108300	-1	34299
452083573	-1	34248	30192348	-1	34299
452083573	-1	34248	1107277	-1	34299
452083573	-1	34248	291943235	-1	34299
452083573	-1	34248	73815618	-1	34299
452083573	-1	34248	219279759	-1	34299
452083573	-1	34248	146571865	-1	34299
452083573	-1	34248	320901649	-1	34299
452083573	-1	34248	15653647	-1	34299
452083573	-1	34248	393732740	-1	34302
452083573	-1	34248	437354078	-1	34302
452083573	-1	34248	204691799	-1	34302
452083573	-1	34248	422817117	-1	34302
452083573	-1	34248	291936739	-1	34302
452083573	-1	34248	349904045	-1	34302
452083573	-1	34248	306482214	-1	34302
452083573	-1	34248	189928832	-1	34302
452083573	-1	34248	189929009	-1	34302
452083573	-1	34248	364648995	-1	34302
452083573	-1	34248	59271092	-1	34302
452083573	-1	34248	291943690	-1	34302
452083573	-1	34248	189947485	-1	34302
452083573	-1	34248	29988956	-1	34302
452083573	-1	34248	30194723	-1	34302
452083573	-1	34248	102896306	-1	34302
452083573	-1	34248	30191627	-1	34302
452083573	-1	34248	15648441	-1	34302
452083573	-1	34248	44733065	-1	34302
452083573	-1	34248	44729520	-1	34302
452083573	-1	34248	88357665	-1	34302
452083573	-1	34248	393715525	-1	34305
452083573	-1	34248	451882013	-1	34305
452083573	-1	34248	364633530	-1	34305
452083573	-1	34248	30082570	-1	34305
452083573	-1	34248	15541638	-1	34305
452083573	-1	34248	262858358	-1	34305
452083573	-1	34248	364645445	-1	34305
452083573	-1	34248	335566126	-1	34305
452083573	-1	34248	102896786	-1	34305
452083573	-1	34248	15653290	-1	34305
452083573	-1	34248	408271100	-1	34305
452083573	-1	34248	335564613	-1	34305
452083573	-1	34248	321024126	-1	34305
452083573	-1	34248	1110355	-1	34305
452083573	-1	34248	335563893	-1	34305
452083573	-1	34248	219124439	-1	34305
452083573	-1	34248	88245626	-1	34305
452083573	-1	34248	59276411	-1	34305
452083573	-1	34248	15650095	-1	34305
452083573	-1	34248	277399141	-1	34305
452083573	-1	34248	306482950	-1	34305
452083573	-1	34248	175607371	-1	34305
452083573	-1	34248	379190977	-1	34311
452083573	-1	34248	291942734	-1	34311
452083573	-1	34248	262856846	-1	34311
452083573	-1	34248	73813415	-1	34311
452083573	-1	34248	248362680	-1	34311
452083573	-1	34248	146574373	-1	34311
452083573	-1	34248	393715835	-1	34311
452083573	-1	34248	248302284	-1	34311
452083573	-1	34248	364634596	-1	34311
452083573	-1	34248	102900927	-1	34311
452083573	-1	34248	131979523	-1	34311
452083573	-1	34248	73818469	-1	34311
452083573	-1	34248	422816140	-1	34311
452083573	-1	34248	59274844	-1	34311
452083573	-1	34248	422812390	-1	34311
452083573	-1	34248	321023690	-1	34311
452083573	-1	34248	175607070	-1	34311
452083573	-1	34248	44729776	-1	34311
452083573	-1	34248	306484580	-1	34311
452083573	-1	34248	160869840	-1	34311
452083573	-1	34248	146284032	-1	34311
452083573	-1	34248	335327071	-1	34317
452083573	-1	34248	277303243	-1	34320
452083573	-1	34248	175780086	-1	34323
452083573	-1	34248	30079173	-1	34326
452083573	-1	34248	102902473	-1	34326
452083573	-1	34248	291937925	-1	34332
452083573	-1	34248	146522524	-1	34332
452083573	-1	34248	393734639	-1	34335
452083573	-1	34248	306373199	-1	34335
452083573	-1	34248	437357098	-1	34338
452083573	-1	34248	262853745	-1	34338
452083573	-1	34248	393729405	-1	34338
452083573	-1	34248	277399129	-1	34338
452083573	-1	34248	306480325	-1	34338
452083573	-1	34248	190149736	-1	34338
452083573	-1	34248	306481671	-1	34338
452083573	-1	34248	422815626	-1	34338
452083573	-1	34248	248318903	-1	34338
452083573	-1	34248	437062562	-1	34338
452083573	-1	34248	437353485	-1	34338
452083573	-1	34248	117438949	-1	34338
452083573	-1	34248	59271431	-1	34338
452083573	-1	34248	102900214	-1	34338
452083573	-1	34248	73816145	-1	34338
452083573	-1	34248	117443866	-1	34338
452083573	-1	34248	451894003	-1	34338
452083573	-1	34248	408271980	-1	34338
452083573	-1	34248	161068283	-1	34338
452083573	-1	34248	393731236	-1	34338
452083573	-1	34248	277400539	-1	34338
452083573	-1	34248	1106483	-1	34338
452083573	-1	34248	335561646	-1	34338
452083573	-1	34248	131981715	-1	34338
452083573	-1	34248	277394794	-1	34338
452083573	-1	34248	175610888	-1	34338
452083573	-1	34248	291939272	-1	34338
452083573	-1	34248	277105497	-1	34338
452083573	-1	34248	161066401	-1	34338
452083573	-1	34248	321025692	-1	34338
452083573	-1	34248	161068338	-1	34338
452083573	-1	34248	306485098	-1	34338
452083573	-1	34248	335561910	-1	34338
452083573	-1	34248	30096483	-1	34344
452083573	-1	34248	291844598	-1	34344
452083573	-1	34248	15554863	-1	34344
452083573	-1	34248	219235251	-1	34344
452083573	-1	34248	73812659	-1	34344
452083573	-1	34248	58980888	-1	34344
452083573	-1	34248	102900080	-1	34344
452083573	-1	34248	335565727	-1	34344
452083573	-1	34248	306485104	-1	34344
452083573	-1	34248	277398394	-1	34344
452083573	-1	34248	437353747	-1	34344
452083573	-1	34248	451896681	-1	34344
452083573	-1	34248	15646648	-1	34344
452083573	-1	34248	131984341	-1	34344
452083573	-1	34248	291844866	-1	34344
452083573	-1	34248	379190791	-1	34344
452083573	-1	34248	335561916	-1	34344
452083573	-1	34248	437358719	-1	34344
452083573	-1	34248	408269866	-1	34344
452083573	-1	34248	248314603	-1	34344
452083573	-1	34248	233773884	-1	34344
452083573	-1	34248	146527366	-1	34344
452083573	-1	34248	262858987	-1	34353
452083573	-1	34248	291937496	-1	34353
452083573	-1	34248	350108167	-1	34353
452083573	-1	34248	422814943	-1	34353
452083573	-1	34248	364547271	-1	34359
452083573	-1	34248	88238119	-1	34368
452083573	-1	34248	320992820	-1	34368
452083573	-1	34248	408152694	-1	34368
452083573	-1	34248	408242802	-1	34368
452083573	-1	34248	349998706	-1	34371
452083573	-1	34248	408053241	-1	34377
452083573	-1	34248	117622299	-1	34377
452083573	-1	34248	437135424	-1	34377
452083573	-1	34248	117539563	-1	34377
452083573	-1	34248	102999183	-1	34377
452083573	-1	34248	422912072	-1	34377
452083573	-1	34248	131853799	-1	34377
452083573	-1	34248	277497760	-1	34377
452083573	-1	34248	161067234	-1	34377
452083573	-1	34248	175493821	-1	34377
452083573	-1	34248	88358026	-1	34377
452083573	-1	34248	103006594	-1	34377
452083573	-1	34248	321023229	-1	34380
452083573	-1	34248	277399022	-1	34383
452083573	-1	34248	379188603	-1	34383
452083573	-1	34248	175606450	-1	34383
452083573	-1	34248	321023935	-1	34386
452083573	-1	34248	204560027	-1	34386
452083573	-1	34248	59158683	-1	34386
452083573	-1	34248	277161212	-1	34386
452083573	-1	34248	102898789	-1	34389
452083573	-1	34248	15537817	-1	34392
452083573	-1	34248	30079518	-1	34398
452083573	-1	34248	102790461	-1	34401
452083573	-1	34248	15747775	-1	34413
452083573	-1	34248	306377447	-1	34419
452083573	-1	34248	190040758	-1	34431
452083573	-1	34248	239082832	-1	34440
452083573	-1	34248	175606683	-1	34443
452083573	-1	34248	146410668	-1	34446
452083573	-1	34248	233480601	-1	34452
452083573	-1	34248	437353654	-1	34452
452083573	-1	34248	393731587	-1	34452
452083573	-1	34248	233567118	-1	34455
452083573	-1	34248	15717459	-1	34455
452083573	-1	34248	364632041	-1	34458
452083573	-1	34248	204687334	-1	34461
452083573	-1	34248	364651138	-1	34461
452083573	-1	34248	306483133	-1	34461
452083573	-1	34248	175606131	-1	34461
452083573	-1	34248	73812683	-1	34461
452083573	-1	34248	73813984	-1	34464
452083573	-1	34248	59179284	-1	34464
452083573	-1	34248	117440527	-1	34464
452083573	-1	34248	73817850	-1	34464
452083573	-1	34248	219123290	-1	34464
452083573	-1	34248	146288320	-1	34464
452083573	-1	34248	219011839	-1	34476
452083573	-1	34248	248315429	-1	34476
452083573	-1	34248	175609955	-1	34476
452083573	-1	34248	59275038	-1	34479
452083573	-1	34248	437359307	-1	34479
452083573	-1	34248	408070353	-1	34485
452083573	-1	34248	219340725	-1	34485
452083573	-1	34248	437353467	-1	34488
452083573	-1	34248	204693399	-1	34503
452083573	-1	34248	437246775	-1	34509
452083573	-1	34248	262859373	-1	34512
452083573	-1	34248	291844912	-1	34521
452083573	-1	34248	379188144	-1	34524
452083573	-1	34248	204693996	-1	34524
452083573	-1	34248	451900285	-1	34524
452083573	-1	34248	146527801	-1	34524
452083573	-1	34248	15652872	-1	34524
452083573	-1	34248	262842583	-1	34524
452083573	-1	34248	102661299	-1	34524
452083573	-1	34248	321020713	-1	34524
452083573	-1	34248	131985326	-1	34524
452083573	-1	34248	262856125	-1	34524
452083573	-1	34248	291828273	-1	34524
452083573	-1	34248	131983013	-1	34527
452083573	-1	34248	451900064	-1	34530
452083573	-1	34248	161068832	-1	34530
452083573	-1	34248	204690009	-1	34539
452083573	-1	34248	59278221	-1	34545
452083573	-1	34248	117489449	-1	34560
452083573	-1	34248	437220608	-1	34569
452083573	-1	34248	437448757	-1	34572
452083573	-1	34248	393728048	-1	34572
452083573	-1	34248	44733397	-1	34602
452083573	-1	34248	175291733	-1	34608
452083573	-1	34248	408269887	-1	34608
452083573	-1	34248	350103716	-1	34608
452083573	-1	34248	379094051	-1	34614
452083573	-1	34248	219232014	-1	34614
452083573	-1	34248	204690439	-1	34614
452083573	-1	34248	30193902	-1	34617
452083573	-1	34248	262746041	-1	34620
452083573	-1	34248	291830128	-1	34626
452083573	-1	34248	160945525	-1	34638
452083573	-1	34248	117443007	-1	34641
452083573	-1	34248	29989228	-1	34647
452083573	-1	34248	146413403	-1	34647
452083573	-1	34248	393621977	-1	34647
452083573	-1	34248	379188293	-1	34650
452083573	-1	34248	102605755	-1	34650
452083573	-1	34248	422812019	-1	34650
452083573	-1	34248	321021274	-1	34653
452083573	-1	34248	321024273	-1	34656
452083573	-1	34248	146303999	-1	34659
452083573	-1	34248	175494575	-1	34668
452083573	-1	34248	379075425	-1	34668
452083573	-1	34248	451785181	-1	34668
452083573	-1	34248	1104876	-1	34668
452083573	-1	34248	422704463	-1	34668
452083573	-1	34248	59272565	-1	34671
452083573	-1	34248	335563809	-1	34671
452083573	-1	34248	335567215	-1	34671
452083573	-1	34248	233771665	-1	34671
452083573	-1	34248	306482963	-1	34671
452083573	-1	34248	81835544	-1	34686
452083573	-1	34248	996014	-1	34686
452083573	-1	34248	44623813	-1	34686
452083573	-1	34248	408270835	-1	34686
452083573	-1	34248	73707293	-1	34704
452083573	-1	34248	364535504	-1	34707
452083573	-1	34248	204694232	-1	34707
452083573	-1	34248	277531730	-1	34707
452083573	-1	34248	335564983	-1	34707
452083573	-1	34248	364648238	-1	34707
452083573	-1	34248	117440921	-1	34707
452083573	-1	34248	131985485	-1	34707
452083573	-1	34248	59461132	-1	34716
452083573	-1	34248	59277097	-1	34716
452083573	-1	34248	30190714	-1	34728
452083573	-1	34248	335562749	-1	34728
452083573	-1	34248	161066117	-1	34728
452083573	-1	34248	93666398	-1	34737
452083573	-1	34248	349971099	-1	34737
452083573	-1	34248	44440109	-1	34746
452083573	-1	34248	422816718	-1	34767
452083573	-1	34248	815504	-1	34767
452083573	-1	34248	248202220	-1	34773
452083573	-1	34248	233833887	-1	34776
452083573	-1	34248	117327253	-1	34776
452083573	-1	34248	204688953	-1	34776
452083573	-1	34248	262742894	-1	34776
452083573	-1	34248	117440969	-1	34782
452083573	-1	34248	335566470	-1	34785
452083573	-1	34248	233775563	-1	34788
452083573	-1	34248	15651603	-1	34788
452083573	-1	34248	393733779	-1	34788
452083573	-1	34248	219230199	-1	34788
452083573	-1	34248	219233948	-1	34788
452083573	-1	34248	277400188	-1	34788
452083573	-1	34248	88064167	-1	34788
452083573	-1	34248	306482244	-1	34788
452083573	-1	34248	233771879	-1	34788
452083573	-1	34248	408273371	-1	34788
452083573	-1	34248	219229395	-1	34788
452083573	-1	34248	146525589	-1	34788
452083573	-1	34248	146527181	-1	34788
452083573	-1	34248	30188535	-1	34788
452083573	-1	34248	175604648	-1	34788
452083573	-1	34248	364647648	-1	34788
452083573	-1	34248	248316602	-1	34788
452083573	-1	34248	364651299	-1	34791
452083573	-1	34248	350103212	-1	34791
452083573	-1	34248	1109644	-1	34791
452083573	-1	34248	102901020	-1	34791
452083573	-1	34248	190151376	-1	34791
452083573	-1	34248	88262465	-1	34794
452083573	-1	34248	204694040	-1	34794
452083573	-1	34248	393621822	-1	34794
452083573	-1	34248	29979680	-1	34794
452083573	-1	34248	422647480	-1	34794
452083573	-1	34248	320914777	-1	34794
452083573	-1	34248	248201581	-1	34794
452083573	-1	34248	437247956	-1	34794
452083573	-1	34248	88371564	-1	34794
452083573	-1	34248	15653384	-1	34794
452083573	-1	34248	393617695	-1	34794
452083573	-1	34248	146525723	-1	34797
452083573	-1	34248	146303783	-1	34800
452083573	-1	34248	277398870	-1	34800
452083573	-1	34248	44736316	-1	34800
452083573	-1	34248	321020890	-1	34800
452083573	-1	34248	44736550	-1	34800
452083573	-1	34248	117439448	-1	34800
452083573	-1	34248	393896481	-1	34806
452083573	-1	34248	350106069	-1	34806
452083573	-1	34248	277400035	-1	34815
452083573	-1	34248	350109926	-1	34824
452083573	-1	34248	88360921	-1	34827
452083573	-1	34248	335583511	-1	34827
452083573	-1	34248	437353396	-1	34827
452083573	-1	34248	190042065	-1	34827
452083573	-1	34248	30188922	-1	34830
452083573	-1	34248	1109731	-1	34833
452083573	-1	34248	379185968	-1	34833
452083573	-1	34248	233775526	-1	34839
452083573	-1	34248	204687992	-1	34842
452083573	-1	34248	219121012	-1	34854
452083573	-1	34248	102784605	-1	34860
452083573	-1	34248	248313640	-1	34863
452083573	-1	34248	189832932	-1	34899
452083573	-1	34248	30189835	-1	34908
452083573	-1	34248	393734604	-1	34932
452083573	-1	34248	161065275	-1	34932
452083573	-1	34248	117130250	-1	34932
452083573	-1	34248	277397874	-1	34932
452083573	-1	34248	233537553	-1	34932
452083573	-1	34248	88358872	-1	34932
452083573	-1	34248	321021539	-1	34932
452083573	-1	34248	379186637	-1	34932
452083573	-1	34248	277290666	-1	34932
452083573	-1	34248	190146619	-1	34932
452083573	-1	34248	422703401	-1	34932
452083573	-1	34248	451605214	-1	34932
452083573	-1	34248	248316335	-1	34932
452083573	-1	34248	233772018	-1	34947
452083573	-1	34248	262857779	-1	34974
452083573	-1	34248	364645342	-1	34974
452083573	-1	34248	117329328	-1	34974
452083573	-1	34248	393729825	-1	34974
452083573	-1	34248	364649814	-1	34974
452083573	-1	34248	1105000	-1	34989
452083573	-1	34248	291942670	-1	34989
452083573	-1	34248	233774125	-1	35001
452083573	-1	34248	306528405	-1	35013
452083573	-1	34248	117439067	-1	35013
452083573	-1	34248	233481035	-1	35049
452083573	-1	34248	29981592	-1	35634
73959475	-1	37268	175420196	-1	36956
73959475	-1	37268	73631496	-1	36956
73959475	-1	37268	189962445	-1	36956
73959475	-1	37268	335501986	-1	36959
73959475	-1	37268	437498127	-1	37010
73959475	-1	37268	175728998	-1	37052
73959475	-1	37268	451949792	-1	37064
73959475	-1	37268	131729628	-1	37067
73959475	-1	37268	24776656	-1	37070
73959475	-1	37268	30068709	-1	37088
73959475	-1	37268	437308731	-1	37094
73959475	-1	37268	451640743	-1	37100
73959475	-1	37268	131796104	-1	37109
73959475	-1	37268	132090055	-1	37109
73959475	-1	37268	1018054	-1	37112
73959475	-1	37268	306392055	-1	37112
73959475	-1	37268	131892920	-1	37115
73959475	-1	37268	190101619	-1	37115
73959475	-1	37268	422766867	-1	37115
73959475	-1	37268	161017785	-1	37115
73959475	-1	37268	204642817	-1	37115
73959475	-1	37268	15538766	-1	37115
73959475	-1	37268	422965671	-1	37115
73959475	-1	37268	219122473	-1	37115
73959475	-1	37268	334263855	-1	37121
73959475	-1	37268	140130830	-1	37121
73959475	-1	37268	305370812	-1	37121
73959475	-1	37268	437265751	-1	37124
73959475	-1	37268	321166192	-1	37130
73959475	-1	37268	437291818	-1	37130
73959475	-1	37268	102746291	-1	37154
73959475	-1	37268	422661371	-1	37154
73959475	-1	37268	277334196	-1	37154
73959475	-1	37268	73757603	-1	37166
73959475	-1	37268	30101028	-1	37184
73959475	-1	37268	204707352	-1	37187
73959475	-1	37268	346337166	-1	37187
73959475	-1	37268	350118789	-1	37193
73959475	-1	37268	350047475	-1	37205
73959475	-1	37268	161006261	-1	37205
73959475	-1	37268	451838503	-1	37205
73959475	-1	37268	102840917	-1	37205
73959475	-1	37268	320818081	-1	37208
73959475	-1	37268	82770542	-1	37211
73959475	-1	37268	9852110	-1	37220
73959475	-1	37268	44642460	-1	37220
73959475	-1	37268	102809236	-1	37226
73959475	-1	37268	451904368	-1	37232
73959475	-1	37268	379088717	-1	37232
73959475	-1	37268	262756574	-1	37232
73959475	-1	37268	393640133	-1	37238
73959475	-1	37268	437499383	-1	37241
73959475	-1	37268	306421209	-1	37241
73959475	-1	37268	233559465	-1	37241
73959475	-1	37268	364599908	-1	37244
73959475	-1	37268	59209722	-1	37244
73959475	-1	37268	80487826	-1	37247
73959475	-1	37268	190083582	-1	37247
73959475	-1	37268	30018881	-1	37247
73959475	-1	37268	189892491	-1	37250
73959475	-1	37268	15590851	-1	37250
73959475	-1	37268	117320637	-1	37250
73959475	-1	37268	277333654	-1	37253
73959475	-1	37268	422619171	-1	37256
73959475	-1	37268	995082	-1	37256
73959475	-1	37268	117332346	-1	37256
73959475	-1	37268	146669064	-1	37256
73959475	-1	37268	306283293	-1	37256
73959475	-1	37268	30005073	-1	37262
73959475	-1	37268	393527583	-1	37262
73959475	-1	37268	422608264	-1	37262
73959475	-1	37268	903343	-1	37262
73959475	-1	37268	189936306	-1	37262
73959475	-1	37268	73959475	-1	37268
73959475	-1	37268	277313048	-1	37268
73959475	-1	37268	117547548	-1	37268
73959475	-1	37268	408141456	-1	37271
73959475	-1	37268	277350661	-1	37274
73959475	-1	37268	988560	-1	37274
73959475	-1	37268	131863333	-1	37274
73959475	-1	37268	190101393	-1	37274
73959475	-1	37268	190045266	-1	37274
73959475	-1	37268	88089605	-1	37274
73959475	-1	37268	29923224	-1	37274
73959475	-1	37268	131953126	-1	37277
73959475	-1	37268	204660908	-1	37277
73959475	-1	37268	437327232	-1	37277
73959475	-1	37268	320993470	-1	37277
73959475	-1	37268	190089800	-1	37277
73959475	-1	37268	451850594	-1	37277
73959475	-1	37268	437308318	-1	37277
73959475	-1	37268	277192684	-1	37277
73959475	-1	37268	131966749	-1	37280
73959475	-1	37268	226917373	-1	37280
73959475	-1	37268	350076650	-1	37280
73959475	-1	37268	59288943	-1	37280
73959475	-1	37268	291805001	-1	37283
73959475	-1	37268	451763283	-1	37283
73959475	-1	37268	204706594	-1	37283
73959475	-1	37268	117174472	-1	37283
73959475	-1	37268	255325471	-1	37283
73959475	-1	37268	28025792	-1	37283
73959475	-1	37268	29989308	-1	37289
73959475	-1	37268	408070263	-1	37289
73959475	-1	37268	160953567	-1	37292
73959475	-1	37268	146265567	-1	37292
73959475	-1	37268	437254736	-1	37295
73959475	-1	37268	1163713	-1	37295
73959475	-1	37268	102628023	-1	37295
73959475	-1	37268	335360936	-1	37295
73959475	-1	37268	73756309	-1	37295
73959475	-1	37268	190091372	-1	37295
73959475	-1	37268	262797103	-1	37295
73959475	-1	37268	262862242	-1	37295
73959475	-1	37268	277542392	-1	37295
73959475	-1	37268	350092430	-1	37295
73959475	-1	37268	1048368	-1	37295
73959475	-1	37268	248085620	-1	37295
73959475	-1	37268	59029165	-1	37295
73959475	-1	37268	422754679	-1	37295
73959475	-1	37268	161217022	-1	37295
73959475	-1	37268	291877650	-1	37295
73959475	-1	37268	175800234	-1	37295
73959475	-1	37268	88267470	-1	37295
73959475	-1	37268	437294248	-1	37295
73959475	-1	37268	291963030	-1	37295
73959475	-1	37268	277296857	-1	37298
73959475	-1	37268	44521147	-1	37298
73959475	-1	37268	146350058	-1	37298
73959475	-1	37268	248100188	-1	37298
73959475	-1	37268	175390380	-1	37298
73959475	-1	37268	161210383	-1	37298
73959475	-1	37268	393643769	-1	37298
73959475	-1	37268	335565781	-1	37298
73959475	-1	37268	248102364	-1	37298
73959475	-1	37268	146458782	-1	37298
73959475	-1	37268	44732402	-1	37301
73959475	-1	37268	364345722	-1	37301
73959475	-1	37268	320821165	-1	37301
73959475	-1	37268	335562138	-1	37301
73959475	-1	37268	233895289	-1	37301
73959475	-1	37268	379098908	-1	37301
73959475	-1	37268	175609317	-1	37301
73959475	-1	37268	894155	-1	37301
73959475	-1	37268	393782454	-1	37301
73959475	-1	37268	451693069	-1	37304
73959475	-1	37268	379142730	-1	37304
73959475	-1	37268	262809537	-1	37304
73959475	-1	37268	364600696	-1	37304
73959475	-1	37268	146422688	-1	37304
73959475	-1	37268	408214181	-1	37304
73959475	-1	37268	190119998	-1	37304
73959475	-1	37268	291909813	-1	37304
73959475	-1	37268	1060718	-1	37304
73959475	-1	37268	59245448	-1	37304
73959475	-1	37268	277489452	-1	37304
73959475	-1	37268	321174634	-1	37304
73959475	-1	37268	190101763	-1	37304
73959475	-1	37268	146495583	-1	37304
73959475	-1	37268	291610340	-1	37304
73959475	-1	37268	902798	-1	37304
73959475	-1	37268	233715466	-1	37304
73959475	-1	37268	335517868	-1	37304
73959475	-1	37268	1006215	-1	37304
73959475	-1	37268	30090671	-1	37304
73959475	-1	37268	277286319	-1	37304
73959475	-1	37268	29967078	-1	37304
73959475	-1	37268	88477097	-1	37304
73959475	-1	37268	146318009	-1	37304
73959475	-1	37268	204566466	-1	37304
73959475	-1	37268	233917089	-1	37319
73959475	-1	37268	292053043	-1	37343
 