1341	1	263	2.428E-68	1	38	1345	19	263	0.357	3.378E-72	323	769	774	38	1345	1308	32	1348
768160	1	234	1.303E-59	1	38	1201	19	234	0.360	3.073E-62	309	700	757	38	1201	1164	32	1348
791978	1	243	2.546E-62	1	38	1324	19	243	0.346	4.632E-65	309	738	757	38	1324	1287	32	1348
806582	1	238	8.146E-61	1	38	1201	19	238	0.365	1.900E-63	308	698	755	38	1201	1164	32	1348
1535667	1	276	2.964E-72	1	38	1339	19	276	0.372	1.189E-76	312	753	765	38	1339	1302	32	1348
1569171	1	241	1.018E-61	1	38	1198	19	241	0.362	2.178E-64	266	665	722	38	1198	1161	32	1348
1570439	1	248	7.956E-64	1	38	1324	19	248	0.344	8.263E-67	321	764	789	38	1324	1287	32	1348
1587654	1	242	5.092E-62	1	38	1345	19	242	0.336	8.604E-65	328	775	781	38	1345	1308	32	1348
1689279	1	276	2.964E-72	1	38	1324	19	276	0.376	1.622E-76	320	755	765	38	1324	1287	32	1348
1731639	1	259	3.885E-67	1	38	1321	19	259	0.359	7.530E-71	313	749	768	38	1321	1284	32	1348
1813405	1	252	4.972E-65	1	38	1321	19	252	0.351	3.725E-68	342	778	797	38	1321	1284	32	1348
1839973	1	271	9.484E-71	1	38	1345	19	271	0.364	1.260E-74	338	783	788	38	1345	1308	32	1348
1889786	1	269	3.793E-70	1	38	1324	19	269	0.373	4.366E-74	299	687	702	38	1324	1287	32	1348
1892998	1	359	3.064E-97	1	38	1339	19	359	0.455	7.736E-105	258	693	722	38	1339	1302	32	1348
1919823	1	346	2.510E-93	1	38	1339	19	346	0.443	1.256E-100	311	747	776	38	1339	1302	32	1348
1984836	1	265	6.070E-69	1	38	1339	19	265	0.359	9.754E-73	327	772	777	38	1339	1302	32	1348
6943913	1	464	7.554E-129	1	38	1339	19	464	0.548	4.761E-141	310	753	758	38	1339	1302	32	1348
8813819	1	270	1.897E-70	1	38	1327	19	270	0.371	2.345E-74	339	772	781	38	1327	1290	32	1348
15477124	1	240	2.037E-61	1	38	1201	19	240	0.367	4.044E-64	308	698	755	38	1201	1164	32	1348
15513422	1	239	4.073E-61	1	38	1201	19	239	0.365	7.509E-64	309	700	757	38	1201	1164	32	1348
16082561	1	259	3.885E-67	1	35	1339	19	259	0.357	1.027E-70	321	760	772	35	1339	1305	32	1348
16110384	1	248	7.956E-64	1	38	1324	19	248	0.344	8.263E-67	321	764	782	38	1324	1287	32	1348
16118926	1	242	5.092E-62	1	38	1324	19	242	0.339	6.313E-65	321	764	774	38	1324	1287	32	1348
16139630	1	247	1.591E-63	1	38	1339	19	247	0.343	1.126E-66	295	738	747	38	1339	1302	32	1348
16213214	1	283	2.315E-74	1	38	1342	19	283	0.378	6.003E-79	322	764	776	38	1342	1305	32	1348
16240937	1	263	2.428E-68	1	38	1339	19	263	0.357	3.378E-72	317	763	776	38	1339	1302	32	1348
16360323	1	246	3.182E-63	1	38	1339	19	246	0.345	2.853E-66	326	764	777	38	1339	1302	32	1348
16477948	1	256	3.108E-66	1	38	1339	19	256	0.353	9.013E-70	319	761	773	38	1339	1302	32	1348
16487713	1	254	1.243E-65	1	38	1345	19	254	0.355	4.250E-69	322	755	760	38	1345	1308	32	1348
16550578	1	310	1.725E-82	1	38	1339	19	310	0.410	2.764E-88	284	704	739	38	1339	1302	32	1348
16579086	1	268	7.587E-70	1	38	1342	19	268	0.363	8.127E-74	314	757	769	38	1342	1305	32	1348
25543218	1	260	1.942E-67	1	38	1339	19	260	0.358	5.521E-71	314	753	766	38	1339	1302	32	1348
30049247	1	239	4.073E-61	1	38	1198	19	239	0.366	7.509E-64	131	521	579	38	1198	1161	32	1348
30619769	1	244	1.273E-62	1	38	1339	19	244	0.341	9.849E-66	315	757	769	38	1339	1302	32	1348
30856349	1	266	3.035E-69	1	38	1345	19	266	0.360	3.842E-73	322	768	773	38	1345	1308	32	1348
30891053	1	254	1.243E-65	1	38	1324	19	254	0.351	5.796E-69	63	503	513	38	1324	1287	32	1348
30895913	1	267	1.517E-69	1	38	1339	19	267	0.363	2.064E-73	318	760	772	38	1339	1302	32	1348
30941633	1	265	6.070E-69	1	38	1339	19	265	0.361	1.331E-72	315	756	768	38	1339	1302	32	1348
30970471	1	259	3.885E-67	1	95	1339	19	259	0.363	1.027E-70	36	464	476	95	1339	1245	32	1348
30988071	1	252	4.972E-65	1	38	1321	19	252	0.352	2.004E-68	342	778	797	38	1321	1284	32	1348
31095838	1	258	7.769E-67	1	38	1324	19	258	0.357	1.910E-70	358	795	805	38	1324	1287	32	1348
39400430	1	263	2.428E-68	1	38	1345	19	263	0.357	4.608E-72	324	770	775	38	1345	1308	32	1348
39839686	1	257	1.554E-66	1	38	1327	19	257	0.354	4.846E-70	332	773	785	38	1327	1290	32	1348
41213649	1	253	2.486E-65	1	38	1324	19	253	0.349	1.078E-68	325	769	779	38	1324	1287	32	1348
42998479	1	253	2.486E-65	1	38	1327	19	253	0.352	1.469E-68	314	751	768	38	1327	1290	32	1348
44448768	1	254	1.243E-65	1	38	1201	19	254	0.381	7.903E-69	308	699	756	38	1201	1164	32	1348
44588554	1	247	1.591E-63	1	89	1321	19	247	0.356	1.535E-66	1	420	589	89	1321	1233	32	1348
45152266	1	263	2.428E-68	1	38	1345	19	263	0.357	4.608E-72	323	769	774	38	1345	1308	32	1348
45339916	1	252	4.972E-65	1	38	1321	19	252	0.352	2.732E-68	342	778	797	38	1321	1284	32	1348
45350334	1	263	2.428E-68	1	38	1345	19	263	0.358	3.378E-72	323	767	772	38	1345	1308	32	1348
45415127	1	358	6.129E-97	1	38	1339	19	358	0.454	1.058E-104	324	760	790	38	1339	1302	32	1348
45422842	1	265	6.070E-69	1	32	1327	19	265	0.362	9.754E-73	329	769	778	32	1327	1296	32	1348
45483856	1	263	2.428E-68	1	38	1324	19	263	0.360	6.285E-72	327	767	777	38	1324	1287	32	1348
45487179	1	258	7.769E-67	1	38	1339	19	258	0.354	3.554E-70	291	732	745	38	1339	1302	32	1348
45519686	1	254	1.243E-65	1	38	1327	19	254	0.352	4.250E-69	283	723	740	38	1327	1290	32	1348
45529224	1	263	2.428E-68	1	38	1339	19	263	0.359	3.378E-72	318	760	772	38	1339	1302	32	1348
45533230	1	263	2.428E-68	1	38	1324	19	263	0.361	3.378E-72	327	766	776	38	1324	1287	32	1348
45602137	1	269	3.793E-70	1	38	1342	19	269	0.368	3.200E-74	323	759	772	38	1342	1305	32	1348
45619228	1	250	1.989E-64	1	38	1324	19	250	0.347	1.287E-67	321	762	774	38	1324	1287	32	1348
45657627	1	251	9.944E-65	1	38	1321	19	251	0.351	6.924E-68	342	778	797	38	1321	1284	32	1348
45678655	1	276	2.964E-72	1	38	1342	19	276	0.371	1.622E-76	319	762	773	38	1342	1305	32	1348
54415149	1	234	1.303E-59	1	38	1339	19	234	0.334	3.073E-62	175	613	623	38	1339	1302	32	1348
55882780	1	271	9.484E-71	1	38	1339	19	271	0.367	9.232E-75	315	756	768	38	1339	1302	32	1348
58956192	1	242	5.092E-62	1	38	1201	19	242	0.369	8.604E-65	308	698	756	38	1201	1164	32	1348
58978531	1	239	4.073E-61	1	38	1321	19	239	0.343	5.510E-64	308	737	755	38	1321	1284	32	1348
59700673	1	245	6.364E-63	1	38	1324	19	245	0.350	5.301E-66	341	763	780	38	1324	1287	32	1348
59739704	1	258	7.769E-67	1	38	1318	19	258	0.363	2.606E-70	323	749	760	38	1318	1281	32	1348
59765730	1	333	2.056E-89	1	32	1330	19	333	0.433	3.786E-96	277	695	713	32	1330	1299	32	1348
59833913	1	218	8.542E-55	1	113	1198	19	218	0.350	9.647E-57	2	381	437	113	1198	1086	32	1348
59836760	1	251	9.944E-65	1	101	1336	19	251	0.357	6.924E-68	279	703	710	101	1336	1236	32	1348
59993005	1	269	3.793E-70	1	38	1339	19	269	0.367	5.957E-74	277	715	726	38	1339	1302	32	1348
59997600	1	259	3.885E-67	1	38	1339	19	259	0.355	1.401E-70	345	787	799	38	1339	1302	32	1348
60111644	1	260	1.942E-67	1	38	1324	19	260	0.359	4.048E-71	321	759	769	38	1324	1287	32	1348
66777774	1	265	6.070E-69	1	38	1339	19	265	0.359	1.331E-72	317	762	775	38	1339	1302	32	1348
70865341	1	465	3.777E-129	1	38	1339	19	465	0.549	1.856E-141	149	592	597	38	1339	1302	32	1348
71235864	1	273	2.371E-71	1	38	1324	19	273	0.367	1.951E-75	190	634	644	38	1324	1287	32	1348
72190481	1	262	4.856E-68	1	38	1339	19	262	0.359	8.573E-72	323	763	773	38	1339	1302	32	1348
73512947	1	255	6.215E-66	1	38	1198	19	255	0.383	3.117E-69	308	698	756	38	1198	1161	32	1348
74180310	1	353	1.961E-95	1	38	1339	19	353	0.449	8.438E-103	307	742	768	38	1339	1302	32	1348
74181524	1	253	2.486E-65	1	38	1327	19	253	0.352	1.469E-68	314	751	768	38	1327	1290	32	1348
74344132	1	360	1.532E-97	1	38	1339	19	360	0.458	2.213E-105	311	722	751	38	1339	1302	32	1348
74377969	1	260	1.942E-67	1	41	1324	19	260	0.357	4.048E-71	332	772	786	41	1324	1284	32	1348
74398713	1	164	1.539E-38	1	494	1027	19	164	0.489	1.529E-38	15	193	337	494	1027	534	32	1348
74433824	1	270	1.897E-70	1	38	1345	19	270	0.364	2.345E-74	345	789	794	38	1345	1308	32	1348
74481758	1	266	3.035E-69	1	38	1339	19	266	0.362	5.241E-73	313	755	767	38	1339	1302	32	1348
74579619	1	234	1.303E-59	1	38	1324	19	234	0.327	3.073E-62	356	807	821	38	1324	1287	32	1348
74583507	1	261	9.711E-68	1	38	1339	19	261	0.357	2.176E-71	40	482	494	38	1339	1302	32	1348
74631625	1	347	1.255E-93	1	38	1339	19	347	0.444	4.917E-101	311	747	776	38	1339	1302	32	1348
74649009	1	261	9.711E-68	1	38	1324	19	261	0.360	2.176E-71	336	773	791	38	1324	1287	32	1348
74717554	1	357	1.226E-96	1	38	1339	19	357	0.455	3.697E-104	311	744	773	38	1339	1302	32	1348
74720597	1	265	6.070E-69	1	38	1345	19	265	0.360	9.754E-73	323	767	772	38	1345	1308	32	1348
74749988	1	256	3.108E-66	1	38	1339	19	256	0.352	1.676E-69	314	755	768	38	1339	1302	32	1348
82887549	1	244	1.273E-62	1	38	1324	19	244	0.340	1.830E-65	174	618	630	38	1324	1287	32	1348
83275953	1	267	1.517E-69	1	38	1342	19	267	0.363	1.513E-73	175	618	629	38	1342	1305	32	1348
86811971	1	265	6.070E-69	1	38	1345	19	265	0.360	7.150E-73	338	782	787	38	1345	1308	32	1348
88014249	1	254	1.243E-65	1	38	1198	19	254	0.382	4.250E-69	309	699	757	38	1198	1161	32	1348
88017615	1	234	1.303E-59	1	38	1201	19	234	0.360	3.073E-62	309	700	757	38	1201	1164	32	1348
88071099	1	237	1.629E-60	1	38	1324	19	237	0.340	2.588E-63	307	738	758	38	1324	1287	32	1348
88214171	1	248	7.956E-64	1	38	1321	19	248	0.351	4.446E-67	308	739	769	38	1321	1284	32	1348
88791206	1	257	1.554E-66	1	38	1324	19	257	0.356	4.846E-70	125	562	576	38	1324	1287	32	1348
88868176	1	265	6.070E-69	1	38	1345	19	265	0.360	7.150E-73	323	768	773	38	1345	1308	32	1348
88886019	1	269	3.793E-70	1	38	1345	19	269	0.364	3.200E-74	323	767	772	38	1345	1308	32	1348
89169913	1	261	9.711E-68	1	38	1345	19	261	0.355	2.176E-71	323	769	774	38	1345	1308	32	1348
89196961	1	271	9.484E-71	1	38	1345	19	271	0.365	1.260E-74	322	766	771	38	1345	1308	32	1348
89253995	1	308	6.900E-82	1	38	1339	19	308	0.408	1.796E-87	311	731	765	38	1339	1302	32	1348
98000880	1	256	3.108E-66	1	38	1339	19	256	0.352	1.229E-69	319	761	773	38	1339	1302	32	1348
102610715	1	247	1.591E-63	1	38	1198	19	247	0.375	1.126E-66	308	698	756	38	1198	1161	32	1348
102725570	1	236	3.259E-60	1	38	1201	19	236	0.351	8.919E-63	306	715	772	38	1201	1164	32	1348
102756509	1	243	2.546E-62	1	38	1201	19	243	0.370	3.399E-65	308	698	755	38	1201	1164	32	1348
103030450	1	265	6.070E-69	1	38	1303	19	265	0.368	7.150E-73	308	739	756	38	1303	1266	32	1348
103325353	1	210	2.187E-52	1	38	1198	19	210	0.328	4.561E-54	199	601	656	38	1198	1161	32	1348
103328080	1	251	9.944E-65	1	38	1339	19	251	0.347	6.924E-68	315	758	770	38	1339	1302	32	1348
103393220	1	256	3.108E-66	1	38	1339	19	256	0.352	1.676E-69	320	762	774	38	1339	1302	32	1348
103466454	1	265	6.070E-69	1	38	1345	19	265	0.359	1.331E-72	324	768	773	38	1345	1308	32	1348
103547714	1	268	7.587E-70	1	38	1339	19	268	0.364	8.127E-74	316	757	769	38	1339	1302	32	1348
103589193	1	278	7.409E-73	1	38	1327	19	278	0.377	4.676E-77	331	766	775	38	1327	1290	32	1348
103589584	1	268	7.587E-70	1	38	1345	19	268	0.362	1.109E-73	323	767	772	38	1345	1308	32	1348
103648340	1	333	2.056E-89	1	38	1339	19	333	0.431	3.786E-96	312	746	777	38	1339	1302	32	1348
103735881	1	260	1.942E-67	1	38	1324	19	260	0.359	4.048E-71	321	759	769	38	1324	1287	32	1348
103796625	1	310	1.725E-82	1	38	1339	19	310	0.409	5.159E-88	228	648	683	38	1339	1302	32	1348
103823497	1	261	9.711E-68	1	38	1339	19	261	0.357	2.176E-71	318	760	772	38	1339	1302	32	1348
103824754	1	256	3.108E-66	1	38	1339	19	256	0.353	9.013E-70	319	761	773	38	1339	1302	32	1348
103825144	1	215	6.834E-54	1	38	1198	19	215	0.342	1.135E-55	266	643	702	38	1198	1161	32	1348
117112930	1	244	1.273E-62	1	38	1321	19	244	0.348	9.849E-66	308	738	756	38	1321	1284	32	1348
117124572	1	223	2.669E-56	1	38	1321	19	223	0.326	1.751E-58	323	754	773	38	1321	1284	32	1348
117156035	1	254	1.243E-65	1	38	1312	19	254	0.354	5.796E-69	308	743	769	38	1312	1275	32	1348
117156745	1	252	4.972E-65	1	38	1321	19	252	0.355	2.004E-68	308	738	756	38	1321	1284	32	1348
117298689	1	184	1.468E-44	1	485	1201	19	184	0.415	2.797E-45	8	258	315	485	1201	717	32	1348
117806900	1	243	2.546E-62	1	170	1339	19	243	0.362	2.494E-65	0	403	415	170	1339	1170	32	1348
117816975	1	253	2.486E-65	1	38	1324	19	253	0.350	1.469E-68	316	756	774	38	1324	1287	32	1348
117884213	1	256	3.108E-66	1	38	1324	19	256	0.354	1.676E-69	321	759	769	38	1324	1287	32	1348
118057697	1	265	6.070E-69	1	38	1345	19	265	0.360	7.150E-73	338	782	787	38	1345	1308	32	1348
118073912	1	259	3.885E-67	1	38	1339	19	259	0.346	1.027E-70	63	523	535	38	1339	1302	32	1348
118191937	1	262	4.856E-68	1	38	1345	19	262	0.357	8.573E-72	323	767	772	38	1345	1308	32	1348
118239237	1	257	1.554E-66	1	38	1339	19	257	0.353	6.609E-70	21	463	475	38	1339	1302	32	1348
118246785	1	346	2.510E-93	1	38	1339	19	346	0.443	1.256E-100	311	747	776	38	1339	1302	32	1348
118259868	1	288	7.235E-76	1	32	1312	19	288	0.371	1.050E-80	187	650	734	32	1312	1281	32	1348
118372845	1	265	6.070E-69	1	38	1339	19	265	0.361	7.150E-73	318	760	772	38	1339	1302	32	1348
125381873	1	268	7.587E-70	1	32	1345	19	268	0.362	1.109E-73	175	620	623	32	1345	1314	32	1348
126488011	1	266	3.035E-69	1	38	1324	19	266	0.363	3.842E-73	355	796	808	38	1324	1287	32	1348
129477979	1	256	3.108E-66	1	38	1324	19	256	0.354	1.676E-69	321	759	769	38	1324	1287	32	1348
131679397	1	252	4.972E-65	1	38	1321	19	252	0.355	2.732E-68	304	734	752	38	1321	1284	32	1348
131696429	1	248	7.956E-64	1	38	1198	19	248	0.376	4.446E-67	308	698	756	38	1198	1161	32	1348
131810588	1	254	1.243E-65	1	38	1198	19	254	0.382	4.250E-69	308	698	756	38	1198	1161	32	1348
131812022	1	240	2.037E-61	1	38	1201	19	240	0.367	2.967E-64	308	698	755	38	1201	1164	32	1348
131846074	1	238	8.146E-61	1	38	1201	19	238	0.364	1.900E-63	309	700	757	38	1201	1164	32	1348
132435977	1	243	2.546E-62	1	38	1345	19	243	0.340	3.399E-65	322	763	773	38	1345	1308	32	1348
132674538	1	262	4.856E-68	1	38	1345	19	262	0.357	1.169E-71	323	767	772	38	1345	1308	32	1348
132680671	1	256	3.108E-66	1	38	1339	19	256	0.353	9.013E-70	319	761	773	38	1339	1302	32	1348
132853366	1	248	7.956E-64	1	38	1324	19	248	0.344	6.061E-67	321	765	777	38	1324	1287	32	1348
132901339	1	255	6.215E-66	1	38	1324	19	255	0.352	3.117E-69	236	677	687	38	1324	1287	32	1348
138173051	1	255	6.215E-66	1	38	1339	19	255	0.353	2.286E-69	313	752	765	38	1339	1302	32	1348
138302736	1	254	1.243E-65	1	38	1339	19	254	0.352	4.250E-69	320	760	772	38	1339	1302	32	1348
144190515	1	272	4.742E-71	1	38	1339	19	272	0.368	3.634E-75	321	763	775	38	1339	1302	32	1348
146195592	1	243	2.546E-62	1	38	1201	19	243	0.370	3.399E-65	308	698	755	38	1201	1164	32	1348
146237126	1	252	4.972E-65	1	38	1201	19	252	0.379	3.725E-68	308	699	756	38	1201	1164	32	1348
146315750	1	602	2.168E-170	1	38	1345	19	602	0.690	5.869E-189	323	755	757	38	1345	1308	32	1348
146492341	1	464	7.554E-129	1	38	1312	19	464	0.563	2.541E-141	310	739	769	38	1312	1275	32	1348
146957349	1	258	7.769E-67	1	38	1339	19	258	0.355	1.910E-70	322	763	775	38	1339	1302	32	1348
147180179	1	235	6.517E-60	1	38	1339	19	235	0.337	2.255E-62	318	728	740	38	1339	1302	32	1348
147201788	1	256	3.108E-66	1	38	1324	19	256	0.354	1.229E-69	321	759	769	38	1324	1287	32	1348
147264972	1	364	9.576E-99	1	38	1345	19	364	0.459	9.687E-107	273	710	737	38	1345	1308	32	1348
147283803	1	262	4.856E-68	1	38	1339	19	262	0.358	8.573E-72	318	760	772	38	1339	1302	32	1348
147325865	1	270	1.897E-70	1	38	1345	19	270	0.364	2.345E-74	323	767	772	38	1345	1308	32	1348
147326301	1	269	3.793E-70	1	38	1345	19	269	0.363	5.957E-74	323	767	772	38	1345	1308	32	1348
147432643	1	274	1.185E-71	1	38	1336	19	274	0.370	1.048E-75	317	758	773	38	1336	1299	32	1348
156136604	1	262	4.856E-68	1	38	1339	19	262	0.359	8.573E-72	323	763	770	38	1339	1302	32	1348
156906734	1	274	1.185E-71	1	38	1324	19	274	0.375	5.627E-76	360	794	804	38	1324	1287	32	1348
160769377	1	261	9.711E-68	1	38	1201	19	261	0.388	2.968E-71	308	699	756	38	1201	1164	32	1348
160776804	1	238	8.146E-61	1	38	1201	19	238	0.365	1.900E-63	309	699	756	38	1201	1164	32	1348
160923779	1	247	1.591E-63	1	38	1321	19	247	0.350	1.126E-66	308	739	769	38	1321	1284	32	1348
161012942	1	258	7.769E-67	1	38	1303	19	258	0.360	2.606E-70	308	739	742	38	1303	1266	32	1348
161461986	1	252	4.972E-65	1	38	1339	19	252	0.348	3.725E-68	317	760	773	38	1339	1302	32	1348
161554701	1	243	2.546E-62	1	38	1339	19	243	0.335	4.632E-65	295	746	755	38	1339	1302	32	1348
161575061	1	261	9.711E-68	1	38	1339	19	261	0.357	2.176E-71	319	761	773	38	1339	1302	32	1348
161595171	1	265	6.070E-69	1	38	1345	19	265	0.360	7.150E-73	323	767	772	38	1345	1308	32	1348
161703007	1	264	1.214E-68	1	38	1324	19	264	0.364	2.476E-72	313	747	765	38	1324	1287	32	1348
161725667	1	267	1.517E-69	1	38	1339	19	267	0.363	1.513E-73	174	616	628	38	1339	1302	32	1348
161774693	1	265	6.070E-69	1	38	1339	19	265	0.359	1.331E-72	299	744	757	38	1339	1302	32	1348
161804960	1	355	4.903E-96	1	38	1339	19	355	0.452	9.449E-104	308	743	772	38	1339	1302	32	1348
161836043	1	274	1.185E-71	1	38	1336	19	274	0.370	5.627E-76	317	758	773	38	1336	1299	32	1348
161940716	1	259	3.885E-67	1	38	1339	19	259	0.355	1.027E-70	63	505	517	38	1339	1302	32	1348
162016104	1	261	9.711E-68	1	38	1330	19	261	0.358	1.595E-71	299	740	750	38	1330	1293	32	1348
171322427	1	249	3.978E-64	1	38	1324	19	249	0.347	3.261E-67	316	755	769	38	1324	1287	32	1348
172765966	1	475	3.689E-132	1	38	1345	19	475	0.562	7.241E-145	310	750	753	38	1345	1308	32	1348
173945657	1	270	1.897E-70	1	38	1345	19	270	0.364	2.345E-74	338	782	787	38	1345	1308	32	1348
175266736	1	254	1.243E-65	1	38	1198	19	254	0.382	4.250E-69	309	699	757	38	1198	1161	32	1348
175277102	1	245	6.364E-63	1	38	1321	19	245	0.349	5.301E-66	289	719	737	38	1321	1284	32	1348
175433049	1	255	6.215E-66	1	38	1198	19	255	0.383	3.117E-69	308	698	756	38	1198	1161	32	1348
175575441	1	464	7.554E-129	1	38	1339	19	464	0.548	4.761E-141	332	775	780	38	1339	1302	32	1348
176006397	1	283	2.315E-74	1	38	1339	19	283	0.378	8.194E-79	314	756	769	38	1339	1302	32	1348
176040433	1	247	1.591E-63	1	38	1201	19	247	0.370	1.535E-66	75	472	527	38	1201	1164	32	1348
176067880	1	248	7.956E-64	1	38	1324	19	248	0.344	8.263E-67	321	764	783	38	1324	1287	32	1348
176169158	1	249	3.978E-64	1	38	1324	19	249	0.344	2.392E-67	322	768	783	38	1324	1287	32	1348
176230403	1	253	2.486E-65	1	38	1339	19	253	0.349	1.078E-68	316	759	772	38	1339	1302	32	1348
176239237	1	257	1.554E-66	1	38	1339	19	257	0.353	4.846E-70	320	762	774	38	1339	1302	32	1348
176283921	1	264	1.214E-68	1	38	1345	19	264	0.359	2.476E-72	322	766	771	38	1345	1308	32	1348
176306348	1	261	9.711E-68	1	38	1339	19	261	0.358	1.595E-71	318	760	772	38	1339	1302	32	1348
176366184	1	248	7.956E-64	1	38	1339	19	248	0.343	6.061E-67	330	776	781	38	1339	1302	32	1348
176369063	1	230	2.085E-58	1	41	1324	19	230	0.324	6.757E-61	371	821	835	41	1324	1284	32	1348
176393184	1	355	4.903E-96	1	38	1339	19	355	0.452	9.449E-104	308	743	772	38	1339	1302	32	1348
176429885	1	256	3.108E-66	1	38	1339	19	256	0.354	9.013E-70	322	762	775	38	1339	1302	32	1348
176446118	1	269	3.793E-70	1	38	1345	19	269	0.364	3.200E-74	323	767	772	38	1345	1308	32	1348
176461120	1	264	1.214E-68	1	38	1345	19	264	0.358	2.476E-72	323	768	773	38	1345	1308	32	1348
176477275	1	273	2.371E-71	1	38	1342	19	273	0.369	1.951E-75	317	758	770	38	1342	1305	32	1348
182823745	1	248	7.956E-64	1	38	1303	19	248	0.345	6.061E-67	323	764	774	38	1303	1266	32	1348
190220264	1	238	8.146E-61	1	38	1201	19	238	0.365	1.394E-63	309	699	756	38	1201	1164	32	1348
190574791	1	186	3.669E-45	1	239	964	19	186	0.430	6.072E-46	103	334	361	239	964	726	32	1348
190576529	1	269	3.793E-70	1	38	1339	19	269	0.366	3.200E-74	318	759	771	38	1339	1302	32	1348
190795434	1	259	3.885E-67	1	38	1339	19	259	0.355	1.401E-70	318	760	772	38	1339	1302	32	1348
190857830	1	260	1.942E-67	1	38	1324	19	260	0.357	5.521E-71	328	769	779	38	1324	1287	32	1348
190880523	1	264	1.214E-68	1	38	1345	19	264	0.359	1.815E-72	323	767	772	38	1345	1308	32	1348
190923694	1	233	2.607E-59	1	38	1324	19	233	0.327	5.702E-62	356	807	821	38	1324	1287	32	1348
191051739	1	294	1.131E-77	1	38	1213	19	294	0.424	9.822E-83	228	605	632	38	1213	1176	32	1348
202004466	1	465	3.777E-129	1	38	1339	19	465	0.549	1.856E-141	310	753	758	38	1339	1302	32	1348
202935780	1	266	3.035E-69	1	38	1327	19	266	0.361	3.842E-73	324	767	776	38	1327	1290	32	1348
203287891	1	271	9.484E-71	1	38	1345	19	271	0.365	1.260E-74	338	782	787	38	1345	1308	32	1348
204401818	1	252	4.972E-65	1	38	1321	19	252	0.355	2.004E-68	308	738	756	38	1321	1284	32	1348
204402725	1	238	8.146E-61	1	38	1201	19	238	0.365	1.394E-63	309	699	756	38	1201	1164	32	1348
204413707	1	224	1.335E-56	1	38	1243	19	224	0.342	6.939E-59	166	570	618	38	1243	1206	32	1348
204730537	1	285	5.788E-75	1	38	1345	19	285	0.384	1.266E-79	126	558	561	38	1345	1308	32	1348
204819928	1	255	6.215E-66	1	38	1321	19	255	0.358	2.286E-69	308	738	764	38	1321	1284	32	1348
205052967	1	270	1.897E-70	1	38	1345	19	270	0.364	2.345E-74	323	767	772	38	1345	1308	32	1348
205085763	1	346	2.510E-93	1	38	1339	19	346	0.442	2.348E-100	311	747	776	38	1339	1302	32	1348
205105306	1	241	1.018E-61	1	38	1198	19	241	0.362	2.178E-64	311	709	752	38	1198	1161	32	1348
205302276	1	269	3.793E-70	1	38	1339	19	269	0.362	5.957E-74	321	767	772	38	1339	1302	32	1348
205312830	1	259	3.885E-67	1	38	1339	19	259	0.356	7.530E-71	319	761	773	38	1339	1302	32	1348
205380444	1	263	2.428E-68	1	38	1345	19	263	0.358	4.608E-72	323	767	772	38	1345	1308	32	1348
205427007	1	355	4.903E-96	1	38	1339	19	355	0.451	9.449E-104	311	747	776	38	1339	1302	32	1348
205471612	1	262	4.856E-68	1	38	1345	19	262	0.356	8.573E-72	323	769	774	38	1345	1308	32	1348
205542778	1	262	4.856E-68	1	38	1324	19	262	0.360	1.169E-71	343	782	792	38	1324	1287	32	1348
205557320	1	301	8.832E-80	1	38	1339	19	301	0.401	3.600E-85	306	725	739	38	1339	1302	32	1348
205614082	1	257	1.554E-66	1	38	1339	19	257	0.353	4.846E-70	320	762	774	38	1339	1302	32	1348
205639270	1	255	6.215E-66	1	38	1324	19	255	0.354	3.117E-69	321	758	776	38	1324	1287	32	1348
216014312	1	258	7.769E-67	1	38	1339	19	258	0.354	3.554E-70	314	755	768	38	1339	1302	32	1348
216923193	1	462	3.022E-128	1	38	1339	19	462	0.547	1.221E-140	286	729	734	38	1339	1302	32	1348
218890710	1	224	1.335E-56	1	38	1243	19	224	0.342	6.939E-59	170	574	622	38	1243	1206	32	1348
219086893	1	245	6.364E-63	1	38	1321	19	245	0.348	7.226E-66	58	488	506	38	1321	1284	32	1348
219087020	1	249	3.978E-64	1	38	1303	19	249	0.351	3.261E-67	308	740	769	38	1303	1266	32	1348
219759177	1	260	1.942E-67	1	38	1339	19	260	0.357	4.048E-71	324	764	776	38	1339	1302	32	1348
219796482	1	261	9.711E-68	1	38	1324	19	261	0.362	2.176E-71	56	490	508	38	1324	1287	32	1348
219810953	1	264	1.214E-68	1	38	1327	19	264	0.360	1.815E-72	329	772	781	38	1327	1290	32	1348
219850629	1	263	2.428E-68	1	38	1327	19	263	0.358	6.285E-72	329	772	781	38	1327	1290	32	1348
219919444	1	246	3.182E-63	1	38	1132	19	246	0.385	3.889E-66	316	689	696	38	1132	1095	32	1348
219919732	1	269	3.793E-70	1	38	1342	19	269	0.364	5.957E-74	282	725	736	38	1342	1305	32	1348
219940014	1	354	9.806E-96	1	38	1339	19	354	0.452	2.415E-103	273	683	709	38	1339	1302	32	1348
220033885	1	262	4.856E-68	1	38	1345	19	262	0.357	1.169E-71	323	767	772	38	1345	1308	32	1348
220101382	1	255	6.215E-66	1	38	1342	19	255	0.351	2.286E-69	318	761	774	38	1342	1305	32	1348
220162159	1	359	3.064E-97	1	38	1339	19	359	0.455	4.138E-105	316	752	784	38	1339	1302	32	1348
225572231	1	253	2.486E-65	1	38	1327	19	253	0.352	1.469E-68	287	724	741	38	1327	1290	32	1348
226367312	1	270	1.897E-70	1	38	1324	19	270	0.369	2.345E-74	320	755	765	38	1324	1287	32	1348
230042090	1	360	1.532E-97	1	38	1339	19	360	0.455	3.026E-105	315	751	781	38	1339	1302	32	1348
233444595	1	248	7.956E-64	1	38	1303	19	248	0.351	4.446E-67	308	740	769	38	1303	1266	32	1348
233599520	1	237	1.629E-60	1	38	1201	19	237	0.352	4.805E-63	20	429	486	38	1201	1164	32	1348
234134033	1	257	1.554E-66	1	38	1339	19	257	0.353	6.609E-70	320	762	774	38	1339	1302	32	1348
234136394	1	264	1.214E-68	1	38	1324	19	264	0.362	2.476E-72	321	759	769	38	1324	1287	32	1348
234198637	1	245	6.364E-63	1	38	1339	19	245	0.342	5.301E-66	324	767	775	38	1339	1302	32	1348
234263964	1	250	1.989E-64	1	38	1324	19	250	0.349	9.440E-68	345	783	797	38	1324	1287	32	1348
234283179	1	243	2.546E-62	1	101	1348	19	243	0.347	4.632E-65	331	758	760	101	1348	1248	32	1348
234336813	1	264	1.214E-68	1	38	1345	19	264	0.358	2.476E-72	325	771	776	38	1345	1308	32	1348
234379540	1	267	1.517E-69	1	38	1339	19	267	0.363	2.064E-73	318	760	772	38	1339	1302	32	1348
234380603	1	256	3.108E-66	1	38	1339	19	256	0.352	1.676E-69	320	762	774	38	1339	1302	32	1348
234411413	1	261	9.711E-68	1	38	1324	19	261	0.362	1.595E-71	313	747	765	38	1324	1287	32	1348
234461735	1	264	1.214E-68	1	38	1324	19	264	0.363	2.476E-72	297	734	752	38	1324	1287	32	1348
234660397	1	318	6.739E-85	1	38	1339	19	318	0.417	7.362E-91	306	720	739	38	1339	1302	32	1348
239854669	1	282	4.631E-74	1	38	1324	19	282	0.381	1.527E-78	176	611	626	38	1324	1287	32	1348
240698562	1	263	2.428E-68	1	38	1324	19	263	0.360	4.608E-72	222	663	673	38	1324	1287	32	1348
243075389	1	252	4.972E-65	1	38	1339	19	252	0.347	2.004E-68	319	765	777	38	1339	1302	32	1348
248026446	1	239	4.073E-61	1	38	1324	19	239	0.341	1.023E-63	307	738	758	38	1324	1287	32	1348
248142468	1	236	3.259E-60	1	38	1201	19	236	0.351	6.547E-63	306	715	772	38	1201	1164	32	1348
248171396	1	243	2.546E-62	1	38	1201	19	243	0.370	4.632E-65	308	698	755	38	1201	1164	32	1348
248171769	1	244	1.273E-62	1	38	1321	19	244	0.348	9.849E-66	126	556	574	38	1321	1284	32	1348
248682499	1	263	2.428E-68	1	38	1345	19	263	0.357	3.378E-72	323	769	774	38	1345	1308	32	1348
248805963	1	248	7.956E-64	1	86	1324	19	248	0.353	6.061E-67	344	771	785	86	1324	1239	32	1348
248807982	1	261	9.711E-68	1	38	1339	19	261	0.357	2.176E-71	318	760	772	38	1339	1302	32	1348
248971069	1	252	4.972E-65	1	38	1321	19	252	0.352	2.732E-68	342	778	797	38	1321	1284	32	1348
249013204	1	248	7.956E-64	1	38	1339	19	248	0.346	4.446E-67	315	755	768	38	1339	1302	32	1348
249013521	1	267	1.517E-69	1	38	1339	19	267	0.363	1.513E-73	318	760	772	38	1339	1302	32	1348
249038925	1	306	2.760E-81	1	38	1327	19	306	0.409	6.253E-87	305	720	738	38	1327	1290	32	1348
249046549	1	263	2.428E-68	1	38	1324	19	263	0.362	3.378E-72	321	759	769	38	1324	1287	32	1348
249177377	1	261	9.711E-68	1	38	1339	19	261	0.357	2.968E-71	63	505	517	38	1339	1302	32	1348
255192724	1	246	3.182E-63	1	38	1324	19	246	0.343	2.853E-66	340	782	792	38	1324	1287	32	1348
255248528	1	271	9.484E-71	1	38	1345	19	271	0.365	6.766E-75	321	767	775	38	1345	1308	32	1348
255897284	1	265	6.070E-69	1	38	1345	19	265	0.359	9.754E-73	324	770	775	38	1345	1308	32	1348
261581563	1	274	1.185E-71	1	38	1336	19	274	0.370	5.627E-76	317	758	773	38	1336	1299	32	1348
262529385	1	244	1.273E-62	1	38	1321	19	244	0.348	9.849E-66	289	719	737	38	1321	1284	32	1348
262552163	1	256	3.108E-66	1	38	1198	19	256	0.384	1.676E-69	308	698	756	38	1198	1161	32	1348
263241263	1	347	1.255E-93	1	38	1339	19	347	0.444	4.917E-101	311	747	776	38	1339	1302	32	1348
263285315	1	245	6.364E-63	1	38	1339	19	245	0.342	7.226E-66	309	751	763	38	1339	1302	32	1348
263386803	1	262	4.856E-68	1	38	1324	19	262	0.360	1.169E-71	319	757	767	38	1324	1287	32	1348
263517709	1	257	1.554E-66	1	38	1339	19	257	0.353	6.609E-70	91	533	545	38	1339	1302	32	1348
263566074	1	256	3.108E-66	1	38	1324	19	256	0.352	1.676E-69	327	768	778	38	1324	1287	32	1348
263709213	1	262	4.856E-68	1	38	1324	19	262	0.360	8.573E-72	339	778	788	38	1324	1287	32	1348
263806475	1	249	3.978E-64	1	38	1324	19	249	0.347	3.261E-67	297	736	748	38	1324	1287	32	1348
270301415	1	267	1.517E-69	1	38	1324	19	267	0.368	1.513E-73	314	748	766	38	1324	1287	32	1348
272667934	1	246	3.182E-63	1	38	1324	19	246	0.343	2.853E-66	325	766	776	38	1324	1287	32	1348
275243670	1	278	7.409E-73	1	38	1324	19	278	0.378	2.510E-77	332	766	776	38	1324	1287	32	1348
277080930	1	238	8.146E-61	1	38	1201	19	238	0.364	1.900E-63	299	690	747	38	1201	1164	32	1348
277109954	1	239	4.073E-61	1	38	1324	19	239	0.342	5.510E-64	307	738	758	38	1324	1287	32	1348
277227675	1	241	1.018E-61	1	38	1201	19	241	0.368	1.173E-64	306	697	724	38	1201	1164	32	1348
277254464	1	245	6.364E-63	1	38	1321	19	245	0.349	5.301E-66	308	738	756	38	1321	1284	32	1348
277254997	1	248	7.956E-64	1	38	1303	19	248	0.350	8.263E-67	308	740	769	38	1303	1266	32	1348
278009766	1	239	4.073E-61	1	38	1324	19	239	0.336	7.509E-64	321	764	774	38	1324	1287	32	1348
278014330	1	265	6.070E-69	1	38	1339	19	265	0.361	9.754E-73	174	616	628	38	1339	1302	32	1348
278020948	1	251	9.944E-65	1	38	1321	19	251	0.351	5.079E-68	342	778	797	38	1321	1284	32	1348
278025668	1	261	9.711E-68	1	38	1339	19	261	0.358	2.968E-71	314	753	766	38	1339	1302	32	1348
278103405	1	260	1.942E-67	1	38	1339	19	260	0.356	4.048E-71	320	762	774	38	1339	1302	32	1348
278148125	1	257	1.554E-66	1	41	1339	19	257	0.354	4.846E-70	310	750	763	41	1339	1299	32	1348
278178961	1	280	1.852E-73	1	38	1324	19	280	0.379	7.234E-78	320	755	770	38	1324	1287	32	1348
278193997	1	262	4.856E-68	1	38	1339	19	262	0.358	8.573E-72	315	757	769	38	1339	1302	32	1348
278282572	1	257	1.554E-66	1	38	1324	19	257	0.356	4.846E-70	328	765	783	38	1324	1287	32	1348
278314763	1	253	2.486E-65	1	38	1339	19	253	0.349	1.078E-68	354	797	810	38	1339	1302	32	1348
285885252	1	250	1.989E-64	1	38	1324	19	250	0.347	1.287E-67	327	768	778	38	1324	1287	32	1348
286047221	1	247	1.591E-63	1	38	1348	19	247	0.343	1.535E-66	330	773	775	38	1348	1311	32	1348
291766242	1	249	3.978E-64	1	38	1321	19	249	0.352	2.392E-67	365	795	813	38	1321	1284	32	1348
292318972	1	364	9.576E-99	1	38	1345	19	364	0.459	7.084E-107	278	715	742	38	1345	1308	32	1348
292412405	1	239	4.073E-61	1	38	1324	19	239	0.336	1.023E-63	56	497	507	38	1324	1287	32	1348
292416588	1	263	2.428E-68	1	38	1324	19	263	0.362	4.608E-72	292	729	747	38	1324	1287	32	1348
292433068	1	256	3.108E-66	1	38	1339	19	256	0.352	1.676E-69	319	761	773	38	1339	1302	32	1348
292438779	1	249	3.978E-64	1	38	1321	19	249	0.342	3.261E-67	317	765	792	38	1321	1284	32	1348
292442492	1	237	1.629E-60	1	38	1324	19	237	0.334	4.805E-63	323	764	774	38	1324	1287	32	1348
292533874	1	192	5.733E-47	1	431	1339	19	192	0.355	6.178E-48	5	331	343	431	1339	909	32	1348
292552998	1	168	9.618E-40	1	251	1018	19	168	0.383	5.442E-40	55	253	296	251	1018	768	32	1348
292638627	1	259	3.885E-67	1	41	1339	19	259	0.356	7.530E-71	318	759	771	41	1339	1299	32	1348
292638820	1	272	4.742E-71	1	38	1339	19	272	0.369	3.634E-75	315	755	767	38	1339	1302	32	1348
292731872	1	270	1.897E-70	1	38	1342	19	270	0.366	2.345E-74	316	757	769	38	1342	1305	32	1348
292785066	1	256	3.108E-66	1	38	1336	19	256	0.352	1.676E-69	313	754	764	38	1336	1299	32	1348
292801893	1	267	1.517E-69	1	38	1339	19	267	0.363	2.064E-73	174	616	628	38	1339	1302	32	1348
298312608	1	252	4.972E-65	1	38	1321	19	252	0.352	2.732E-68	342	778	797	38	1321	1284	32	1348
301126313	1	269	3.793E-70	1	38	1324	19	269	0.372	5.957E-74	323	749	759	38	1324	1287	32	1348
303176083	1	258	7.769E-67	1	38	1339	19	258	0.355	3.554E-70	314	754	767	38	1339	1302	32	1348
306151391	1	241	1.018E-61	1	38	1198	19	241	0.368	2.178E-64	308	698	756	38	1198	1161	32	1348
306862128	1	254	1.243E-65	1	38	1339	19	254	0.351	4.250E-69	174	616	628	38	1339	1302	32	1348
306987750	1	238	8.146E-61	1	38	1324	19	238	0.336	1.394E-63	222	663	673	38	1324	1287	32	1348
307057146	1	242	5.092E-62	1	38	1174	19	242	0.369	6.313E-65	317	708	744	38	1174	1137	32	1348
307060854	1	267	1.517E-69	1	38	1339	19	267	0.364	2.064E-73	382	822	834	38	1339	1302	32	1348
307062881	1	264	1.214E-68	1	38	1327	19	264	0.360	1.815E-72	329	772	781	38	1327	1290	32	1348
307093583	1	268	7.587E-70	1	38	1339	19	268	0.361	1.109E-73	321	767	772	38	1339	1302	32	1348
307128189	1	269	3.793E-70	1	38	1339	19	269	0.366	3.200E-74	314	755	767	38	1339	1302	32	1348
307172486	1	264	1.214E-68	1	38	1327	19	264	0.362	2.476E-72	323	761	776	38	1327	1290	32	1348
307212631	1	251	9.944E-65	1	32	1336	19	251	0.341	6.924E-68	322	777	802	32	1336	1305	32	1348
307251557	1	274	1.185E-71	1	38	1336	19	274	0.370	1.048E-75	317	758	773	38	1336	1299	32	1348
307308671	1	255	6.215E-66	1	38	1339	19	255	0.352	2.286E-69	320	762	774	38	1339	1302	32	1348
307412639	1	359	3.064E-97	1	38	1339	19	359	0.455	4.138E-105	316	752	785	38	1339	1302	32	1348
314232992	1	279	3.705E-73	1	32	1327	19	279	0.378	1.348E-77	320	756	765	32	1327	1296	32	1348
318013043	1	261	9.711E-68	1	38	1321	19	261	0.360	2.968E-71	175	611	628	38	1321	1284	32	1348
320679206	1	234	1.303E-59	1	38	1201	19	234	0.360	3.073E-62	309	700	757	38	1201	1164	32	1348
320706996	1	251	9.944E-65	1	38	1303	19	251	0.354	5.079E-68	308	739	756	38	1303	1266	32	1348
320738276	1	245	6.364E-63	1	38	1201	19	245	0.372	7.226E-66	309	699	756	38	1201	1164	32	1348
321532854	1	266	3.035E-69	1	38	1339	19	266	0.362	5.241E-73	318	760	772	38	1339	1302	32	1348
321621400	1	261	9.711E-68	1	38	1327	19	261	0.357	1.595E-71	332	775	784	38	1327	1290	32	1348
321781346	1	241	1.018E-61	1	38	1339	19	241	0.336	2.178E-64	324	770	775	38	1339	1302	32	1348
321782544	1	260	1.942E-67	1	38	1339	19	260	0.354	5.521E-71	320	766	771	38	1339	1302	32	1348
321799973	1	244	1.273E-62	1	38	1324	19	244	0.343	9.849E-66	316	755	769	38	1324	1287	32	1348
321877080	1	264	1.214E-68	1	38	1324	19	264	0.362	1.815E-72	347	786	796	38	1324	1287	32	1348
321977176	1	247	1.591E-63	1	38	1345	19	247	0.344	1.535E-66	330	772	775	38	1345	1308	32	1348
333235874	1	261	9.711E-68	1	38	1339	19	261	0.356	2.968E-71	314	757	770	38	1339	1302	32	1348
335222298	1	245	6.364E-63	1	38	1201	19	245	0.373	5.301E-66	308	698	755	38	1201	1164	32	1348
335246765	1	242	5.092E-62	1	38	1201	19	242	0.369	8.604E-65	308	698	756	38	1201	1164	32	1348
335421156	1	242	5.092E-62	1	38	1198	19	242	0.369	8.604E-65	308	698	756	38	1198	1161	32	1348
335514927	1	247	1.591E-63	1	38	1198	19	247	0.375	1.126E-66	308	698	756	38	1198	1161	32	1348
336000525	1	255	6.215E-66	1	38	1324	19	255	0.354	3.117E-69	342	779	793	38	1324	1287	32	1348
336018448	1	255	6.215E-66	1	38	1324	19	255	0.353	3.117E-69	318	756	766	38	1324	1287	32	1348
336053568	1	245	6.364E-63	1	38	1324	19	245	0.344	7.226E-66	292	729	743	38	1324	1287	32	1348
336176405	1	265	6.070E-69	1	38	1339	19	265	0.358	1.331E-72	321	767	772	38	1339	1302	32	1348
336182757	1	268	7.587E-70	1	38	1339	19	268	0.364	8.127E-74	306	747	759	38	1339	1302	32	1348
336219793	1	258	7.769E-67	1	38	1339	19	258	0.355	1.910E-70	320	762	774	38	1339	1302	32	1348
336243269	1	267	1.517E-69	1	38	1345	19	267	0.362	2.064E-73	323	767	772	38	1345	1308	32	1348
336346487	1	255	6.215E-66	1	122	1324	19	255	0.368	3.117E-69	307	719	734	122	1324	1203	32	1348
336403456	1	265	6.070E-69	1	38	1339	19	265	0.361	7.150E-73	319	761	773	38	1339	1302	32	1348
336406894	1	260	1.942E-67	1	38	1339	19	260	0.357	5.521E-71	318	759	771	38	1339	1302	32	1348
336425968	1	251	9.944E-65	1	38	1339	19	251	0.347	6.924E-68	91	533	546	38	1339	1302	32	1348
336450914	1	241	1.018E-61	1	38	1324	19	241	0.339	1.598E-64	266	706	721	38	1324	1287	32	1348
336491003	1	258	7.769E-67	1	38	1339	19	258	0.353	3.554E-70	89	532	639	38	1339	1302	32	1348
336514781	1	258	7.769E-67	1	38	1339	19	258	0.355	2.606E-70	321	761	774	38	1339	1302	32	1348
336536186	1	250	1.989E-64	1	38	1324	19	250	0.348	1.287E-67	341	780	794	38	1324	1287	32	1348
349265303	1	213	2.733E-53	1	38	1318	19	213	0.318	7.198E-55	319	747	773	38	1318	1281	32	1348
349819473	1	239	4.073E-61	1	38	1324	19	239	0.342	7.509E-64	307	738	758	38	1324	1287	32	1348
350478932	1	267	1.517E-69	1	38	1345	19	267	0.361	1.513E-73	323	768	773	38	1345	1308	32	1348
350532761	1	266	3.035E-69	1	38	1339	19	266	0.363	3.842E-73	317	758	770	38	1339	1302	32	1348
350549041	1	270	1.897E-70	1	38	1345	19	270	0.365	1.719E-74	342	786	791	38	1345	1308	32	1348
350595105	1	259	3.885E-67	1	38	1339	19	259	0.356	7.530E-71	323	764	776	38	1339	1302	32	1348
350599532	1	252	4.972E-65	1	38	1321	19	252	0.352	2.732E-68	321	757	776	38	1321	1284	32	1348
350697414	1	254	1.243E-65	1	38	1339	19	254	0.350	4.250E-69	320	763	775	38	1339	1302	32	1348
350729782	1	254	1.243E-65	1	38	1342	19	254	0.350	5.796E-69	314	756	769	38	1342	1305	32	1348
350740091	1	247	1.591E-63	1	38	1225	19	247	0.366	1.126E-66	91	495	519	38	1225	1188	32	1348
350817604	1	260	1.942E-67	1	38	1324	19	260	0.357	5.521E-71	222	663	673	38	1324	1287	32	1348
350850028	1	265	6.070E-69	1	38	1339	19	265	0.361	9.754E-73	174	615	627	38	1339	1302	32	1348
350898867	1	259	3.885E-67	1	38	1324	19	259	0.356	1.027E-70	317	757	775	38	1324	1287	32	1348
350982168	1	265	6.070E-69	1	38	1339	19	265	0.359	1.331E-72	326	771	776	38	1339	1302	32	1348
357727902	1	473	1.475E-131	1	38	1345	19	473	0.561	1.857E-144	310	750	753	38	1345	1308	32	1348
359581592	1	263	2.428E-68	1	38	1339	19	263	0.360	3.378E-72	324	764	776	38	1339	1302	32	1348
360445180	1	261	9.711E-68	1	38	1339	19	261	0.356	2.968E-71	321	764	777	38	1339	1302	32	1348
360604144	1	244	1.273E-62	1	38	1339	19	244	0.341	1.830E-65	314	756	762	38	1339	1302	32	1348
364305229	1	243	2.546E-62	1	38	1201	19	243	0.370	4.632E-65	308	698	755	38	1201	1164	32	1348
364318506	1	240	2.037E-61	1	38	1198	19	240	0.367	2.967E-64	289	679	737	38	1198	1161	32	1348
364318936	1	248	7.956E-64	1	38	1321	19	248	0.351	4.446E-67	308	739	769	38	1321	1284	32	1348
364364726	1	257	1.554E-66	1	38	1303	19	257	0.360	4.846E-70	308	739	756	38	1303	1266	32	1348
365092438	1	346	2.510E-93	1	38	1339	19	346	0.442	1.717E-100	311	747	775	38	1339	1302	32	1348
365139791	1	242	5.092E-62	1	41	1339	19	242	0.335	8.604E-65	353	803	812	41	1339	1299	32	1348
365220693	1	265	6.070E-69	1	38	1324	19	265	0.364	9.754E-73	332	768	781	38	1324	1287	32	1348
365347795	1	252	4.972E-65	1	38	1321	19	252	0.352	2.732E-68	342	778	797	38	1321	1284	32	1348
365450699	1	259	3.885E-67	1	38	1339	19	259	0.355	1.027E-70	322	765	772	38	1339	1302	32	1348
365468863	1	254	1.243E-65	1	38	1339	19	254	0.351	5.796E-69	320	760	772	38	1339	1302	32	1348
365502206	1	265	6.070E-69	1	38	1342	19	265	0.362	7.150E-73	318	758	771	38	1342	1305	32	1348
365596739	1	259	3.885E-67	1	38	1339	19	259	0.356	7.530E-71	321	763	775	38	1339	1302	32	1348
371833975	1	271	9.484E-71	1	38	1327	19	271	0.370	1.260E-74	325	761	770	38	1327	1290	32	1348
372352640	1	762	1.483E-218	1	38	1348	19	762	0.842	3.500E-244	341	777	778	38	1348	1311	32	1348
373879599	1	601	4.336E-170	1	38	1345	19	601	0.688	2.065E-188	322	754	757	38	1345	1308	32	1348
378886347	1	239	4.073E-61	1	38	1201	19	239	0.366	5.510E-64	308	698	755	38	1201	1164	32	1348
378905063	1	259	3.885E-67	1	38	1303	19	259	0.361	1.401E-70	308	739	756	38	1303	1266	32	1348
379017563	1	238	8.146E-61	1	38	1198	19	238	0.365	1.394E-63	293	683	734	38	1198	1161	32	1348
379121190	1	241	1.018E-61	1	38	1201	19	241	0.369	2.178E-64	265	634	688	38	1201	1164	32	1348
379139016	1	254	1.243E-65	1	38	1312	19	254	0.354	5.796E-69	308	743	769	38	1312	1275	32	1348
379683157	1	267	1.517E-69	1	38	1339	19	267	0.363	1.513E-73	318	760	772	38	1339	1302	32	1348
379748736	1	192	5.733E-47	1	431	1345	19	192	0.347	8.391E-48	103	439	524	431	1345	915	32	1348
379845969	1	231	1.043E-58	1	116	1339	19	231	0.341	4.961E-61	124	542	555	116	1339	1224	32	1348
379970293	1	282	4.631E-74	1	38	1324	19	282	0.381	2.084E-78	319	754	769	38	1324	1287	32	1348
379976939	1	309	3.450E-82	1	38	1009	19	309	0.509	9.626E-88	212	523	602	38	1009	972	32	1348
380026705	1	264	1.214E-68	1	38	1345	19	264	0.359	2.476E-72	323	767	772	38	1345	1308	32	1348
380055378	1	364	9.576E-99	1	38	1345	19	364	0.459	7.084E-107	308	745	772	38	1345	1308	32	1348
380100095	1	252	4.972E-65	1	38	1201	19	252	0.375	3.725E-68	315	711	769	38	1201	1164	32	1348
388871484	1	265	6.070E-69	1	38	1336	19	265	0.362	1.331E-72	327	766	780	38	1336	1299	32	1348
393428252	1	242	5.092E-62	1	38	1201	19	242	0.369	6.313E-65	306	697	754	38	1201	1164	32	1348
393559005	1	252	4.972E-65	1	38	1321	19	252	0.355	3.725E-68	365	795	813	38	1321	1284	32	1348
393596438	1	242	5.092E-62	1	38	1201	19	242	0.369	8.604E-65	281	671	729	38	1201	1164	32	1348
394174097	1	265	6.070E-69	1	38	1345	19	265	0.360	7.150E-73	323	767	772	38	1345	1308	32	1348
394217655	1	301	8.832E-80	1	38	1339	19	301	0.401	3.600E-85	313	729	765	38	1339	1302	32	1348
394219831	1	259	3.885E-67	1	38	1339	19	259	0.355	1.401E-70	323	764	776	38	1339	1302	32	1348
394461720	1	256	3.108E-66	1	38	1324	19	256	0.355	9.013E-70	321	759	769	38	1324	1287	32	1348
394552902	1	249	3.978E-64	1	38	1336	19	249	0.339	3.261E-67	319	773	796	38	1336	1299	32	1348
394614944	1	264	1.214E-68	1	38	1345	19	264	0.357	1.815E-72	334	781	784	38	1345	1308	32	1348
394679760	1	258	7.769E-67	1	38	1342	19	258	0.355	2.606E-70	321	761	769	38	1342	1305	32	1348
394685351	1	252	4.972E-65	1	38	1348	19	252	0.348	2.004E-68	330	773	775	38	1348	1311	32	1348
403171127	1	258	7.769E-67	1	38	1324	19	258	0.355	2.606E-70	325	766	776	38	1324	1287	32	1348
405902186	1	552	2.441E-155	1	38	1348	19	552	0.640	1.300E-171	330	763	764	38	1348	1311	32	1348
406482230	1	248	7.956E-64	1	38	1324	19	248	0.346	8.263E-67	341	780	794	38	1324	1287	32	1348
406618030	1	255	6.215E-66	1	38	1324	19	255	0.354	2.286E-69	316	754	767	38	1324	1287	32	1348
407970148	1	254	1.243E-65	1	38	1198	19	254	0.382	4.250E-69	308	698	756	38	1198	1161	32	1348
407976607	1	243	2.546E-62	1	38	1303	19	243	0.347	2.494E-65	308	738	755	38	1303	1266	32	1348
407989090	1	255	6.215E-66	1	38	1321	19	255	0.358	2.286E-69	308	738	756	38	1321	1284	32	1348
408062471	1	610	8.469E-173	1	38	1345	19	610	0.697	1.489E-191	340	772	774	38	1345	1308	32	1348
408096014	1	240	2.037E-61	1	38	1201	19	240	0.367	2.967E-64	308	698	755	38	1201	1164	32	1348
408098471	1	253	2.486E-65	1	38	1321	19	253	0.356	1.469E-68	304	734	752	38	1321	1284	32	1348
408219268	1	258	7.769E-67	1	38	1303	19	258	0.361	1.910E-70	308	739	743	38	1303	1266	32	1348
408657102	1	341	8.033E-92	1	38	1339	19	341	0.439	9.993E-99	293	727	761	38	1339	1302	32	1348
408802050	1	270	1.897E-70	1	38	1345	19	270	0.365	1.719E-74	323	767	772	38	1345	1308	32	1348
408869380	1	252	4.972E-65	1	32	1198	19	252	0.373	3.725E-68	255	655	713	32	1198	1167	32	1348
408897692	1	323	2.106E-86	1	32	1327	19	323	0.424	9.312E-93	294	716	735	32	1327	1296	32	1348
409042770	1	348	6.276E-94	1	38	1339	19	348	0.447	2.631E-101	314	747	776	38	1339	1302	32	1348
409124918	1	267	1.517E-69	1	38	1345	19	267	0.361	2.064E-73	323	768	773	38	1345	1308	32	1348
409143755	1	266	3.035E-69	1	38	1339	19	266	0.362	3.842E-73	318	760	772	38	1339	1302	32	1348
409146636	1	357	1.226E-96	1	38	1339	19	357	0.453	3.697E-104	308	743	772	38	1339	1302	32	1348
409171872	1	309	3.450E-82	1	38	1339	19	309	0.409	7.047E-88	311	731	765	38	1339	1302	32	1348
409211616	1	256	3.108E-66	1	38	1339	19	256	0.353	9.013E-70	63	505	517	38	1339	1302	32	1348
409222014	1	257	1.554E-66	1	38	1339	19	257	0.353	6.609E-70	316	758	771	38	1339	1302	32	1348
419899696	1	263	2.428E-68	1	38	1342	19	263	0.359	6.285E-72	327	768	781	38	1342	1305	32	1348
421412688	1	439	2.535E-121	1	38	1339	19	439	0.535	9.813E-133	286	701	706	38	1339	1302	32	1348
422533722	1	254	1.243E-65	1	38	1198	19	254	0.382	4.250E-69	309	699	757	38	1198	1161	32	1348
423257597	1	264	1.214E-68	1	38	1345	19	264	0.358	1.815E-72	338	783	788	38	1345	1308	32	1348
423410860	1	355	4.903E-96	1	38	1339	19	355	0.452	9.449E-104	308	743	772	38	1339	1302	32	1348
423493470	1	269	3.793E-70	1	38	1345	19	269	0.363	4.366E-74	323	767	772	38	1345	1308	32	1348
423592421	1	198	8.957E-49	1	452	1339	19	198	0.368	8.470E-50	39	357	369	452	1339	888	32	1348
423598513	1	354	9.806E-96	1	38	1339	19	354	0.451	2.415E-103	308	743	772	38	1339	1302	32	1348
423642917	1	263	2.428E-68	1	38	1339	19	263	0.359	3.378E-72	318	760	772	38	1339	1302	32	1348
423730644	1	253	2.486E-65	1	38	1327	19	253	0.352	1.469E-68	287	724	741	38	1327	1290	32	1348
435167011	1	249	3.978E-64	1	38	1249	19	249	0.361	3.261E-67	323	738	774	38	1249	1212	32	1348
437012585	1	233	2.607E-59	1	38	1201	19	233	0.359	7.767E-62	309	700	757	38	1201	1164	32	1348
437038675	1	244	1.273E-62	1	38	1201	19	244	0.371	1.342E-65	308	698	756	38	1201	1164	32	1348
437053387	1	239	4.073E-61	1	38	1201	19	239	0.365	1.023E-63	308	698	755	38	1201	1164	32	1348
437072722	1	258	7.769E-67	1	38	1303	19	258	0.360	2.606E-70	308	739	756	38	1303	1266	32	1348
437146630	1	717	5.219E-205	1	32	1348	19	717	0.796	9.908E-229	323	761	762	32	1348	1317	32	1348
437213505	1	245	6.364E-63	1	38	1321	19	245	0.349	5.301E-66	308	738	756	38	1321	1284	32	1348
437301044	1	245	6.364E-63	1	38	1198	19	245	0.372	7.226E-66	308	698	756	38	1198	1161	32	1348
437488905	1	255	6.215E-66	1	38	1321	19	255	0.358	2.286E-69	131	561	587	38	1321	1284	32	1348
437489743	1	261	9.711E-68	1	38	1321	19	261	0.364	2.176E-71	308	738	764	38	1321	1284	32	1348
437776039	1	260	1.942E-67	1	38	1345	19	260	0.354	4.048E-71	323	769	774	38	1345	1308	32	1348
437900086	1	264	1.214E-68	1	38	1339	19	264	0.360	2.476E-72	318	760	772	38	1339	1302	32	1348
438011194	1	259	3.885E-67	1	38	1339	19	259	0.357	1.401E-70	314	753	766	38	1339	1302	32	1348
438055752	1	243	2.546E-62	1	38	1324	19	243	0.342	2.494E-65	318	757	767	38	1324	1287	32	1348
438139184	1	356	2.451E-96	1	38	1339	19	356	0.453	5.055E-104	308	743	772	38	1339	1302	32	1348
438192470	1	271	9.484E-71	1	38	1345	19	271	0.364	1.260E-74	338	783	788	38	1345	1308	32	1348
438219788	1	367	1.197E-99	1	38	1345	19	367	0.461	1.083E-107	238	675	702	38	1345	1308	32	1348
444112553	1	264	1.214E-68	1	38	1324	19	264	0.360	2.476E-72	324	765	774	38	1324	1287	32	1348
446658266	1	261	9.711E-68	1	38	1339	19	261	0.357	2.176E-71	315	757	777	38	1339	1302	32	1348
449469647	1	258	7.769E-67	1	89	1345	19	258	0.358	3.554E-70	384	818	823	89	1345	1257	32	1348
451610590	1	254	1.243E-65	1	38	1312	19	254	0.354	5.796E-69	308	743	769	38	1312	1275	32	1348
451752648	1	248	7.956E-64	1	38	1321	19	248	0.351	6.061E-67	308	739	769	38	1321	1284	32	1348
452294686	1	297	1.413E-78	1	38	1348	19	297	0.395	1.109E-83	299	716	731	38	1348	1311	32	1348
452295636	1	266	3.035E-69	1	38	1339	19	266	0.362	5.241E-73	316	757	769	38	1339	1302	32	1348
452355617	1	359	3.064E-97	1	38	1339	19	359	0.455	7.736E-105	308	743	772	38	1339	1302	32	1348
452386152	1	250	1.989E-64	1	38	1324	19	250	0.349	9.440E-68	290	728	742	38	1324	1287	32	1348
452427280	1	270	1.897E-70	1	38	1345	19	270	0.365	1.719E-74	347	791	796	38	1345	1308	32	1348
452529829	1	267	1.517E-69	1	38	1339	19	267	0.362	2.816E-73	318	760	772	38	1339	1302	32	1348
452587980	1	256	3.108E-66	1	38	1324	19	256	0.353	9.013E-70	321	762	772	38	1324	1287	32	1348
452660079	1	232	5.214E-59	1	38	1324	19	232	0.325	1.441E-61	356	807	821	38	1324	1287	32	1348
452729470	1	263	2.428E-68	1	38	1345	19	263	0.358	3.378E-72	323	767	772	38	1345	1308	32	1348
459001307	1	259	3.885E-67	1	38	1321	19	259	0.359	7.530E-71	313	749	768	38	1321	1284	32	1348
461936688	1	268	7.587E-70	1	38	1324	19	268	0.366	1.109E-73	328	765	783	38	1324	1287	32	1348
463959399	1	352	3.922E-95	1	38	1339	19	352	0.448	1.577E-102	311	747	776	38	1339	1302	32	1348
 