372352640	1	38	437146630	1	32
372352640	1	38	125381873	1	32
372352640	1	38	307212631	1	32
372352640	1	38	59765730	1	32
372352640	1	38	408897692	1	32
372352640	1	38	314232992	1	32
372352640	1	38	45422842	1	32
372352640	1	38	118259868	1	32
372352640	1	38	408869380	1	32
372352640	1	38	16082561	1	35
372352640	1	38	372352640	1	38
372352640	1	38	405902186	1	38
372352640	1	38	452294686	1	38
372352640	1	38	394685351	1	38
372352640	1	38	286047221	1	38
372352640	1	38	408062471	1	38
372352640	1	38	146315750	1	38
372352640	1	38	373879599	1	38
372352640	1	38	172765966	1	38
372352640	1	38	357727902	1	38
372352640	1	38	438219788	1	38
372352640	1	38	147264972	1	38
372352640	1	38	292318972	1	38
372352640	1	38	380055378	1	38
372352640	1	38	204730537	1	38
372352640	1	38	1839973	1	38
372352640	1	38	89196961	1	38
372352640	1	38	203287891	1	38
372352640	1	38	255248528	1	38
372352640	1	38	438192470	1	38
372352640	1	38	74433824	1	38
372352640	1	38	147325865	1	38
372352640	1	38	173945657	1	38
372352640	1	38	205052967	1	38
372352640	1	38	350549041	1	38
372352640	1	38	408802050	1	38
372352640	1	38	452427280	1	38
372352640	1	38	88886019	1	38
372352640	1	38	147326301	1	38
372352640	1	38	176446118	1	38
372352640	1	38	423493470	1	38
372352640	1	38	103589584	1	38
372352640	1	38	336243269	1	38
372352640	1	38	350478932	1	38
372352640	1	38	409124918	1	38
372352640	1	38	30856349	1	38
372352640	1	38	74720597	1	38
372352640	1	38	86811971	1	38
372352640	1	38	88868176	1	38
372352640	1	38	103466454	1	38
372352640	1	38	118057697	1	38
372352640	1	38	161595171	1	38
372352640	1	38	255897284	1	38
372352640	1	38	394174097	1	38
372352640	1	38	176283921	1	38
372352640	1	38	176461120	1	38
372352640	1	38	190880523	1	38
372352640	1	38	234336813	1	38
372352640	1	38	380026705	1	38
372352640	1	38	394614944	1	38
372352640	1	38	423257597	1	38
372352640	1	38	1341	1	38
372352640	1	38	39400430	1	38
372352640	1	38	45152266	1	38
372352640	1	38	45350334	1	38
372352640	1	38	205380444	1	38
372352640	1	38	248682499	1	38
372352640	1	38	452729470	1	38
372352640	1	38	118191937	1	38
372352640	1	38	132674538	1	38
372352640	1	38	205471612	1	38
372352640	1	38	220033885	1	38
372352640	1	38	89169913	1	38
372352640	1	38	437776039	1	38
372352640	1	38	16487713	1	38
372352640	1	38	321977176	1	38
372352640	1	38	132435977	1	38
372352640	1	38	1587654	1	38
372352640	1	38	16213214	1	38
372352640	1	38	45678655	1	38
372352640	1	38	176477275	1	38
372352640	1	38	292731872	1	38
372352640	1	38	45602137	1	38
372352640	1	38	219919732	1	38
372352640	1	38	16579086	1	38
372352640	1	38	83275953	1	38
372352640	1	38	365502206	1	38
372352640	1	38	419899696	1	38
372352640	1	38	394679760	1	38
372352640	1	38	220101382	1	38
372352640	1	38	350729782	1	38
372352640	1	38	70865341	1	38
372352640	1	38	202004466	1	38
372352640	1	38	6943913	1	38
372352640	1	38	175575441	1	38
372352640	1	38	216923193	1	38
372352640	1	38	421412688	1	38
372352640	1	38	74344132	1	38
372352640	1	38	230042090	1	38
372352640	1	38	1892998	1	38
372352640	1	38	220162159	1	38
372352640	1	38	307412639	1	38
372352640	1	38	452355617	1	38
372352640	1	38	45415127	1	38
372352640	1	38	74717554	1	38
372352640	1	38	409146636	1	38
372352640	1	38	438139184	1	38
372352640	1	38	161804960	1	38
372352640	1	38	176393184	1	38
372352640	1	38	205427007	1	38
372352640	1	38	423410860	1	38
372352640	1	38	219940014	1	38
372352640	1	38	423598513	1	38
372352640	1	38	74180310	1	38
372352640	1	38	463959399	1	38
372352640	1	38	409042770	1	38
372352640	1	38	74631625	1	38
372352640	1	38	263241263	1	38
372352640	1	38	1919823	1	38
372352640	1	38	118246785	1	38
372352640	1	38	205085763	1	38
372352640	1	38	365092438	1	38
372352640	1	38	408657102	1	38
372352640	1	38	103648340	1	38
372352640	1	38	234660397	1	38
372352640	1	38	16550578	1	38
372352640	1	38	103796625	1	38
372352640	1	38	409171872	1	38
372352640	1	38	89253995	1	38
372352640	1	38	205557320	1	38
372352640	1	38	394217655	1	38
372352640	1	38	176006397	1	38
372352640	1	38	1535667	1	38
372352640	1	38	144190515	1	38
372352640	1	38	292638820	1	38
372352640	1	38	55882780	1	38
372352640	1	38	59993005	1	38
372352640	1	38	190576529	1	38
372352640	1	38	205302276	1	38
372352640	1	38	307128189	1	38
372352640	1	38	103547714	1	38
372352640	1	38	307093583	1	38
372352640	1	38	336182757	1	38
372352640	1	38	30895913	1	38
372352640	1	38	161725667	1	38
372352640	1	38	234379540	1	38
372352640	1	38	249013521	1	38
372352640	1	38	292801893	1	38
372352640	1	38	307060854	1	38
372352640	1	38	379683157	1	38
372352640	1	38	452529829	1	38
372352640	1	38	74481758	1	38
372352640	1	38	321532854	1	38
372352640	1	38	350532761	1	38
372352640	1	38	409143755	1	38
372352640	1	38	452295636	1	38
372352640	1	38	1984836	1	38
372352640	1	38	30941633	1	38
372352640	1	38	66777774	1	38
372352640	1	38	118372845	1	38
372352640	1	38	161774693	1	38
372352640	1	38	278014330	1	38
372352640	1	38	336176405	1	38
372352640	1	38	336403456	1	38
372352640	1	38	350850028	1	38
372352640	1	38	350982168	1	38
372352640	1	38	437900086	1	38
372352640	1	38	16240937	1	38
372352640	1	38	45529224	1	38
372352640	1	38	359581592	1	38
372352640	1	38	423642917	1	38
372352640	1	38	72190481	1	38
372352640	1	38	147283803	1	38
372352640	1	38	156136604	1	38
372352640	1	38	278193997	1	38
372352640	1	38	74583507	1	38
372352640	1	38	103823497	1	38
372352640	1	38	161575061	1	38
372352640	1	38	176306348	1	38
372352640	1	38	248807982	1	38
372352640	1	38	249177377	1	38
372352640	1	38	278025668	1	38
372352640	1	38	333235874	1	38
372352640	1	38	360445180	1	38
372352640	1	38	446658266	1	38
372352640	1	38	25543218	1	38
372352640	1	38	219759177	1	38
372352640	1	38	278103405	1	38
372352640	1	38	321782544	1	38
372352640	1	38	336406894	1	38
372352640	1	38	59997600	1	38
372352640	1	38	118073912	1	38
372352640	1	38	161940716	1	38
372352640	1	38	190795434	1	38
372352640	1	38	205312830	1	38
372352640	1	38	350595105	1	38
372352640	1	38	365450699	1	38
372352640	1	38	365596739	1	38
372352640	1	38	394219831	1	38
372352640	1	38	438011194	1	38
372352640	1	38	45487179	1	38
372352640	1	38	146957349	1	38
372352640	1	38	216014312	1	38
372352640	1	38	303176083	1	38
372352640	1	38	336219793	1	38
372352640	1	38	336491003	1	38
372352640	1	38	336514781	1	38
372352640	1	38	118239237	1	38
372352640	1	38	176239237	1	38
372352640	1	38	205614082	1	38
372352640	1	38	234134033	1	38
372352640	1	38	263517709	1	38
372352640	1	38	409222014	1	38
372352640	1	38	16477948	1	38
372352640	1	38	74749988	1	38
372352640	1	38	98000880	1	38
372352640	1	38	103393220	1	38
372352640	1	38	103824754	1	38
372352640	1	38	132680671	1	38
372352640	1	38	176429885	1	38
372352640	1	38	234380603	1	38
372352640	1	38	292433068	1	38
372352640	1	38	409211616	1	38
372352640	1	38	138173051	1	38
372352640	1	38	307308671	1	38
372352640	1	38	138302736	1	38
372352640	1	38	306862128	1	38
372352640	1	38	350697414	1	38
372352640	1	38	365468863	1	38
372352640	1	38	176230403	1	38
372352640	1	38	278314763	1	38
372352640	1	38	161461986	1	38
372352640	1	38	243075389	1	38
372352640	1	38	103328080	1	38
372352640	1	38	336425968	1	38
372352640	1	38	176366184	1	38
372352640	1	38	249013204	1	38
372352640	1	38	16139630	1	38
372352640	1	38	16360323	1	38
372352640	1	38	234198637	1	38
372352640	1	38	263285315	1	38
372352640	1	38	30619769	1	38
372352640	1	38	360604144	1	38
372352640	1	38	161554701	1	38
372352640	1	38	321781346	1	38
372352640	1	38	147180179	1	38
372352640	1	38	54415149	1	38
372352640	1	38	147432643	1	38
372352640	1	38	161836043	1	38
372352640	1	38	261581563	1	38
372352640	1	38	307251557	1	38
372352640	1	38	388871484	1	38
372352640	1	38	292785066	1	38
372352640	1	38	394552902	1	38
372352640	1	38	162016104	1	38
372352640	1	38	249038925	1	38
372352640	1	38	103589193	1	38
372352640	1	38	371833975	1	38
372352640	1	38	8813819	1	38
372352640	1	38	202935780	1	38
372352640	1	38	219810953	1	38
372352640	1	38	307062881	1	38
372352640	1	38	307172486	1	38
372352640	1	38	219850629	1	38
372352640	1	38	321621400	1	38
372352640	1	38	39839686	1	38
372352640	1	38	45519686	1	38
372352640	1	38	42998479	1	38
372352640	1	38	74181524	1	38
372352640	1	38	225572231	1	38
372352640	1	38	423730644	1	38
372352640	1	38	239854669	1	38
372352640	1	38	379970293	1	38
372352640	1	38	278178961	1	38
372352640	1	38	275243670	1	38
372352640	1	38	1689279	1	38
372352640	1	38	156906734	1	38
372352640	1	38	71235864	1	38
372352640	1	38	226367312	1	38
372352640	1	38	1889786	1	38
372352640	1	38	301126313	1	38
372352640	1	38	461936688	1	38
372352640	1	38	270301415	1	38
372352640	1	38	126488011	1	38
372352640	1	38	365220693	1	38
372352640	1	38	161703007	1	38
372352640	1	38	234136394	1	38
372352640	1	38	234461735	1	38
372352640	1	38	321877080	1	38
372352640	1	38	444112553	1	38
372352640	1	38	45483856	1	38
372352640	1	38	45533230	1	38
372352640	1	38	240698562	1	38
372352640	1	38	249046549	1	38
372352640	1	38	292416588	1	38
372352640	1	38	205542778	1	38
372352640	1	38	263386803	1	38
372352640	1	38	263709213	1	38
372352640	1	38	74649009	1	38
372352640	1	38	219796482	1	38
372352640	1	38	234411413	1	38
372352640	1	38	60111644	1	38
372352640	1	38	103735881	1	38
372352640	1	38	190857830	1	38
372352640	1	38	350817604	1	38
372352640	1	38	350898867	1	38
372352640	1	38	31095838	1	38
372352640	1	38	403171127	1	38
372352640	1	38	88791206	1	38
372352640	1	38	278282572	1	38
372352640	1	38	117884213	1	38
372352640	1	38	129477979	1	38
372352640	1	38	147201788	1	38
372352640	1	38	263566074	1	38
372352640	1	38	394461720	1	38
372352640	1	38	452587980	1	38
372352640	1	38	132901339	1	38
372352640	1	38	205639270	1	38
372352640	1	38	336000525	1	38
372352640	1	38	336018448	1	38
372352640	1	38	406618030	1	38
372352640	1	38	30891053	1	38
372352640	1	38	41213649	1	38
372352640	1	38	117816975	1	38
372352640	1	38	45619228	1	38
372352640	1	38	234263964	1	38
372352640	1	38	285885252	1	38
372352640	1	38	336536186	1	38
372352640	1	38	452386152	1	38
372352640	1	38	171322427	1	38
372352640	1	38	176169158	1	38
372352640	1	38	263806475	1	38
372352640	1	38	1570439	1	38
372352640	1	38	16110384	1	38
372352640	1	38	132853366	1	38
372352640	1	38	176067880	1	38
372352640	1	38	406482230	1	38
372352640	1	38	255192724	1	38
372352640	1	38	272667934	1	38
372352640	1	38	59700673	1	38
372352640	1	38	336053568	1	38
372352640	1	38	82887549	1	38
372352640	1	38	321799973	1	38
372352640	1	38	791978	1	38
372352640	1	38	438055752	1	38
372352640	1	38	16118926	1	38
372352640	1	38	336450914	1	38
372352640	1	38	248026446	1	38
372352640	1	38	277109954	1	38
372352640	1	38	278009766	1	38
372352640	1	38	292412405	1	38
372352640	1	38	349819473	1	38
372352640	1	38	306987750	1	38
372352640	1	38	88071099	1	38
372352640	1	38	292442492	1	38
372352640	1	38	74579619	1	38
372352640	1	38	190923694	1	38
372352640	1	38	452660079	1	38
372352640	1	38	318013043	1	38
372352640	1	38	437489743	1	38
372352640	1	38	1731639	1	38
372352640	1	38	459001307	1	38
372352640	1	38	204819928	1	38
372352640	1	38	407989090	1	38
372352640	1	38	437488905	1	38
372352640	1	38	408098471	1	38
372352640	1	38	1813405	1	38
372352640	1	38	30988071	1	38
372352640	1	38	45339916	1	38
372352640	1	38	117156745	1	38
372352640	1	38	131679397	1	38
372352640	1	38	204401818	1	38
372352640	1	38	248971069	1	38
372352640	1	38	298312608	1	38
372352640	1	38	350599532	1	38
372352640	1	38	365347795	1	38
372352640	1	38	393559005	1	38
372352640	1	38	45657627	1	38
372352640	1	38	278020948	1	38
372352640	1	38	291766242	1	38
372352640	1	38	292438779	1	38
372352640	1	38	88214171	1	38
372352640	1	38	364318936	1	38
372352640	1	38	451752648	1	38
372352640	1	38	160923779	1	38
372352640	1	38	175277102	1	38
372352640	1	38	219086893	1	38
372352640	1	38	277254464	1	38
372352640	1	38	437213505	1	38
372352640	1	38	117112930	1	38
372352640	1	38	248171769	1	38
372352640	1	38	262529385	1	38
372352640	1	38	58978531	1	38
372352640	1	38	117124572	1	38
372352640	1	38	59739704	1	38
372352640	1	38	349265303	1	38
372352640	1	38	146492341	1	38
372352640	1	38	117156035	1	38
372352640	1	38	379139016	1	38
372352640	1	38	451610590	1	38
372352640	1	38	103030450	1	38
372352640	1	38	378905063	1	38
372352640	1	38	161012942	1	38
372352640	1	38	408219268	1	38
372352640	1	38	437072722	1	38
372352640	1	38	364364726	1	38
372352640	1	38	320706996	1	38
372352640	1	38	219087020	1	38
372352640	1	38	182823745	1	38
372352640	1	38	233444595	1	38
372352640	1	38	277254997	1	38
372352640	1	38	407976607	1	38
372352640	1	38	435167011	1	38
372352640	1	38	204413707	1	38
372352640	1	38	218890710	1	38
372352640	1	38	350740091	1	38
372352640	1	38	191051739	1	38
372352640	1	38	160769377	1	38
372352640	1	38	44448768	1	38
372352640	1	38	146237126	1	38
372352640	1	38	380100095	1	38
372352640	1	38	176040433	1	38
372352640	1	38	320738276	1	38
372352640	1	38	335222298	1	38
372352640	1	38	437038675	1	38
372352640	1	38	102756509	1	38
372352640	1	38	146195592	1	38
372352640	1	38	248171396	1	38
372352640	1	38	364305229	1	38
372352640	1	38	58956192	1	38
372352640	1	38	335246765	1	38
372352640	1	38	393428252	1	38
372352640	1	38	393596438	1	38
372352640	1	38	277227675	1	38
372352640	1	38	379121190	1	38
372352640	1	38	15477124	1	38
372352640	1	38	131812022	1	38
372352640	1	38	408096014	1	38
372352640	1	38	15513422	1	38
372352640	1	38	378886347	1	38
372352640	1	38	437053387	1	38
372352640	1	38	806582	1	38
372352640	1	38	131846074	1	38
372352640	1	38	160776804	1	38
372352640	1	38	190220264	1	38
372352640	1	38	204402725	1	38
372352640	1	38	277080930	1	38
372352640	1	38	233599520	1	38
372352640	1	38	102725570	1	38
372352640	1	38	248142468	1	38
372352640	1	38	768160	1	38
372352640	1	38	88017615	1	38
372352640	1	38	320679206	1	38
372352640	1	38	437012585	1	38
372352640	1	38	262552163	1	38
372352640	1	38	73512947	1	38
372352640	1	38	175433049	1	38
372352640	1	38	88014249	1	38
372352640	1	38	131810588	1	38
372352640	1	38	175266736	1	38
372352640	1	38	407970148	1	38
372352640	1	38	422533722	1	38
372352640	1	38	131696429	1	38
372352640	1	38	102610715	1	38
372352640	1	38	335514927	1	38
372352640	1	38	437301044	1	38
372352640	1	38	335421156	1	38
372352640	1	38	1569171	1	38
372352640	1	38	205105306	1	38
372352640	1	38	306151391	1	38
372352640	1	38	364318506	1	38
372352640	1	38	30049247	1	38
372352640	1	38	379017563	1	38
372352640	1	38	103825144	1	38
372352640	1	38	103325353	1	38
372352640	1	38	307057146	1	38
372352640	1	38	219919444	1	38
372352640	1	38	379976939	1	38
372352640	1	38	292638627	1	41
372352640	1	38	278148125	1	41
372352640	1	38	365139791	1	41
372352640	1	38	74377969	1	41
372352640	1	38	176369063	1	41
372352640	1	38	248805963	1	86
372352640	1	38	449469647	1	89
372352640	1	38	44588554	1	89
372352640	1	38	30970471	1	95
372352640	1	38	234283179	1	101
372352640	1	38	59836760	1	101
372352640	1	38	59833913	1	113
372352640	1	38	379845969	1	116
372352640	1	38	336346487	1	122
372352640	1	38	117806900	1	170
372352640	1	38	190574791	1	239
372352640	1	38	292552998	1	251
372352640	1	38	379748736	1	431
372352640	1	38	292533874	1	431
372352640	1	38	423592421	1	452
372352640	1	38	117298689	1	485
372352640	1	38	74398713	1	494
 