372352640	1	828	372352640	1	828
372352640	1	828	408062471	1	828
372352640	1	828	405902186	1	843
372352640	1	828	146315750	1	843
372352640	1	828	437146630	1	843
372352640	1	828	373879599	1	843
372352640	1	828	147264972	1	936
372352640	1	828	205085763	1	954
372352640	1	828	263241263	1	954
372352640	1	828	1919823	1	954
372352640	1	828	118246785	1	954
372352640	1	828	74344132	1	954
372352640	1	828	463959399	1	954
372352640	1	828	103648340	1	954
372352640	1	828	205546778	1	957
372352640	1	828	45415127	1	966
372352640	1	828	230042090	1	966
372352640	1	828	74180310	1	966
372352640	1	828	205427007	1	966
372352640	1	828	365092438	1	966
372352640	1	828	409042770	1	966
372352640	1	828	219914097	1	966
372352640	1	828	292318972	1	966
372352640	1	828	452295636	1	966
372352640	1	828	423571853	1	966
372352640	1	828	6943913	1	966
372352640	1	828	175575441	1	966
372352640	1	828	202004466	1	966
372352640	1	828	357727902	1	966
372352640	1	828	172765966	1	966
372352640	1	828	421412688	1	966
372352640	1	828	103534429	1	966
372352640	1	828	74631625	1	966
372352640	1	828	146492341	1	966
372352640	1	828	379157212	1	966
372352640	1	828	321584150	1	966
372352640	1	828	45259727	1	966
372352640	1	828	52224443	1	966
372352640	1	828	219864058	1	978
372352640	1	828	30685388	1	978
372352640	1	828	74578919	1	978
372352640	1	828	314232992	1	984
372352640	1	828	350697414	1	984
372352640	1	828	278148125	1	984
372352640	1	828	263428305	1	984
372352640	1	828	275243670	1	984
372352640	1	828	292722680	1	984
372352640	1	828	118394616	1	984
372352640	1	828	205403878	1	984
372352640	1	828	336053568	1	987
372352640	1	828	365139791	1	987
372352640	1	828	248805963	1	987
372352640	1	828	161836043	1	990
372352640	1	828	147432643	1	990
372352640	1	828	307251557	1	990
372352640	1	828	278025668	1	990
372352640	1	828	156906734	1	993
372352640	1	828	126488011	1	993
372352640	1	828	394614944	1	996
372352640	1	828	365220693	1	996
372352640	1	828	263806475	1	996
372352640	1	828	162016104	1	996
372352640	1	828	161554701	1	1337
372352640	1	828	452386152	1	1337
372352640	1	828	234263964	1	1337
372352640	1	828	103825144	1	1337
372352640	1	828	408897692	1	1340
372352640	1	828	379017563	1	1340
372352640	1	828	14764045	1	1340
372352640	1	828	161012942	1	1340
372352640	1	828	408219268	1	1340
372352640	1	828	364364726	1	1340
372352640	1	828	378905063	1	1340
372352640	1	828	160769377	1	1340
372352640	1	828	437072722	1	1340
372352640	1	828	103030450	1	1340
372352640	1	828	146195592	1	1340
372352640	1	828	102756509	1	1340
372352640	1	828	248171396	1	1340
372352640	1	828	277255192	1	1340
372352640	1	828	422670278	1	1340
372352640	1	828	58978531	1	1340
372352640	1	828	407976607	1	1340
372352640	1	828	320738276	1	1340
372352640	1	828	160776804	1	1340
372352640	1	828	335278964	1	1340
372352640	1	828	15477124	1	1340
372352640	1	828	408096014	1	1340
372352640	1	828	437053387	1	1340
372352640	1	828	806582	1	1340
372352640	1	828	190220264	1	1340
372352640	1	828	204402725	1	1340
372352640	1	828	262930460	1	1340
372352640	1	828	378886347	1	1340
372352640	1	828	407989090	1	1340
372352640	1	828	131812022	1	1340
372352640	1	828	44448768	1	1340
372352640	1	828	204401818	1	1340
372352640	1	828	393428252	1	1340
372352640	1	828	277227675	1	1340
372352640	1	828	248142468	1	1340
372352640	1	828	102725570	1	1340
372352640	1	828	189978403	1	1340
372352640	1	828	408098471	1	1340
372352640	1	828	88014249	1	1340
372352640	1	828	131679397	1	1340
372352640	1	828	175266736	1	1340
372352640	1	828	422533722	1	1340
372352640	1	828	320706996	1	1340
372352640	1	828	393559005	1	1340
372352640	1	828	291766242	1	1340
372352640	1	828	349930847	1	1340
372352640	1	828	117156035	1	1340
372352640	1	828	379139016	1	1340
372352640	1	828	451610590	1	1340
372352640	1	828	77548414	1	1340
372352640	1	828	380055378	1	1343
372352640	1	828	438139184	1	1343
372352640	1	828	161804960	1	1343
372352640	1	828	176393184	1	1343
372352640	1	828	423410860	1	1343
372352640	1	828	74717554	1	1343
372352640	1	828	423598513	1	1343
372352640	1	828	1892998	1	1343
372352640	1	828	452355617	1	1343
372352640	1	828	219940014	1	1343
372352640	1	828	409146636	1	1343
372352640	1	828	307412639	1	1343
372352640	1	828	220162159	1	1343
372352640	1	828	438219788	1	1343
372352640	1	828	335222298	1	1343
372352640	1	828	364305229	1	1343
372352640	1	828	117112930	1	1343
372352640	1	828	262529385	1	1343
372352640	1	828	175277102	1	1343
372352640	1	828	277254464	1	1343
372352640	1	828	437038675	1	1343
372352640	1	828	437213505	1	1343
372352640	1	828	58956192	1	1343
372352640	1	828	335246765	1	1343
372352640	1	828	393596438	1	1343
372352640	1	828	88214171	1	1343
372352640	1	828	233444595	1	1343
372352640	1	828	364318936	1	1343
372352640	1	828	451752648	1	1343
372352640	1	828	160923779	1	1343
372352640	1	828	219087020	1	1343
372352640	1	828	277254997	1	1343
372352640	1	828	248026446	1	1343
372352640	1	828	277109954	1	1343
372352640	1	828	88071099	1	1343
372352640	1	828	349819473	1	1343
372352640	1	828	379121190	1	1343
372352640	1	828	791978	1	1343
372352640	1	828	437489743	1	1343
372352640	1	828	204819928	1	1343
372352640	1	828	117264428	1	1343
372352640	1	828	335260277	1	1343
372352640	1	828	422638072	1	1343
372352640	1	828	131696429	1	1343
372352640	1	828	102610715	1	1343
372352640	1	828	335514927	1	1343
372352640	1	828	437301044	1	1343
372352640	1	828	184072366	1	1343
372352640	1	828	379976939	1	1343
372352640	1	828	408657102	1	1361
372352640	1	828	59658036	1	1361
372352640	1	828	1535667	1	1361
372352640	1	828	219752634	1	1361
372352640	1	828	8813819	1	1361
372352640	1	828	336514781	1	1361
372352640	1	828	303176083	1	1361
372352640	1	828	365502206	1	1361
372352640	1	828	16322578	1	1361
372352640	1	828	16432039	1	1361
372352640	1	828	307128189	1	1361
372352640	1	828	360445180	1	1361
372352640	1	828	273000090	1	1361
372352640	1	828	403505821	1	1361
372352640	1	828	263413465	1	1361
372352640	1	828	16240937	1	1361
372352640	1	828	146957349	1	1361
372352640	1	828	286949886	1	1361
372352640	1	828	408671371	1	1361
372352640	1	828	30941633	1	1361
372352640	1	828	255248528	1	1361
372352640	1	828	16082561	1	1361
372352640	1	828	30895913	1	1361
372352640	1	828	89290525	1	1361
372352640	1	828	190795434	1	1361
372352640	1	828	234379540	1	1361
372352640	1	828	249013521	1	1361
372352640	1	828	332283203	1	1361
372352640	1	828	350478932	1	1361
372352640	1	828	359581592	1	1361
372352640	1	828	365596739	1	1361
372352640	1	828	365609417	1	1361
372352640	1	828	379683157	1	1361
372352640	1	828	379752751	1	1361
372352640	1	828	409124918	1	1361
372352640	1	828	423642917	1	1361
372352640	1	828	437900086	1	1361
372352640	1	828	138302736	1	1361
372352640	1	828	190576529	1	1361
372352640	1	828	205312830	1	1361
372352640	1	828	321532854	1	1361
372352640	1	828	409143755	1	1361
372352640	1	828	452529829	1	1361
372352640	1	828	103393220	1	1361
372352640	1	828	103547714	1	1361
372352640	1	828	118372845	1	1361
372352640	1	828	176230403	1	1361
372352640	1	828	176429885	1	1361
372352640	1	828	278103405	1	1361
372352640	1	828	278193997	1	1361
372352640	1	828	350595105	1	1361
372352640	1	828	365468863	1	1361
372352640	1	828	394219831	1	1361
372352640	1	828	39839686	1	1361
372352640	1	828	89226848	1	1361
372352640	1	828	161575061	1	1361
372352640	1	828	219759177	1	1361
372352640	1	828	234380603	1	1361
372352640	1	828	248807982	1	1361
372352640	1	828	307060854	1	1361
372352640	1	828	45529224	1	1361
372352640	1	828	88868176	1	1361
372352640	1	828	98000880	1	1361
372352640	1	828	132853366	1	1361
372352640	1	828	138173051	1	1361
372352640	1	828	147283803	1	1361
372352640	1	828	176239237	1	1361
372352640	1	828	176306348	1	1361
372352640	1	828	205614082	1	1361
372352640	1	828	234134033	1	1361
372352640	1	828	292359011	1	1361
372352640	1	828	336219793	1	1361
372352640	1	828	446658266	1	1361
372352640	1	828	1570439	1	1361
372352640	1	828	16110384	1	1361
372352640	1	828	45619228	1	1361
372352640	1	828	74749988	1	1361
372352640	1	828	176067880	1	1361
372352640	1	828	307308671	1	1361
372352640	1	828	88886019	1	1361
372352640	1	828	103824754	1	1361
372352640	1	828	132680671	1	1361
372352640	1	828	156136604	1	1361
372352640	1	828	176461120	1	1361
372352640	1	828	350532761	1	1361
372352640	1	828	30856349	1	1361
372352640	1	828	103823497	1	1361
372352640	1	828	292433068	1	1361
372352640	1	828	292604508	1	1361
372352640	1	828	423493470	1	1361
372352640	1	828	452427280	1	1361
372352640	1	828	16477948	1	1361
372352640	1	828	74720597	1	1361
372352640	1	828	118191937	1	1361
372352640	1	828	161461986	1	1361
372352640	1	828	161595171	1	1361
372352640	1	828	190880523	1	1361
372352640	1	828	278314763	1	1361
372352640	1	828	292793814	1	1361
372352640	1	828	336243269	1	1361
372352640	1	828	380026705	1	1361
372352640	1	828	132425651	1	1361
372352640	1	828	216014312	1	1361
372352640	1	828	321977176	1	1361
372352640	1	828	408802050	1	1361
372352640	1	828	45152266	1	1361
372352640	1	828	234544027	1	1361
372352640	1	828	248682499	1	1361
372352640	1	828	292638627	1	1361
372352640	1	828	336182757	1	1361
372352640	1	828	336403456	1	1361
372352640	1	828	336406894	1	1361
372352640	1	828	394174097	1	1361
372352640	1	828	1341	1	1361
372352640	1	828	74433824	1	1361
372352640	1	828	89169913	1	1361
372352640	1	828	147325865	1	1361
372352640	1	828	176446118	1	1361
372352640	1	828	205052967	1	1361
372352640	1	828	45350334	1	1361
372352640	1	828	103466454	1	1361
372352640	1	828	103589584	1	1361
372352640	1	828	147326301	1	1361
372352640	1	828	205471612	1	1361
372352640	1	828	234336813	1	1361
372352640	1	828	321701750	1	1361
372352640	1	828	350549041	1	1361
372352640	1	828	437776039	1	1361
372352640	1	828	452729470	1	1361
372352640	1	828	103328080	1	1361
372352640	1	828	243075389	1	1361
372352640	1	828	39400430	1	1361
372352640	1	828	89196961	1	1361
372352640	1	828	203287891	1	1361
372352640	1	828	255897284	1	1361
372352640	1	828	30619769	1	1361
372352640	1	828	132674538	1	1361
372352640	1	828	205380444	1	1361
372352640	1	828	1839973	1	1361
372352640	1	828	173945657	1	1361
372352640	1	828	59997600	1	1361
372352640	1	828	132435977	1	1361
372352640	1	828	263285315	1	1361
372352640	1	828	438192470	1	1361
372352640	1	828	45257807	1	1361
372352640	1	828	1587654	1	1361
372352640	1	828	16139630	1	1361
372352640	1	828	86811971	1	1361
372352640	1	828	118057697	1	1361
372352640	1	828	234543613	1	1361
372352640	1	828	315337293	1	1361
372352640	1	828	176283921	1	1361
372352640	1	828	234530547	1	1361
372352640	1	828	40465608	1	1361
372352640	1	828	220033885	1	1361
372352640	1	828	423257597	1	1361
372352640	1	828	60048989	1	1361
372352640	1	828	365450699	1	1361
372352640	1	828	74377969	1	1361
372352640	1	828	147180179	1	1361
372352640	1	828	321725784	1	1361
372352640	1	828	176169158	1	1361
372352640	1	828	103390380	1	1361
372352640	1	828	190827738	1	1361
372352640	1	828	132667656	1	1361
372352640	1	828	7021028	1	1361
372352640	1	828	394217655	1	1361
372352640	1	828	147377138	1	1361
372352640	1	828	365109117	1	1361
372352640	1	828	286047221	1	1361
372352640	1	828	234283179	1	1361
372352640	1	828	360604144	1	1361
372352640	1	828	336272773	1	1361
372352640	1	828	261581563	1	1361
372352640	1	828	350898867	1	1361
372352640	1	828	89327548	1	1361
372352640	1	828	117816975	1	1361
372352640	1	828	220202752	1	1361
372352640	1	828	234352350	1	1361
372352640	1	828	350729782	1	1361
372352640	1	828	42998479	1	1361
372352640	1	828	74181524	1	1361
372352640	1	828	176386060	1	1361
372352640	1	828	59836760	1	1361
372352640	1	828	225572231	1	1361
372352640	1	828	423730644	1	1361
372352640	1	828	205557320	1	1361
372352640	1	828	307093583	1	1361
372352640	1	828	336176405	1	1361
372352640	1	828	132650542	1	1361
372352640	1	828	205302276	1	1361
372352640	1	828	25543218	1	1361
372352640	1	828	161703007	1	1361
372352640	1	828	389801521	1	1361
372352640	1	828	1858212	1	1361
372352640	1	828	103731937	1	1361
372352640	1	828	234411413	1	1361
372352640	1	828	292638820	1	1361
372352640	1	828	292785066	1	1361
372352640	1	828	438011194	1	1361
372352640	1	828	16360323	1	1361
372352640	1	828	1731639	1	1361
372352640	1	828	459001307	1	1361
372352640	1	828	249013204	1	1361
372352640	1	828	234660397	1	1361
372352640	1	828	301126313	1	1361
372352640	1	828	452294686	1	1361
372352640	1	828	263386803	1	1361
372352640	1	828	45533230	1	1361
372352640	1	828	249046549	1	1361
372352640	1	828	103735881	1	1361
372352640	1	828	234136394	1	1361
372352640	1	828	307172486	1	1361
372352640	1	828	59765730	1	1361
372352640	1	828	249038925	1	1361
372352640	1	828	437809236	1	1361
372352640	1	828	411084917	1	1361
372352640	1	828	202278935	1	1361
372352640	1	828	337111072	1	1361
372352640	1	828	452699602	1	1361
372352640	1	828	346214140	1	1361
372352640	1	828	60111644	1	1361
372352640	1	828	248943431	1	1361
372352640	1	828	30818791	1	1361
372352640	1	828	349265303	1	1361
372352640	1	828	744932	1	1361
372352640	1	828	452587980	1	1361
372352640	1	828	190652207	1	1361
372352640	1	828	190918651	1	1361
372352640	1	828	307073545	1	1361
372352640	1	828	103759651	1	1361
372352640	1	828	314031801	1	1361
372352640	1	828	255192724	1	1361
372352640	1	828	379970293	1	1361
372352640	1	828	461936688	1	1361
372352640	1	828	292721153	1	1361
372352640	1	828	1889786	1	1361
372352640	1	828	380100095	1	1361
372352640	1	828	408869380	1	1361
372352640	1	828	45399683	1	1361
372352640	1	828	321825894	1	1361
372352640	1	828	118123037	1	1361
372352640	1	828	408674408	1	1361
372352640	1	828	321782544	1	1361
372352640	1	828	768160	1	1361
372352640	1	828	88017615	1	1361
372352640	1	828	131846074	1	1361
372352640	1	828	320679206	1	1361
372352640	1	828	277080930	1	1361
372352640	1	828	437012585	1	1361
372352640	1	828	176366184	1	1361
372352640	1	828	176574369	1	1361
372352640	1	828	15513422	1	1361
372352640	1	828	350817604	1	1361
372352640	1	828	31149144	1	1361
372352640	1	828	403171127	1	1361
372352640	1	828	190907321	1	1361
372352640	1	828	155964313	1	1361
372352640	1	828	263566074	1	1361
372352640	1	828	435167011	1	1361
372352640	1	828	219603872	1	1361
372352640	1	828	272667934	1	1361
372352640	1	828	321781346	1	1361
372352640	1	828	132835594	1	1361
372352640	1	828	306942960	1	1361
372352640	1	828	335976425	1	1361
372352640	1	828	292550460	1	1361
372352640	1	828	171322427	1	1361
372352640	1	828	336536186	1	1361
372352640	1	828	59739704	1	1361
372352640	1	828	406482230	1	1361
372352640	1	828	423612620	1	1361
372352640	1	828	306987750	1	1361
372352640	1	828	321799973	1	1361
372352640	1	828	16118926	1	1361
372352640	1	828	277899601	1	1361
372352640	1	828	278009766	1	1361
372352640	1	828	379691195	1	1361
372352640	1	828	394134177	1	1361
372352640	1	828	103478326	1	1361
372352640	1	828	30729166	1	1361
372352640	1	828	263623431	1	1361
372352640	1	828	131810588	1	1361
372352640	1	828	262552163	1	1361
372352640	1	828	73512947	1	1361
372352640	1	828	175433049	1	1361
372352640	1	828	306151391	1	1361
372352640	1	828	407970148	1	1361
372352640	1	828	335421156	1	1361
372352640	1	828	53803084	1	1361
372352640	1	828	364318506	1	1361
372352640	1	828	117884213	1	1361
372352640	1	828	129477979	1	1361
372352640	1	828	214867233	1	1361
372352640	1	828	394461720	1	1361
372352640	1	828	147201788	1	1361
372352640	1	828	219761023	1	1361
372352640	1	828	138962214	1	1361
372352640	1	828	307045413	1	1361
372352640	1	828	335934494	1	1361
372352640	1	828	379750167	1	1361
372352640	1	828	438055752	1	1361
372352640	1	828	94139091	1	1361
372352640	1	828	336450914	1	1361
372352640	1	828	59700673	1	1361
372352640	1	828	263624097	1	1361
372352640	1	828	394487889	1	1361
372352640	1	828	45570370	1	1361
372352640	1	828	103325353	1	1361
372352640	1	828	74579619	1	1361
372352640	1	828	452660079	1	1361
372352640	1	828	190923694	1	1361
372352640	1	828	205105306	1	1361
372352640	1	828	176369063	1	1361
372352640	1	828	409099481	1	1361
372352640	1	828	263682706	1	1361
372352640	1	828	307057146	1	1361
372352640	1	828	74676998	1	1361
372352640	1	828	30820695	1	1361
372352640	1	828	118259868	1	1364
372352640	1	828	59889120	1	1364
372352640	1	828	117124572	1	1367
372352640	1	828	125381873	1	1370
372352640	1	828	83275953	1	1370
372352640	1	828	292801893	1	1370
372352640	1	828	350850028	1	1370
372352640	1	828	45530956	1	1370
372352640	1	828	161725667	1	1370
372352640	1	828	82887549	1	1370
372352640	1	828	278014330	1	1370
372352640	1	828	306862128	1	1370
372352640	1	828	30927425	1	1370
372352640	1	828	54415149	1	1370
372352640	1	828	449469647	1	1370
372352640	1	828	239854669	1	1370
372352640	1	828	318013043	1	1370
372352640	1	828	87210512	1	1370
372352640	1	828	76856378	1	1373
372352640	1	828	45487179	1	1376
372352640	1	828	107806231	1	1388
372352640	1	828	240361232	1	1388
372352640	1	828	360318563	1	1388
372352640	1	828	409327320	1	1388
372352640	1	828	63155984	1	1388
372352640	1	828	35060160	1	1388
372352640	1	828	4822945	1	1388
372352640	1	828	40274939	1	1388
372352640	1	828	279320774	1	1388
372352640	1	828	397551936	1	1388
372352640	1	828	19527164	1	1388
372352640	1	828	163176992	1	1388
372352640	1	828	366309364	1	1388
372352640	1	828	223683338	1	1388
372352640	1	828	16992571	1	1388
372352640	1	828	221713930	1	1388
372352640	1	828	218890710	1	1421
372352640	1	828	204413707	1	1421
372352640	1	828	147455169	1	1439
372352640	1	828	45519686	1	1445
372352640	1	828	248171769	1	1463
372352640	1	828	204730537	1	1511
372352640	1	828	88791206	1	1541
372352640	1	828	30049247	1	1559
372352640	1	828	336425968	1	1616
372352640	1	828	263517709	1	1616
372352640	1	828	336491003	1	1616
372352640	1	828	350740091	1	1616
372352640	1	828	176040433	1	1664
372352640	1	828	161940716	1	1691
372352640	1	828	249177377	1	1691
372352640	1	828	409211616	1	1691
372352640	1	828	118073912	1	1691
372352640	1	828	16266359	1	1691
372352640	1	828	219086893	1	1760
372352640	1	828	31080239	1	1772
372352640	1	828	292412405	1	1781
372352640	1	828	74583507	1	1784
372352640	1	828	1880239	1	1784
372352640	1	828	30970471	1	1784
372352640	1	828	219796482	1	1784
372352640	1	828	233599520	1	1823
372352640	1	828	118239237	1	1844
372352640	1	828	437488905	1	1856
372352640	1	828	379845969	1	1919
372352640	1	828	44588554	1	1922
372352640	1	828	59833913	1	1943
372352640	1	828	117806900	1	2003
372352640	1	828	190574791	1	2042
372352640	1	828	423592421	1	2258
372352640	1	828	292533874	1	2258
372352640	1	828	74398713	1	2282
372352640	1	828	117298689	1	2330
138659252	1	9214	7486441	1	9208
138659252	1	9214	186019041	1	9208
138659252	1	9214	262866579	1	9211
138659252	1	9214	138659252	1	9214
138659252	1	9214	233562968	1	9214
138659252	1	9214	320812360	1	9214
138659252	1	9214	301220237	1	9214
138659252	1	9214	142746686	1	9214
138659252	1	9214	175287148	1	9214
138659252	1	9214	44802966	1	9214
138659252	1	9214	132097147	1	9214
138659252	1	9214	40468834	1	9214
138659252	1	9214	345944958	1	9214
138659252	1	9214	190206824	1	9214
138659252	1	9214	212139536	1	9214
138659252	1	9214	460815795	1	9214
138659252	1	9214	41335488	1	9214
138659252	1	9214	59386465	1	9214
138659252	1	9214	299761358	1	9214
138659252	1	9214	227900145	1	9214
138659252	1	9214	277337412	1	9214
138659252	1	9214	285393486	1	9214
138659252	1	9214	53492370	1	9214
138659252	1	9214	187607069	1	9214
138659252	1	9214	277276517	1	9214
138659252	1	9214	117375707	1	9214
138659252	1	9214	219043803	1	9214
138659252	1	9214	408111992	1	9214
138659252	1	9214	44796217	1	9214
138659252	1	9214	218955806	1	9214
138659252	1	9214	379151987	1	9214
138659252	1	9214	138715800	1	9214
138659252	1	9214	291952044	1	9214
138659252	1	9214	88549148	1	9214
138659252	1	9214	229338039	1	9214
138659252	1	9214	261146680	1	9214
138659252	1	9214	219095154	1	9214
138659252	1	9214	349848632	1	9214
138659252	1	9214	248269213	1	9214
138659252	1	9214	393836576	1	9214
138659252	1	9214	30106479	1	9214
138659252	1	9214	219418967	1	9214
138659252	1	9214	99748547	1	9214
138659252	1	9214	329938154	1	9214
138659252	1	9214	348513664	1	9214
138659252	1	9214	59397533	1	9214
138659252	1	9214	240876353	1	9214
138659252	1	9214	277590122	1	9214
138659252	1	9214	408184505	1	9214
138659252	1	9214	211557583	1	9214
138659252	1	9214	333138267	1	9214
138659252	1	9214	239490794	1	9214
138659252	1	9214	291784446	1	9214
138659252	1	9214	126278754	1	9214
138659252	1	9214	261111818	1	9214
138659252	1	9214	335267744	1	9214
138659252	1	9214	219004599	1	9214
138659252	1	9214	243936575	1	9214
138659252	1	9214	306303837	1	9214
138659252	1	9214	393628599	1	9214
138659252	1	9214	59190334	1	9214
138659252	1	9214	146312691	1	9214
138659252	1	9214	55134664	1	9214
138659252	1	9214	246433667	1	9214
138659252	1	9214	393757411	1	9214
138659252	1	9214	320717950	1	9214
138659252	1	9214	57559971	1	9214
138659252	1	9214	364753678	1	9214
138659252	1	9214	8046714	1	9214
138659252	1	9214	15743521	1	9214
138659252	1	9214	125934565	1	9214
138659252	1	9214	185783871	1	9214
138659252	1	9214	189891113	1	9214
138659252	1	9214	393757147	1	9214
138659252	1	9214	169674974	1	9214
138659252	1	9214	429935396	1	9214
138659252	1	9214	416114665	1	9214
138659252	1	9214	462925473	1	9214
138659252	1	9214	300555143	1	9214
138659252	1	9214	407964068	1	9214
138659252	1	9214	431847459	1	9214
138659252	1	9214	23574979	1	9214
138659252	1	9214	402608144	1	9214
138659252	1	9214	24235191	1	9214
138659252	1	9214	132011890	1	9214
138659252	1	9214	262751726	1	9214
138659252	1	9214	347995386	1	9214
138659252	1	9214	437167295	1	9214
138659252	1	9214	9806937	1	9214
138659252	1	9214	129324382	1	9214
138659252	1	9214	22012280	1	9214
138659252	1	9214	132045836	1	9214
138659252	1	9214	357037279	1	9214
138659252	1	9214	29857699	1	9214
138659252	1	9214	175324893	1	9214
138659252	1	9214	30091751	1	9315
138659252	1	9214	349895435	1	9315
138659252	1	9214	30201946	1	9315
138659252	1	9214	146718155	1	9315
138659252	1	9214	44667954	1	9327
138659252	1	9214	203267779	1	9330
138659252	1	9214	393512760	1	9330
138659252	1	9214	335362000	1	9330
138659252	1	9214	350164912	1	9330
138659252	1	9214	117635635	1	9330
138659252	1	9214	146684155	1	9330
138659252	1	9214	320765806	1	9330
138659252	1	9214	70748060	1	9330
138659252	1	9214	288132541	1	9330
138659252	1	9214	86917570	1	9330
138659252	1	9214	422765717	1	9330
138659252	1	9214	226834614	1	9333
138659252	1	9214	243091971	1	9333
138659252	1	9214	419602890	1	9333
138659252	1	9214	69642493	1	9333
138659252	1	9214	102593245	1	9333
138659252	1	9214	182310830	1	9333
138659252	1	9214	215871483	1	9333
138659252	1	9214	334268258	1	9333
138659252	1	9214	306251375	1	9333
138659252	1	9214	332134362	1	9333
138659252	1	9214	377742739	1	9333
138659252	1	9214	132134713	1	9333
138659252	1	9214	80667863	1	9333
138659252	1	9214	451623761	1	9333
138659252	1	9214	212309580	1	9333
138659252	1	9214	114678897	1	9333
138659252	1	9214	123580612	1	9333
138659252	1	9214	301397799	1	9333
138659252	1	9214	88275399	1	9333
138659252	1	9214	315954549	1	9336
138659252	1	9214	422615388	1	9336
138659252	1	9214	349895895	1	9339
138659252	1	9214	277509838	1	9339
138659252	1	9214	357731635	1	9339
138659252	1	9214	407959974	1	9339
138659252	1	9214	40866895	1	9339
138659252	1	9214	320765567	1	9339
138659252	1	9214	301606750	1	9339
138659252	1	9214	432049245	1	9339
138659252	1	9214	243915031	1	9339
138659252	1	9214	356648180	1	9339
138659252	1	9214	131722293	1	9339
138659252	1	9214	335304699	1	9339
138659252	1	9214	226427836	1	9339
138659252	1	9214	298386458	1	9339
138659252	1	9214	146291900	1	9339
138659252	1	9214	182472502	1	9339
138659252	1	9214	262602197	1	9339
138659252	1	9214	74010937	1	9339
138659252	1	9214	327352286	1	9342
138659252	1	9214	131687909	1	9342
138659252	1	9214	233947417	1	9342
138659252	1	9214	126732555	1	9342
138659252	1	9214	393851164	1	9342
138659252	1	9214	451589200	1	9342
138659252	1	9214	204377722	1	9342
138659252	1	9214	291824005	1	9342
138659252	1	9214	15791782	1	9342
138659252	1	9214	30340202	1	9342
138659252	1	9214	86510697	1	9342
138659252	1	9214	420162128	1	9342
138659252	1	9214	38520789	1	9342
138659252	1	9214	233827001	1	9342
138659252	1	9214	117180944	1	9342
138659252	1	9214	378955099	1	9342
138659252	1	9214	1177088	1	9342
138659252	1	9214	73788321	1	9342
138659252	1	9214	102783941	1	9342
138659252	1	9214	248287135	1	9342
138659252	1	9214	73572514	1	9342
138659252	1	9214	146397687	1	9342
138659252	1	9214	190338230	1	9342
138659252	1	9214	213030672	1	9342
138659252	1	9214	248021022	1	9342
138659252	1	9214	418441748	1	9342
138659252	1	9214	161020073	1	9342
138659252	1	9214	203470715	1	9342
138659252	1	9214	42008615	1	9342
138659252	1	9214	183253254	1	9342
138659252	1	9214	332709916	1	9342
138659252	1	9214	370454099	1	9342
138659252	1	9214	400589289	1	9342
138659252	1	9214	109669337	1	9342
138659252	1	9214	201675463	1	9342
138659252	1	9214	379360567	1	9342
138659252	1	9214	463144248	1	9342
138659252	1	9214	230757024	1	9342
138659252	1	9214	317771200	1	9342
138659252	1	9214	371153645	1	9342
138659252	1	9214	405328921	1	9342
138659252	1	9214	447295043	1	9342
138659252	1	9214	30244609	1	9342
138659252	1	9214	101516550	1	9342
138659252	1	9214	357027815	1	9342
138659252	1	9214	405058413	1	9342
138659252	1	9214	448568678	1	9342
138659252	1	9214	73844851	1	9342
138659252	1	9214	175478940	1	9342
138659252	1	9214	219409772	1	9342
138659252	1	9214	291665817	1	9342
138659252	1	9214	313128065	1	9342
138659252	1	9214	422593323	1	9342
138659252	1	9214	41011887	1	9342
138659252	1	9214	68074839	1	9342
138659252	1	9214	131700137	1	9342
138659252	1	9214	364764397	1	9342
138659252	1	9214	152744939	1	9342
138659252	1	9214	335569104	1	9342
138659252	1	9214	36886232	1	9342
138659252	1	9214	42960035	1	9342
138659252	1	9214	98968305	1	9342
138659252	1	9214	187009151	1	9342
138659252	1	9214	233504364	1	9342
138659252	1	9214	314117380	1	9342
138659252	1	9214	350101757	1	9342
138659252	1	9214	377565896	1	9342
138659252	1	9214	196030610	1	9342
138659252	1	9214	233562667	1	9342
138659252	1	9214	233562311	1	9342
138659252	1	9214	170591784	1	9342
138659252	1	9214	379166863	1	9342
138659252	1	9214	99925022	1	9342
138659252	1	9214	247988331	1	9342
138659252	1	9214	446340049	1	9342
138659252	1	9214	153336837	1	9342
138659252	1	9214	330672636	1	9342
138659252	1	9214	199867943	1	9342
138659252	1	9214	101693035	1	9342
138659252	1	9214	53283477	1	9342
138659252	1	9214	219143704	1	9342
138659252	1	9214	219352447	1	9342
138659252	1	9214	393777665	1	9342
138659252	1	9214	379293575	1	9342
138659252	1	9214	416782724	1	9342
138659252	1	9214	320866136	1	9342
138659252	1	9214	447002893	1	9342
138659252	1	9214	30023214	1	9345
138659252	1	9214	415126753	1	9345
138659252	1	9214	416514636	1	9345
138659252	1	9214	145332543	1	9345
138659252	1	9214	874028	1	9345
138659252	1	9214	204463229	1	9345
138659252	1	9214	292033428	1	9345
138659252	1	9214	389946040	1	9345
138659252	1	9214	128851392	1	9345
138659252	1	9214	74010627	1	9345
138659252	1	9214	364328367	1	9345
138659252	1	9214	408167299	1	9345
138659252	1	9214	15411351	1	9345
138659252	1	9214	50607398	1	9345
138659252	1	9214	175778870	1	9345
138659252	1	9214	189044402	1	9345
138659252	1	9214	292033521	1	9345
138659252	1	9214	327739276	1	9345
138659252	1	9214	349816229	1	9345
138659252	1	9214	350265582	1	9345
138659252	1	9214	362598619	1	9345
138659252	1	9214	399455592	1	9345
138659252	1	9214	96856003	1	9345
138659252	1	9214	99141372	1	9345
138659252	1	9214	142305595	1	9345
138659252	1	9214	314065351	1	9345
138659252	1	9214	73983138	1	9345
138659252	1	9214	103070524	1	9345
138659252	1	9214	190245575	1	9345
138659252	1	9214	225660596	1	9345
138659252	1	9214	73751100	1	9345
138659252	1	9214	146432619	1	9345
138659252	1	9214	219146923	1	9345
138659252	1	9214	292117576	1	9345
138659252	1	9214	393859754	1	9345
138659252	1	9214	102903387	1	9345
138659252	1	9214	259290036	1	9345
138659252	1	9214	416502092	1	9345
138659252	1	9214	68057890	1	9345
138659252	1	9214	168119257	1	9345
138659252	1	9214	362069178	1	9345
138659252	1	9214	233621314	1	9345
138659252	1	9214	274776587	1	9345
138659252	1	9214	416246463	1	9345
138659252	1	9214	320853707	1	9345
138659252	1	9214	364478926	1	9345
138659252	1	9214	15501617	1	9345
138659252	1	9214	204826696	1	9345
138659252	1	9214	287745727	1	9345
138659252	1	9214	428708101	1	9345
138659252	1	9214	248332763	1	9345
138659252	1	9214	240499657	1	9345
138659252	1	9214	393727313	1	9345
138659252	1	9214	204502059	1	9345
138659252	1	9214	274557490	1	9345
138659252	1	9214	345275846	1	9345
138659252	1	9214	269276240	1	9345
138659252	1	9214	132066342	1	9345
138659252	1	9214	113976180	1	9345
138659252	1	9214	189818135	1	9345
138659252	1	9214	257986136	1	9345
138659252	1	9214	102834860	1	9345
138659252	1	9214	59345930	1	9345
138659252	1	9214	262762522	1	9345
138659252	1	9214	88264584	1	9345
138659252	1	9214	335733868	1	9345
138659252	1	9214	350073965	1	9345
138659252	1	9214	364758859	1	9345
138659252	1	9214	88157308	1	9345
138659252	1	9214	117617001	1	9345
138659252	1	9214	146248894	1	9345
138659252	1	9214	161158625	1	9345
138659252	1	9214	321013819	1	9345
138659252	1	9214	393900201	1	9345
138659252	1	9214	422800591	1	9345
138659252	1	9214	437094720	1	9345
138659252	1	9214	219271848	1	9345
138659252	1	9214	408390820	1	9345
138659252	1	9214	422935216	1	9345
138659252	1	9214	1127459	1	9345
138659252	1	9214	73884658	1	9345
138659252	1	9214	88447946	1	9345
138659252	1	9214	131730483	1	9345
138659252	1	9214	175401782	1	9345
138659252	1	9214	219003632	1	9345
138659252	1	9214	262866269	1	9345
138659252	1	9214	262909222	1	9345
138659252	1	9214	262978844	1	9345
138659252	1	9214	277574448	1	9345
138659252	1	9214	321213028	1	9345
138659252	1	9214	335368823	1	9345
138659252	1	9214	378911635	1	9345
138659252	1	9214	378948213	1	9345
138659252	1	9214	393465905	1	9345
138659252	1	9214	393711979	1	9345
138659252	1	9214	408216774	1	9345
138659252	1	9214	1076603	1	9345
138659252	1	9214	1100785	1	9345
138659252	1	9214	15418975	1	9345
138659252	1	9214	15614373	1	9345
138659252	1	9214	15815376	1	9345
138659252	1	9214	59414510	1	9345
138659252	1	9214	73697112	1	9345
138659252	1	9214	73847547	1	9345
138659252	1	9214	88116394	1	9345
138659252	1	9214	102658220	1	9345
138659252	1	9214	102667851	1	9345
138659252	1	9214	117362365	1	9345
138659252	1	9214	146248602	1	9345
138659252	1	9214	146267370	1	9345
138659252	1	9214	161137363	1	9345
138659252	1	9214	190013085	1	9345
138659252	1	9214	190025700	1	9345
138659252	1	9214	204510608	1	9345
138659252	1	9214	204791926	1	9345
138659252	1	9214	204795425	1	9345
138659252	1	9214	262729020	1	9345
138659252	1	9214	350211409	1	9345
138659252	1	9214	364745724	1	9345
138659252	1	9214	364794354	1	9345
138659252	1	9214	393499505	1	9345
138659252	1	9214	437231610	1	9345
138659252	1	9214	451640965	1	9345
138659252	1	9214	874680	1	9345
138659252	1	9214	15430418	1	9345
138659252	1	9214	73575086	1	9345
138659252	1	9214	146311264	1	9345
138659252	1	9214	160862132	1	9345
138659252	1	9214	160867691	1	9345
138659252	1	9214	175705156	1	9345
138659252	1	9214	335315711	1	9345
138659252	1	9214	335355121	1	9345
138659252	1	9214	393606975	1	9345
138659252	1	9214	437080883	1	9345
138659252	1	9214	859803	1	9345
138659252	1	9214	1293440	1	9345
138659252	1	9214	15466015	1	9345
138659252	1	9214	146712284	1	9345
138659252	1	9214	262594148	1	9345
138659252	1	9214	262682004	1	9345
138659252	1	9214	277529240	1	9345
138659252	1	9214	451685682	1	9345
138659252	1	9214	15768341	1	9345
138659252	1	9214	146502563	1	9345
138659252	1	9214	160942737	1	9345
138659252	1	9214	321128312	1	9345
138659252	1	9214	451854584	1	9345
138659252	1	9214	451991818	1	9345
138659252	1	9214	262598336	1	9345
138659252	1	9214	277537229	1	9345
138659252	1	9214	175673020	1	9348
138659252	1	9214	30237360	1	9348
138659252	1	9214	115482757	1	9348
138659252	1	9214	123523549	1	9348
138659252	1	9214	291986466	1	9348
138659252	1	9214	59075345	1	9348
138659252	1	9214	161207781	1	9348
138659252	1	9214	331409985	1	9348
138659252	1	9214	23554541	1	9348
138659252	1	9214	43446543	1	9348
138659252	1	9214	44409338	1	9348
138659252	1	9214	141379378	1	9348
138659252	1	9214	219032404	1	9348
138659252	1	9214	364358354	1	9348
138659252	1	9214	408338536	1	9348
138659252	1	9214	161021256	1	9348
138659252	1	9214	189848493	1	9348
138659252	1	9214	239504016	1	9348
138659252	1	9214	262960854	1	9348
138659252	1	9214	318169092	1	9348
138659252	1	9214	335467024	1	9348
138659252	1	9214	408331439	1	9348
138659252	1	9214	417199838	1	9348
138659252	1	9214	437050455	1	9348
138659252	1	9214	451794794	1	9348
138659252	1	9214	88202407	1	9348
138659252	1	9214	103073069	1	9348
138659252	1	9214	117478192	1	9348
138659252	1	9214	190132268	1	9348
138659252	1	9214	248088416	1	9348
138659252	1	9214	335240927	1	9348
138659252	1	9214	393872379	1	9348
138659252	1	9214	437156123	1	9348
138659252	1	9214	160977414	1	9348
138659252	1	9214	170724761	1	9348
138659252	1	9214	363066303	1	9348
138659252	1	9214	317551923	1	9348
138659252	1	9214	73521508	1	9348
138659252	1	9214	299012011	1	9348
138659252	1	9214	386445887	1	9348
138659252	1	9214	41450983	1	9348
138659252	1	9214	300115349	1	9348
138659252	1	9214	437233182	1	9348
138659252	1	9214	101203730	1	9348
138659252	1	9214	125688079	1	9348
138659252	1	9214	199886782	1	9348
138659252	1	9214	429954469	1	9348
138659252	1	9214	422934906	1	9348
138659252	1	9214	1205700	1	9348
138659252	1	9214	204787019	1	9348
138659252	1	9214	233434436	1	9348
138659252	1	9214	262953335	1	9348
138659252	1	9214	269502897	1	9348
138659252	1	9214	303080952	1	9348
138659252	1	9214	864394	1	9348
138659252	1	9214	437478081	1	9348
138659252	1	9214	117288982	1	9348
138659252	1	9214	219321967	1	9348
138659252	1	9214	30052866	1	9348
138659252	1	9214	291801214	1	9348
138659252	1	9214	102692726	1	9348
138659252	1	9214	155040863	1	9348
138659252	1	9214	88474825	1	9348
138659252	1	9214	233465371	1	9348
138659252	1	9214	306255068	1	9348
138659252	1	9214	388799046	1	9348
138659252	1	9214	364484055	1	9348
138659252	1	9214	320990359	1	9348
138659252	1	9214	56128629	1	9348
138659252	1	9214	202511483	1	9348
138659252	1	9214	349952940	1	9348
138659252	1	9214	88150705	1	9348
138659252	1	9214	161054848	1	9348
138659252	1	9214	258497194	1	9348
138659252	1	9214	297885716	1	9348
138659252	1	9214	370492032	1	9348
138659252	1	9214	446641110	1	9348
138659252	1	9214	277337888	1	9348
138659252	1	9214	306173413	1	9348
138659252	1	9214	161034718	1	9348
138659252	1	9214	248266750	1	9348
138659252	1	9214	408171907	1	9348
138659252	1	9214	289952006	1	9348
138659252	1	9214	71838596	1	9348
138659252	1	9214	248381878	1	9348
138659252	1	9214	437342499	1	9348
138659252	1	9214	73684990	1	9348
138659252	1	9214	37680324	1	9351
138659252	1	9214	38099242	1	9351
138659252	1	9214	373202047	1	9351
138659252	1	9214	116077716	1	9351
138659252	1	9214	68182260	1	9351
138659252	1	9214	388058354	1	9351
138659252	1	9214	73510536	1	9351
138659252	1	9214	41671590	1	9351
138659252	1	9214	433976101	1	9351
138659252	1	9214	152198305	1	9354
138659252	1	9214	444171779	1	9354
138659252	1	9214	450752940	1	9357
138659252	1	9214	282749114	1	9363
138659252	1	9214	151794393	1	9363
138659252	1	9214	442720137	1	9363
138659252	1	9214	166554930	1	9363
138659252	1	9214	71707205	1	9363
138659252	1	9214	408389835	1	9369
138659252	1	9214	304857714	1	9369
138659252	1	9214	292054208	1	9369
138659252	1	9214	406307688	1	9372
138659252	1	9214	175617749	1	9372
138659252	1	9214	219011220	1	9372
138659252	1	9214	451864703	1	9372
138659252	1	9214	433863178	1	9387
138659252	1	9214	379041943	1	9387
138659252	1	9214	204779979	1	9396
138659252	1	9214	190225320	1	9396
138659252	1	9214	88089283	1	9396
138659252	1	9214	233684973	1	9396
138659252	1	9214	387090335	1	9396
138659252	1	9214	102680503	1	9396
138659252	1	9214	160757477	1	9396
138659252	1	9214	422722674	1	9396
138659252	1	9214	73596391	1	9396
138659252	1	9214	451895440	1	9396
138659252	1	9214	15659081	1	9396
138659252	1	9214	73954532	1	9396
138659252	1	9214	1101826	1	9396
138659252	1	9214	117561928	1	9396
138659252	1	9214	175746578	1	9396
138659252	1	9214	277588997	1	9396
138659252	1	9214	437423380	1	9396
138659252	1	9214	146495575	1	9396
138659252	1	9214	437270382	1	9396
138659252	1	9214	451759883	1	9396
138659252	1	9214	437532528	1	9396
138659252	1	9214	204780004	1	9399
138659252	1	9214	292069247	1	9399
138659252	1	9214	131644092	1	9399
138659252	1	9214	103051498	1	9399
138659252	1	9214	320892062	1	9399
138659252	1	9214	59055964	1	9399
138659252	1	9214	15471536	1	9399
138659252	1	9214	88404193	1	9399
138659252	1	9214	364843972	1	9399
138659252	1	9214	277520154	1	9399
138659252	1	9214	44586559	1	9402
138659252	1	9214	1260295	1	9402
138659252	1	9214	29855206	1	9402
138659252	1	9214	145279049	1	9402
138659252	1	9214	186639193	1	9402
138659252	1	9214	125611186	1	9405
138659252	1	9214	71107650	1	9405
138659252	1	9214	268581180	1	9405
138659252	1	9214	140948290	1	9405
138659252	1	9214	22593605	1	9405
138659252	1	9214	306547715	1	9414
138659252	1	9214	364614538	1	9417
138659252	1	9214	248130874	1	9420
138659252	1	9214	15735793	1	9420
138659252	1	9214	364393393	1	9420
138659252	1	9214	282987539	1	9420
138659252	1	9214	341154364	1	9420
138659252	1	9214	283036806	1	9420
138659252	1	9214	73573129	1	9420
138659252	1	9214	15485920	1	9423
138659252	1	9214	451558030	1	9423
138659252	1	9214	44785071	1	9426
138659252	1	9214	233925147	1	9513
12165644	-1	3540	9150322	-1	3540
12165644	-1	3540	355384528	-1	3540
12165644	-1	3540	71587055	-1	3540
12165644	-1	3540	435808878	-1	3540
12165644	-1	3540	181001798	-1	3540
12165644	-1	3540	399150769	-1	3540
12165644	-1	3540	30345141	-1	3540
12165644	-1	3540	461669263	-1	3540
12165644	-1	3540	79220429	-1	3540
12165644	-1	3540	157549233	-1	3540
12165644	-1	3540	151927486	-1	3540
12165644	-1	3540	325909004	-1	3540
12165644	-1	3540	302354620	-1	3540
12165644	-1	3540	96405682	-1	3540
12165644	-1	3540	84862850	-1	3540
12165644	-1	3540	273391365	-1	3540
12165644	-1	3540	282707791	-1	3540
12165644	-1	3540	171286891	-1	3540
12165644	-1	3540	214636343	-1	3540
12165644	-1	3540	329804798	-1	3540
12165644	-1	3540	146391691	-1	3540
12165644	-1	3540	253770692	-1	3540
12165644	-1	3540	253806097	-1	3540
12165644	-1	3540	253849809	-1	3540
12165644	-1	3540	360828053	-1	3540
12165644	-1	3540	448694317	-1	3540
12165644	-1	3540	376514939	-1	3540
12165644	-1	3540	384795822	-1	3540
12165644	-1	3540	155188579	-1	3540
12165644	-1	3540	231287943	-1	3540
12165644	-1	3540	122751736	-1	3540
12165644	-1	3540	359709149	-1	3540
12165644	-1	3540	326468787	-1	3540
12165644	-1	3540	50108546	-1	3540
12165644	-1	3540	297313382	-1	3540
12165644	-1	3540	443034315	-1	3540
12165644	-1	3540	458270011	-1	3540
12165644	-1	3540	112399072	-1	3540
12165644	-1	3540	341403181	-1	3540
12165644	-1	3540	28303955	-1	3540
12165644	-1	3540	378971108	-1	3540
12165644	-1	3540	301524507	-1	3540
12165644	-1	3540	218977779	-1	3540
12165644	-1	3540	12165644	-1	3540
12165644	-1	3540	29883238	-1	3540
12165644	-1	3540	332765725	-1	3540
12165644	-1	3540	44721960	-1	3540
12165644	-1	3540	229864402	-1	3540
12165644	-1	3540	447522400	-1	3540
12165644	-1	3540	125649288	-1	3540
12165644	-1	3540	146421728	-1	3540
12165644	-1	3540	248284203	-1	3540
12165644	-1	3540	160912519	-1	3540
12165644	-1	3540	73755739	-1	3540
12165644	-1	3540	199677439	-1	3540
12165644	-1	3540	132072277	-1	3540
12165644	-1	3540	204400659	-1	3540
12165644	-1	3540	422780794	-1	3540
12165644	-1	3540	452050141	-1	3540
12165644	-1	3540	246656687	-1	3540
12165644	-1	3540	269875365	-1	3540
12165644	-1	3540	143651382	-1	3540
12165644	-1	3540	306609974	-1	3540
12165644	-1	3540	335579916	-1	3540
12165644	-1	3540	422505735	-1	3540
12165644	-1	3540	430371585	-1	3540
12165644	-1	3540	986398	-1	3540
12165644	-1	3540	175280709	-1	3540
12165644	-1	3540	256157296	-1	3540
12165644	-1	3540	15340017	-1	3540
12165644	-1	3540	100396038	-1	3540
12165644	-1	3540	231984803	-1	3540
12165644	-1	3540	233612984	-1	3540
12165644	-1	3540	59110336	-1	3540
12165644	-1	3540	429533276	-1	3540
12165644	-1	3540	328221601	-1	3540
12165644	-1	3540	422644737	-1	3540
12165644	-1	3540	1047969	-1	3540
12165644	-1	3540	54853938	-1	3540
12165644	-1	3540	182807887	-1	3540
12165644	-1	3540	187252841	-1	3540
12165644	-1	3540	204674194	-1	3540
12165644	-1	3540	277498865	-1	3540
12165644	-1	3540	331007034	-1	3540
12165644	-1	3540	364436313	-1	3540
12165644	-1	3540	23954901	-1	3540
12165644	-1	3540	65025727	-1	3540
12165644	-1	3540	73685228	-1	3540
12165644	-1	3540	146496005	-1	3540
12165644	-1	3540	302268376	-1	3540
12165644	-1	3540	303748659	-1	3540
12165644	-1	3540	306587149	-1	3540
12165644	-1	3540	320812005	-1	3540
12165644	-1	3540	15661904	-1	3540
12165644	-1	3540	68257027	-1	3540
12165644	-1	3540	175676303	-1	3540
12165644	-1	3540	190335630	-1	3540
12165644	-1	3540	288363600	-1	3540
12165644	-1	3540	405447878	-1	3540
12165644	-1	3540	30380870	-1	3540
12165644	-1	3540	54716527	-1	3540
12165644	-1	3540	88100829	-1	3540
12165644	-1	3540	117630351	-1	3540
12165644	-1	3540	161111410	-1	3540
12165644	-1	3540	182696574	-1	3540
12165644	-1	3540	204587162	-1	3540
12165644	-1	3540	227679647	-1	3540
12165644	-1	3540	303318900	-1	3540
12165644	-1	3540	335476282	-1	3540
12165644	-1	3540	355950348	-1	3540
12165644	-1	3540	54766676	-1	3540
12165644	-1	3540	88200265	-1	3540
12165644	-1	3540	335269538	-1	3540
12165644	-1	3540	379279012	-1	3540
12165644	-1	3540	393771421	-1	3540
12165644	-1	3540	23899491	-1	3540
12165644	-1	3540	139268435	-1	3540
12165644	-1	3540	175570295	-1	3540
12165644	-1	3540	197860311	-1	3540
12165644	-1	3540	246168880	-1	3540
12165644	-1	3540	292005656	-1	3540
12165644	-1	3540	314907140	-1	3540
12165644	-1	3540	364387704	-1	3540
12165644	-1	3540	379052797	-1	3540
12165644	-1	3540	187927514	-1	3540
12165644	-1	3540	262903021	-1	3540
12165644	-1	3540	277370219	-1	3540
12165644	-1	3540	328125696	-1	3540
12165644	-1	3540	449713512	-1	3540
12165644	-1	3540	451832322	-1	3540
12165644	-1	3540	451937594	-1	3540
12165644	-1	3540	59415765	-1	3540
12165644	-1	3540	88254759	-1	3540
12165644	-1	3540	131659484	-1	3540
12165644	-1	3540	175284071	-1	3540
12165644	-1	3540	175408160	-1	3540
12165644	-1	3540	190045921	-1	3540
12165644	-1	3540	248384253	-1	3540
12165644	-1	3540	262902956	-1	3540
12165644	-1	3540	277075099	-1	3540
12165644	-1	3540	277578363	-1	3540
12165644	-1	3540	364775829	-1	3540
12165644	-1	3540	386943097	-1	3540
12165644	-1	3540	401400289	-1	3540
12165644	-1	3540	446787554	-1	3540
12165644	-1	3540	448063147	-1	3540
12165644	-1	3540	1219823	-1	3540
12165644	-1	3540	26720367	-1	3540
12165644	-1	3540	27540323	-1	3540
12165644	-1	3540	103071133	-1	3540
12165644	-1	3540	168775209	-1	3540
12165644	-1	3540	431725970	-1	3540
12165644	-1	3540	443927904	-1	3540
12165644	-1	3540	29900511	-1	3540
12165644	-1	3540	51266635	-1	3540
12165644	-1	3540	73693889	-1	3540
12165644	-1	3540	73694484	-1	3540
12165644	-1	3540	98086979	-1	3540
12165644	-1	3540	98435369	-1	3540
12165644	-1	3540	153813993	-1	3540
12165644	-1	3540	218988716	-1	3540
12165644	-1	3540	287422494	-1	3540
12165644	-1	3540	315186943	-1	3540
12165644	-1	3540	320678716	-1	3540
12165644	-1	3540	335633542	-1	3540
12165644	-1	3540	361912401	-1	3540
12165644	-1	3540	371660040	-1	3540
12165644	-1	3540	399595220	-1	3540
12165644	-1	3540	30209247	-1	3540
12165644	-1	3540	99303396	-1	3540
12165644	-1	3540	102678312	-1	3540
12165644	-1	3540	117325572	-1	3540
12165644	-1	3540	219380556	-1	3540
12165644	-1	3540	248435095	-1	3540
12165644	-1	3540	320802090	-1	3540
12165644	-1	3540	374966931	-1	3540
12165644	-1	3540	378946040	-1	3540
12165644	-1	3540	393473831	-1	3540
12165644	-1	3540	405337131	-1	3540
12165644	-1	3540	422592884	-1	3540
12165644	-1	3540	1255893	-1	3540
12165644	-1	3540	11118120	-1	3540
12165644	-1	3540	30033730	-1	3540
12165644	-1	3540	44779915	-1	3540
12165644	-1	3540	102965823	-1	3540
12165644	-1	3540	110738847	-1	3540
12165644	-1	3540	113446146	-1	3540
12165644	-1	3540	126915432	-1	3540
12165644	-1	3540	146211938	-1	3540
12165644	-1	3540	157935955	-1	3540
12165644	-1	3540	161111673	-1	3540
12165644	-1	3540	169360113	-1	3540
12165644	-1	3540	186885929	-1	3540
12165644	-1	3540	291653064	-1	3540
12165644	-1	3540	306226852	-1	3540
12165644	-1	3540	321041228	-1	3540
12165644	-1	3540	342298711	-1	3540
12165644	-1	3540	379259479	-1	3540
12165644	-1	3540	406567577	-1	3540
12165644	-1	3540	408323003	-1	3540
12165644	-1	3540	25667944	-1	3540
12165644	-1	3540	29917485	-1	3540
12165644	-1	3540	70185783	-1	3540
12165644	-1	3540	146589968	-1	3540
12165644	-1	3540	175704767	-1	3540
12165644	-1	3540	183546586	-1	3540
12165644	-1	3540	189875433	-1	3540
12165644	-1	3540	189914882	-1	3540
12165644	-1	3540	218908508	-1	3540
12165644	-1	3540	303235347	-1	3540
12165644	-1	3540	313679678	-1	3540
12165644	-1	3540	348105581	-1	3540
12165644	-1	3540	372008975	-1	3540
12165644	-1	3540	375293363	-1	3540
12165644	-1	3540	389632833	-1	3540
12165644	-1	3540	420401860	-1	3540
12165644	-1	3540	449343264	-1	3540
12165644	-1	3540	867657	-1	3540
12165644	-1	3540	52046417	-1	3540
12165644	-1	3540	73793574	-1	3540
12165644	-1	3540	102565532	-1	3540
12165644	-1	3540	115453395	-1	3540
12165644	-1	3540	117545080	-1	3540
12165644	-1	3540	117558414	-1	3540
12165644	-1	3540	131854430	-1	3540
12165644	-1	3540	138402278	-1	3540
12165644	-1	3540	139543569	-1	3540
12165644	-1	3540	248014834	-1	3540
12165644	-1	3540	248419249	-1	3540
12165644	-1	3540	299238251	-1	3540
12165644	-1	3540	302019649	-1	3540
12165644	-1	3540	335354094	-1	3540
12165644	-1	3540	364436759	-1	3540
12165644	-1	3540	408051622	-1	3540
12165644	-1	3540	408227667	-1	3540
12165644	-1	3540	30257265	-1	3540
12165644	-1	3540	102945501	-1	3540
12165644	-1	3540	190265975	-1	3540
12165644	-1	3540	198514228	-1	3540
12165644	-1	3540	243246655	-1	3540
12165644	-1	3540	254024045	-1	3540
12165644	-1	3540	356494435	-1	3540
12165644	-1	3540	379257082	-1	3540
12165644	-1	3540	388121592	-1	3540
12165644	-1	3540	422867296	-1	3540
12165644	-1	3540	437402168	-1	3540
12165644	-1	3540	445487483	-1	3540
12165644	-1	3540	461308137	-1	3540
12165644	-1	3540	50834725	-1	3540
12165644	-1	3540	53733257	-1	3540
12165644	-1	3540	88158214	-1	3540
12165644	-1	3540	140078666	-1	3540
12165644	-1	3540	161019324	-1	3540
12165644	-1	3540	204447353	-1	3540
12165644	-1	3540	239797516	-1	3540
12165644	-1	3540	286204966	-1	3540
12165644	-1	3540	350089990	-1	3540
12165644	-1	3540	443390786	-1	3540
12165644	-1	3540	15670853	-1	3540
12165644	-1	3540	128310078	-1	3540
12165644	-1	3540	131978852	-1	3540
12165644	-1	3540	213278235	-1	3540
12165644	-1	3540	242804290	-1	3540
12165644	-1	3540	243128232	-1	3540
12165644	-1	3540	357928977	-1	3540
12165644	-1	3540	435697040	-1	3540
12165644	-1	3540	30327201	-1	3540
12165644	-1	3540	42778148	-1	3540
12165644	-1	3540	88424628	-1	3540
12165644	-1	3540	141070410	-1	3540
12165644	-1	3540	229612547	-1	3540
12165644	-1	3540	239885789	-1	3540
12165644	-1	3540	459910601	-1	3540
12165644	-1	3540	44800122	-1	3540
12165644	-1	3540	146553174	-1	3540
12165644	-1	3540	169551761	-1	3540
12165644	-1	3540	257020952	-1	3540
12165644	-1	3540	262903363	-1	3540
12165644	-1	3540	262923544	-1	3540
12165644	-1	3540	331604445	-1	3540
12165644	-1	3540	73591783	-1	3540
12165644	-1	3540	80823090	-1	3540
12165644	-1	3540	82163701	-1	3540
12165644	-1	3540	344199282	-1	3540
12165644	-1	3540	403239294	-1	3540
12165644	-1	3540	37934475	-1	3540
12165644	-1	3540	80985702	-1	3540
12165644	-1	3540	277402262	-1	3540
12165644	-1	3540	321089600	-1	3540
12165644	-1	3540	73869417	-1	3540
12165644	-1	3540	127001055	-1	3540
12165644	-1	3540	154678048	-1	3540
12165644	-1	3540	23124849	-1	3540
12165644	-1	3540	41229041	-1	3540
12165644	-1	3540	145323963	-1	3540
12165644	-1	3540	216088076	-1	3540
12165644	-1	3540	245142620	-1	3540
12165644	-1	3540	255880241	-1	3540
12165644	-1	3540	258660638	-1	3540
12165644	-1	3540	261314320	-1	3540
12165644	-1	3540	42723839	-1	3540
12165644	-1	3540	84229649	-1	3540
12165644	-1	3540	101426784	-1	3540
12165644	-1	3540	146187086	-1	3540
12165644	-1	3540	156537177	-1	3540
12165644	-1	3540	404625517	-1	3540
12165644	-1	3540	38131819	-1	3540
12165644	-1	3540	143390703	-1	3540
12165644	-1	3540	284789654	-1	3540
12165644	-1	3540	317493448	-1	3540
12165644	-1	3540	335356399	-1	3540
12165644	-1	3540	345134515	-1	3540
12165644	-1	3540	355934667	-1	3540
12165644	-1	3540	22211164	-1	3540
12165644	-1	3540	71910544	-1	3540
12165644	-1	3540	96481347	-1	3540
12165644	-1	3540	215058680	-1	3540
12165644	-1	3540	422718392	-1	3540
12165644	-1	3540	96682068	-1	3540
12165644	-1	3540	375024107	-1	3540
12165644	-1	3540	981896	-1	3540
12165644	-1	3540	9083036	-1	3540
12165644	-1	3540	30066017	-1	3540
12165644	-1	3540	173575203	-1	3540
12165644	-1	3540	175482301	-1	3540
12165644	-1	3540	94697504	-1	3540
12165644	-1	3540	261453333	-1	3540
12165644	-1	3540	373620690	-1	3540
12165644	-1	3540	152438409	-1	3540
12165644	-1	3540	283583783	-1	3540
12165644	-1	3540	80106865	-1	3540
12165644	-1	3540	417002746	-1	3540
12165644	-1	3540	362636339	-1	3540
12165644	-1	3540	117546743	-1	3540
12165644	-1	3540	303845086	-1	3540
12165644	-1	3540	204479037	-1	3540
12165644	-1	3540	211689198	-1	3540
12165644	-1	3540	449450461	-1	3540
12165644	-1	3540	376092219	-1	3540
12165644	-1	3540	341321143	-1	3540
12165644	-1	3540	10286026	-1	3540
12165644	-1	3540	319353851	-1	3540
12165644	-1	3540	421600615	-1	3540
12165644	-1	3540	331433871	-1	3540
12165644	-1	3540	463612091	-1	3540
12165644	-1	3540	447648572	-1	3540
12165644	-1	3540	73975040	-1	3540
12165644	-1	3540	142651103	-1	3540
12165644	-1	3540	175792963	-1	3540
12165644	-1	3540	255921999	-1	3540
12165644	-1	3540	373806305	-1	3540
12165644	-1	3540	393685419	-1	3540
12165644	-1	3540	458219806	-1	3540
12165644	-1	3540	82671239	-1	3540
12165644	-1	3540	161185084	-1	3540
12165644	-1	3540	190276590	-1	3540
12165644	-1	3540	374842964	-1	3540
12165644	-1	3540	277282748	-1	3540
12165644	-1	3540	22977087	-1	3540
12165644	-1	3540	227221218	-1	3540
12165644	-1	3540	316761810	-1	3540
12165644	-1	3540	420825223	-1	3540
12165644	-1	3540	218958579	-1	3540
12165644	-1	3540	26990852	-1	3540
12165644	-1	3540	88437742	-1	3540
12165644	-1	3540	160861717	-1	3540
12165644	-1	3540	201262294	-1	3540
12165644	-1	3540	219309397	-1	3540
12165644	-1	3540	225645558	-1	3540
12165644	-1	3540	378853451	-1	3540
12165644	-1	3540	428781536	-1	3540
12165644	-1	3540	109826711	-1	3540
12165644	-1	3540	359044999	-1	3540
12165644	-1	3540	73933792	-1	3540
12165644	-1	3540	189896789	-1	3540
12165644	-1	3540	190177972	-1	3540
12165644	-1	3540	332257431	-1	3540
12165644	-1	3540	407928043	-1	3540
12165644	-1	3540	88131527	-1	3540
12165644	-1	3540	393481125	-1	3540
12165644	-1	3540	434268089	-1	3540
12165644	-1	3540	408376435	-1	3540
12165644	-1	3540	422985365	-1	3540
12165644	-1	3540	233879504	-1	3540
12165644	-1	3540	248373744	-1	3540
12165644	-1	3540	102668659	-1	3540
12165644	-1	3540	379303858	-1	3540
12165644	-1	3540	160783484	-1	3540
12165644	-1	3540	389822499	-1	3540
12165644	-1	3540	422907464	-1	3540
12165644	-1	3540	181148247	-1	3540
12165644	-1	3540	137278082	-1	3540
12165644	-1	3540	7371326	-1	3540
12165644	-1	3540	273346932	-1	3540
12165644	-1	3540	314665315	-1	3540
12165644	-1	3540	333693469	-1	3540
12165644	-1	3540	142937967	-1	3540
12165644	-1	3540	300381383	-1	3540
12165644	-1	3540	303731543	-1	3540
12165644	-1	3540	38019977	-1	3540
12165644	-1	3540	138058923	-1	3540
12165644	-1	3540	333267623	-1	3540
12165644	-1	3540	463538430	-1	3540
12165644	-1	3540	226293498	-1	3540
12165644	-1	3540	415843008	-1	3540
12165644	-1	3540	224842801	-1	3540
12165644	-1	3540	360003827	-1	3540
12165644	-1	3540	28583739	-1	3540
12165644	-1	3540	254079692	-1	3540
12165644	-1	3540	448888145	-1	3540
12165644	-1	3540	449183498	-1	3540
12165644	-1	3540	6752881	-1	3540
12165644	-1	3540	70139989	-1	3540
12165644	-1	3540	71207813	-1	3540
12165644	-1	3540	457541694	-1	3540
12165644	-1	3540	6678501	-1	3540
12165644	-1	3540	93738665	-1	3540
12165644	-1	3540	108381242	-1	3540
12165644	-1	3540	151853388	-1	3540
12165644	-1	3540	253698443	-1	3540
12165644	-1	3540	262957062	-1	3540
12165644	-1	3540	312112076	-1	3540
12165644	-1	3540	355573529	-1	3540
12165644	-1	3540	370289991	-1	3540
12165644	-1	3540	384457232	-1	3540
12165644	-1	3540	420622213	-1	3540
12165644	-1	3540	55599822	-1	3540
12165644	-1	3540	79226653	-1	3540
12165644	-1	3540	79332442	-1	3540
12165644	-1	3540	100757537	-1	3540
12165644	-1	3540	170221303	-1	3540
12165644	-1	3540	184324371	-1	3540
12165644	-1	3540	256935782	-1	3540
12165644	-1	3540	268265584	-1	3540
12165644	-1	3540	283056084	-1	3540
12165644	-1	3540	297415336	-1	3540
12165644	-1	3540	297596695	-1	3540
12165644	-1	3540	341137062	-1	3540
12165644	-1	3540	371078848	-1	3540
12165644	-1	3540	457273799	-1	3540
12165644	-1	3540	20987159	-1	3540
12165644	-1	3540	79249534	-1	3540
12165644	-1	3540	116063966	-1	3540
12165644	-1	3540	122711870	-1	3540
12165644	-1	3540	185021356	-1	3540
12165644	-1	3540	270312588	-1	3540
12165644	-1	3540	301203169	-1	3540
12165644	-1	3540	393796727	-1	3540
12165644	-1	3540	403715474	-1	3540
12165644	-1	3540	458753508	-1	3540
12165644	-1	3540	66738335	-1	3540
12165644	-1	3540	79315677	-1	3540
12165644	-1	3540	81110449	-1	3540
12165644	-1	3540	100067719	-1	3540
12165644	-1	3540	199229237	-1	3540
12165644	-1	3540	224869022	-1	3540
12165644	-1	3540	332865627	-1	3540
12165644	-1	3540	25984842	-1	3540
12165644	-1	3540	154120751	-1	3540
12165644	-1	3540	224548734	-1	3540
12165644	-1	3540	230718195	-1	3540
12165644	-1	3540	284606551	-1	3540
12165644	-1	3540	290740412	-1	3540
12165644	-1	3540	399682845	-1	3540
12165644	-1	3540	413571582	-1	3540
12165644	-1	3540	416421963	-1	3540
12165644	-1	3540	210219933	-1	3540
12165644	-1	3540	64590430	-1	3540
12165644	-1	3540	79454573	-1	3540
12165644	-1	3540	166631865	-1	3540
12165644	-1	3540	167320109	-1	3540
12165644	-1	3540	270890407	-1	3540
12165644	-1	3540	311796921	-1	3540
12165644	-1	3540	442844262	-1	3540
12165644	-1	3540	175581335	-1	3540
12165644	-1	3540	417451265	-1	3540
12165644	-1	3540	175407586	-1	3540
12165644	-1	3540	276260728	-1	3540
12165644	-1	3540	93656103	-1	3540
12165644	-1	3540	435147313	-1	3540
12165644	-1	3540	393777253	-1	3540
12165644	-1	3540	464469781	-1	3540
12165644	-1	3540	316346549	-1	3540
12165644	-1	3540	208391433	-1	3540
12165644	-1	3540	142564054	-1	3540
12165644	-1	3540	88427304	-1	3540
12165644	-1	3540	350181310	-1	3540
12165644	-1	3540	290017271	-1	3540
12165644	-1	3540	422904475	-1	3540
12165644	-1	3540	262674694	-1	3540
12165644	-1	3540	30260760	-1	3540
12165644	-1	3540	30108264	-1	3540
12165644	-1	3540	401120915	-1	3540
12165644	-1	3540	369986326	-1	3540
12165644	-1	3540	335356963	-1	3540
12165644	-1	3540	15523721	-1	3540
12165644	-1	3540	408147843	-1	3540
12165644	-1	3540	224569712	-1	3540
12165644	-1	3540	277595563	-1	3540
12165644	-1	3540	451883940	-1	3540
12165644	-1	3540	422853216	-1	3540
12165644	-1	3540	364763890	-1	3540
12165644	-1	3540	130021127	-1	3543
12165644	-1	3540	379283315	-1	3543
12165644	-1	3540	292009439	-1	3543
12165644	-1	3540	277468118	-1	3543
12165644	-1	3540	257817044	-1	3543
12165644	-1	3540	130093911	-1	3543
12165644	-1	3540	44750591	-1	3543
12165644	-1	3540	345384672	-1	3543
12165644	-1	3540	154772663	-1	3543
12165644	-1	3540	227298125	-1	3543
12165644	-1	3540	379330938	-1	3543
12165644	-1	3540	9922938	-1	3543
12165644	-1	3540	437497909	-1	3543
12165644	-1	3540	117582704	-1	3543
12165644	-1	3540	189859272	-1	3543
12165644	-1	3540	291700790	-1	3543
12165644	-1	3540	363109242	-1	3543
12165644	-1	3540	170670750	-1	3543
12165644	-1	3540	315100904	-1	3543
12165644	-1	3540	227905401	-1	3543
12165644	-1	3540	190242264	-1	3543
12165644	-1	3540	44442765	-1	3543
12165644	-1	3540	42160111	-1	3543
12165644	-1	3540	248230744	-1	3543
12165644	-1	3540	277373255	-1	3543
12165644	-1	3540	364776670	-1	3543
12165644	-1	3540	243956586	-1	3543
12165644	-1	3540	139190769	-1	3543
12165644	-1	3540	210142782	-1	3543
12165644	-1	3540	345497958	-1	3543
12165644	-1	3540	154943015	-1	3543
12165644	-1	3540	256718555	-1	3549
12165644	-1	3540	50684402	-1	3564
12165644	-1	3540	123004259	-1	3567
12165644	-1	3540	442767784	-1	3567
 