415365443	1	0	415365443	1	0
415365443	1	0	451687558	1	0
415365443	1	0	173016315	1	0
415365443	1	0	444577870	1	0
415365443	1	0	219417746	1	0
415365443	1	0	291727533	1	0
415365443	1	0	117097884	1	0
415365443	1	0	306167098	1	0
415365443	1	0	131639501	1	0
415365443	1	0	233432960	1	0
415365443	1	0	364331733	1	0
415365443	1	0	335699382	1	0
415365443	1	0	289739162	1	3
415365443	1	0	457874533	1	3
415365443	1	0	1145566	1	3
415365443	1	0	408309640	1	3
415365443	1	0	306521296	1	3
415365443	1	0	8879837	1	6
415365443	1	0	273959823	1	6
415365443	1	0	407967588	1	6
415365443	1	0	335481489	1	6
415365443	1	0	356390393	1	6
415365443	1	0	140811315	1	6
415365443	1	0	39912093	1	6
415365443	1	0	316508510	1	6
415365443	1	0	217736659	1	9
415365443	1	0	376715025	1	9
415365443	1	0	175569763	1	9
415365443	1	0	30488118	1	9
415365443	1	0	291640628	1	12
415365443	1	0	437019853	1	12
415365443	1	0	262662290	1	12
415365443	1	0	277066628	1	12
415365443	1	0	175724693	1	12
415365443	1	0	204819040	1	12
415365443	1	0	391244866	1	12
415365443	1	0	306238355	1	12
415365443	1	0	219338368	1	12
415365443	1	0	430568078	1	12
415365443	1	0	272857601	1	12
415365443	1	0	350216475	1	12
415365443	1	0	314919475	1	12
415365443	1	0	289583918	1	12
415365443	1	0	298392047	1	12
415365443	1	0	370667032	1	12
415365443	1	0	260556470	1	12
415365443	1	0	146301778	1	12
415365443	1	0	233533854	1	12
415365443	1	0	39654037	1	12
415365443	1	0	151830168	1	12
415365443	1	0	434913858	1	12
415365443	1	0	329992110	1	12
415365443	1	0	393761510	1	12
415365443	1	0	219207273	1	12
415365443	1	0	457906287	1	12
415365443	1	0	117175938	1	12
415365443	1	0	274338203	1	12
415365443	1	0	204802912	1	12
415365443	1	0	160927734	1	12
415365443	1	0	197580211	1	15
415365443	1	0	146267986	1	15
415365443	1	0	391128642	1	15
415365443	1	0	159606639	1	15
415365443	1	0	312906867	1	15
415365443	1	0	88437510	1	15
415365443	1	0	231672327	1	15
415365443	1	0	27588773	1	15
415365443	1	0	200907512	1	15
415365443	1	0	67991555	1	15
415365443	1	0	108858375	1	15
415365443	1	0	69832175	1	15
415365443	1	0	38643402	1	15
415365443	1	0	393614128	1	15
415365443	1	0	364586678	1	15
415365443	1	0	421449521	1	15
415365443	1	0	1220846	1	15
415365443	1	0	277293889	1	15
415365443	1	0	110795040	1	15
415365443	1	0	434284090	1	15
415365443	1	0	451748453	1	15
415365443	1	0	58998317	1	15
415365443	1	0	88330579	1	15
415365443	1	0	405561055	1	15
415365443	1	0	306595731	1	15
415365443	1	0	59292497	1	15
415365443	1	0	400106555	1	15
415365443	1	0	277194606	1	15
415365443	1	0	320891847	1	15
415365443	1	0	233804774	1	15
415365443	1	0	233569563	1	15
415365443	1	0	102720259	1	18
415365443	1	0	53816450	1	18
415365443	1	0	27081201	1	18
415365443	1	0	437476801	1	18
415365443	1	0	144163461	1	18
415365443	1	0	347878725	1	18
415365443	1	0	117457345	1	18
415365443	1	0	248102447	1	18
415365443	1	0	52893791	1	18
415365443	1	0	73735222	1	18
415365443	1	0	190284254	1	18
415365443	1	0	213776965	1	18
415365443	1	0	379231995	1	18
415365443	1	0	291666962	1	18
415365443	1	0	102813541	1	18
415365443	1	0	30031544	1	18
415365443	1	0	11673200	1	18
415365443	1	0	248016192	1	18
415365443	1	0	44699057	1	18
415365443	1	0	408270871	1	18
415365443	1	0	197714286	1	18
415365443	1	0	219285968	1	18
415365443	1	0	30004986	1	18
415365443	1	0	399642467	1	18
415365443	1	0	146442446	1	18
415365443	1	0	186598238	1	18
415365443	1	0	102934767	1	18
415365443	1	0	349988325	1	18
415365443	1	0	291903398	1	18
415365443	1	0	204448078	1	18
415365443	1	0	364719842	1	21
415365443	1	0	117142831	1	21
415365443	1	0	15377249	1	21
415365443	1	0	385603578	1	21
415365443	1	0	130638711	1	24
415365443	1	0	277478047	1	24
415365443	1	0	44461183	1	24
415365443	1	0	335505520	1	24
415365443	1	0	248248711	1	24
415365443	1	0	270570161	1	24
415365443	1	0	219174293	1	24
415365443	1	0	335675375	1	27
415365443	1	0	343644953	1	27
415365443	1	0	146598610	1	27
415365443	1	0	408344366	1	27
415365443	1	0	44752089	1	27
415365443	1	0	344389517	1	27
415365443	1	0	15419644	1	27
415365443	1	0	67773122	1	27
415365443	1	0	451640105	1	27
415365443	1	0	277594371	1	27
415365443	1	0	217486003	1	27
415365443	1	0	364705950	1	27
415365443	1	0	291891644	1	27
415365443	1	0	233932639	1	27
415365443	1	0	262700702	1	27
415365443	1	0	457827090	1	27
415365443	1	0	233822124	1	27
415365443	1	0	462718439	1	27
415365443	1	0	88325569	1	27
415365443	1	0	434435222	1	27
415365443	1	0	6650963	1	27
415365443	1	0	123014994	1	27
415365443	1	0	343484544	1	27
415365443	1	0	399893476	1	27
415365443	1	0	10253695	1	27
415365443	1	0	171481032	1	27
415365443	1	0	44488400	1	27
415365443	1	0	131744652	1	27
415365443	1	0	15322586	1	27
415365443	1	0	451569580	1	27
415365443	1	0	88074705	1	27
415365443	1	0	218947571	1	27
415365443	1	0	73530746	1	27
415365443	1	0	393446669	1	27
415365443	1	0	190095194	1	27
415365443	1	0	59370361	1	27
415365443	1	0	40745033	1	27
415365443	1	0	15672400	1	27
415365443	1	0	283351752	1	27
415365443	1	0	146232786	1	27
415365443	1	0	189911966	1	27
415365443	1	0	408037105	1	27
415365443	1	0	291621518	1	27
415365443	1	0	102756859	1	27
415365443	1	0	218918647	1	27
415365443	1	0	320744399	1	30
415365443	1	0	408186216	1	30
415365443	1	0	29879359	1	30
415365443	1	0	44465044	1	30
415365443	1	0	277449399	1	30
415365443	1	0	404307736	1	30
415365443	1	0	73978504	1	30
415365443	1	0	84695464	1	30
415365443	1	0	161260251	1	30
415365443	1	0	211408922	1	30
415365443	1	0	335436822	1	30
415365443	1	0	362596786	1	30
415365443	1	0	393828160	1	30
415365443	1	0	269876454	1	30
415365443	1	0	270323350	1	30
415365443	1	0	346024850	1	30
415365443	1	0	128653174	1	30
415365443	1	0	102748103	1	30
415365443	1	0	126327491	1	30
415365443	1	0	288599750	1	30
415365443	1	0	146185825	1	30
415365443	1	0	59014487	1	30
415365443	1	0	243174938	1	30
415365443	1	0	66963553	1	30
415365443	1	0	171886283	1	30
415365443	1	0	146198282	1	30
415365443	1	0	401870072	1	30
415365443	1	0	167055733	1	30
415365443	1	0	291765101	1	30
415365443	1	0	173883570	1	30
415365443	1	0	373288690	1	30
415365443	1	0	225012439	1	30
415365443	1	0	335556830	1	30
415365443	1	0	357684836	1	30
415365443	1	0	408195421	1	30
415365443	1	0	126154072	1	30
415365443	1	0	201493003	1	30
415365443	1	0	244156891	1	30
415365443	1	0	437102085	1	30
415365443	1	0	462869744	1	30
415365443	1	0	435051993	1	30
415365443	1	0	143126968	1	30
415365443	1	0	72696842	1	30
415365443	1	0	391777906	1	30
415365443	1	0	197412774	1	30
415365443	1	0	258021282	1	30
415365443	1	0	55415969	1	30
415365443	1	0	302262707	1	30
415365443	1	0	40001798	1	30
415365443	1	0	66850393	1	30
415365443	1	0	330221582	1	33
415365443	1	0	248360550	1	33
415365443	1	0	391988518	1	33
415365443	1	0	392625448	1	33
415365443	1	0	88526501	1	33
415365443	1	0	88535601	1	33
415365443	1	0	348280596	1	33
415365443	1	0	379362425	1	33
415365443	1	0	335656209	1	33
415365443	1	0	182068661	1	33
415365443	1	0	342662644	1	33
415365443	1	0	408392866	1	33
415365443	1	0	160828703	1	33
415365443	1	0	248024882	1	33
415365443	1	0	86071512	1	33
415365443	1	0	233947053	1	33
415365443	1	0	102990386	1	33
415365443	1	0	159290951	1	33
415365443	1	0	321008014	1	33
415365443	1	0	140949006	1	33
415365443	1	0	231378060	1	33
415365443	1	0	253573022	1	33
415365443	1	0	186235114	1	33
415365443	1	0	111839322	1	33
415365443	1	0	73888496	1	33
415365443	1	0	66563526	1	36
415365443	1	0	420444157	1	36
415365443	1	0	335392665	1	36
415365443	1	0	463461468	1	36
415365443	1	0	175460179	1	36
415365443	1	0	229202455	1	36
415365443	1	0	8063083	1	36
415365443	1	0	42702307	1	36
415365443	1	0	146403617	1	36
415365443	1	0	15584970	1	36
415365443	1	0	288764097	1	36
415365443	1	0	379241077	1	36
415365443	1	0	224686767	1	36
415365443	1	0	326477720	1	36
415365443	1	0	175746308	1	36
415365443	1	0	379107092	1	36
415365443	1	0	157274679	1	39
415365443	1	0	98880416	1	39
415365443	1	0	88145326	1	39
415365443	1	0	210146680	1	39
415365443	1	0	138210424	1	39
415365443	1	0	85040913	1	42
415365443	1	0	15411916	1	42
415365443	1	0	422785227	1	42
415365443	1	0	71893005	1	42
415365443	1	0	384614118	1	42
415365443	1	0	155714178	1	42
415365443	1	0	201673992	1	42
415365443	1	0	342451043	1	42
415365443	1	0	44687470	1	45
415365443	1	0	361041163	1	45
415365443	1	0	197544338	1	51
415365443	1	0	346040877	1	51
415365443	1	0	171570603	1	57
415365443	1	0	350130482	1	57
415365443	1	0	110822106	1	57
415365443	1	0	463025628	1	57
415365443	1	0	126383290	1	57
415365443	1	0	102956154	1	57
415365443	1	0	175802838	1	57
415365443	1	0	1120356	1	57
415365443	1	0	1201614	1	57
415365443	1	0	443229120	1	57
415365443	1	0	370841607	1	57
415365443	1	0	146403225	1	57
415365443	1	0	66375074	1	57
415365443	1	0	408314066	1	57
415365443	1	0	99472812	1	57
415365443	1	0	124233024	1	57
415365443	1	0	231012886	1	57
415365443	1	0	65722116	1	57
415365443	1	0	190049939	1	57
415365443	1	0	96729059	1	57
415365443	1	0	291744800	1	57
415365443	1	0	73881478	1	57
415365443	1	0	175330480	1	57
415365443	1	0	233505217	1	60
415365443	1	0	146579029	1	63
415365443	1	0	152408619	1	63
415365443	1	0	172952238	1	63
415365443	1	0	214501781	1	63
415365443	1	0	313922952	1	63
415365443	1	0	317539081	1	63
415365443	1	0	248324196	1	63
415365443	1	0	300539525	1	63
415365443	1	0	256689196	1	63
415365443	1	0	282919245	1	63
415365443	1	0	190089954	1	63
415365443	1	0	399178785	1	63
415365443	1	0	146636702	1	66
415365443	1	0	117221163	1	66
415365443	1	0	320938361	1	72
415365443	1	0	277430397	1	72
415365443	1	0	204457635	1	72
415365443	1	0	73811457	1	72
415365443	1	0	59035209	1	72
415365443	1	0	30339447	1	72
415365443	1	0	393396972	1	72
415365443	1	0	100092813	1	72
415365443	1	0	233521740	1	72
415365443	1	0	81867729	1	72
415365443	1	0	408249715	1	72
415365443	1	0	422862764	1	72
415365443	1	0	96611528	1	72
415365443	1	0	186562277	1	72
415365443	1	0	277570504	1	72
415365443	1	0	291629288	1	72
415365443	1	0	376077414	1	72
415365443	1	0	404656645	1	72
415365443	1	0	433834275	1	72
415365443	1	0	9863989	1	72
415365443	1	0	113701285	1	72
415365443	1	0	350114041	1	72
415365443	1	0	21687633	1	72
415365443	1	0	270052352	1	72
415365443	1	0	94543942	1	72
415365443	1	0	373083172	1	72
415365443	1	0	30346918	1	72
415365443	1	0	112876965	1	72
415365443	1	0	184941756	1	72
415365443	1	0	198559878	1	72
415365443	1	0	261731733	1	72
415365443	1	0	15315335	1	72
415365443	1	0	306472654	1	72
415365443	1	0	348534468	1	72
415365443	1	0	419463163	1	72
415365443	1	0	123368541	1	72
415365443	1	0	15665529	1	72
415365443	1	0	98303908	1	72
415365443	1	0	190116846	1	72
415365443	1	0	142076438	1	72
415365443	1	0	231182207	1	72
415365443	1	0	14387047	1	72
415365443	1	0	198776521	1	72
415365443	1	0	168357145	1	72
415365443	1	0	224506845	1	72
415365443	1	0	123668954	1	72
415365443	1	0	331283657	1	72
415365443	1	0	126926122	1	72
415365443	1	0	23090309	1	72
415365443	1	0	203238579	1	72
415365443	1	0	141978737	1	72
415365443	1	0	42125031	1	72
415365443	1	0	448739045	1	72
415365443	1	0	140962972	1	72
415365443	1	0	297591297	1	72
415365443	1	0	457552715	1	72
415365443	1	0	442688972	1	72
415365443	1	0	102975561	1	72
415365443	1	0	117517088	1	72
415365443	1	0	292072558	1	72
415365443	1	0	422517952	1	72
415365443	1	0	349929341	1	72
415365443	1	0	357044225	1	72
415365443	1	0	71043693	1	72
415365443	1	0	15805499	1	72
415365443	1	0	186851875	1	72
415365443	1	0	300819248	1	72
415365443	1	0	277062644	1	72
415365443	1	0	364569665	1	72
415365443	1	0	291815562	1	72
415365443	1	0	88333141	1	72
415365443	1	0	15561002	1	72
415365443	1	0	44445053	1	72
415365443	1	0	131899063	1	72
415365443	1	0	183992200	1	72
415365443	1	0	360250751	1	75
415365443	1	0	316472558	1	75
415365443	1	0	1020566	1	75
415365443	1	0	392408900	1	75
415365443	1	0	452072778	1	75
415365443	1	0	320862276	1	75
415365443	1	0	393870523	1	75
415365443	1	0	321160194	1	75
415365443	1	0	186820242	1	75
415365443	1	0	100559088	1	75
415365443	1	0	9660858	1	75
415365443	1	0	9618016	1	75
415365443	1	0	131879895	1	75
415365443	1	0	306671050	1	75
415365443	1	0	159810131	1	75
415365443	1	0	40194302	1	75
415365443	1	0	190177350	1	75
415365443	1	0	344570016	1	75
415365443	1	0	422590740	1	75
415365443	1	0	291693908	1	75
415365443	1	0	146558650	1	75
415365443	1	0	30316908	1	75
415365443	1	0	437094401	1	75
415365443	1	0	290670866	1	75
415365443	1	0	446451689	1	75
415365443	1	0	111646470	1	75
415365443	1	0	437493219	1	75
415365443	1	0	275590482	1	75
415365443	1	0	362859141	1	75
415365443	1	0	112937917	1	75
415365443	1	0	291995985	1	75
415365443	1	0	1119256	1	75
415365443	1	0	364451476	1	75
415365443	1	0	44572198	1	75
415365443	1	0	417663681	1	75
415365443	1	0	73967013	1	75
415365443	1	0	248329365	1	75
415365443	1	0	364306650	1	75
415365443	1	0	306302345	1	75
415365443	1	0	102632887	1	75
415365443	1	0	451652948	1	75
415365443	1	0	364324955	1	75
415365443	1	0	287353230	1	75
415365443	1	0	277306026	1	75
415365443	1	0	117599741	1	78
415365443	1	0	190289891	1	78
415365443	1	0	233888284	1	78
415365443	1	0	333831277	1	78
415365443	1	0	256585368	1	78
415365443	1	0	262551562	1	78
415365443	1	0	349800987	1	78
415365443	1	0	422469206	1	78
415365443	1	0	41840424	1	78
415365443	1	0	335758654	1	84
415365443	1	0	38423088	1	84
415365443	1	0	364444573	1	102
415365443	1	0	171691375	1	105
415365443	1	0	364321732	1	114
415365443	1	0	233705849	1	114
415365443	1	0	12228679	1	117
415365443	1	0	379076521	1	120
415365443	1	0	451590763	1	135
415365443	1	0	102566902	1	135
415365443	1	0	131855273	1	135
415365443	1	0	248034234	1	135
415365443	1	0	248036631	1	135
415365443	1	0	248036893	1	135
415365443	1	0	306204188	1	135
415365443	1	0	437227607	1	135
415365443	1	0	776625	1	135
415365443	1	0	73473993	1	135
415365443	1	0	233494710	1	135
415365443	1	0	277270891	1	135
415365443	1	0	422686796	1	135
415365443	1	0	44606043	1	135
415365443	1	0	175397311	1	135
415365443	1	0	306354392	1	135
415365443	1	0	30064764	1	135
415365443	1	0	160938973	1	135
415365443	1	0	435578974	1	138
415365443	1	0	408064614	1	138
415365443	1	0	73536889	1	138
415365443	1	0	320744887	1	138
415365443	1	0	15719820	1	144
415365443	1	0	460182980	1	144
415365443	1	0	112827257	1	147
415365443	1	0	219281912	1	147
415365443	1	0	379062828	1	147
415365443	1	0	291812271	1	150
415365443	1	0	44452484	1	150
415365443	1	0	117230880	1	168
415365443	1	0	204410761	1	168
415365443	1	0	124278588	1	171
415365443	1	0	248106562	1	183
415365443	1	0	204563464	1	192
415365443	1	0	248114362	1	195
415365443	1	0	218902445	1	195
415365443	1	0	320694167	1	195
415365443	1	0	451564298	1	195
415365443	1	0	59177578	1	216
415365443	1	0	59325572	1	216
415365443	1	0	103042775	1	216
415365443	1	0	393834293	1	216
415365443	1	0	437447504	1	216
415365443	1	0	175390986	1	216
415365443	1	0	73654009	1	216
415365443	1	0	131762128	1	216
415365443	1	0	233968511	1	216
415365443	1	0	320868607	1	216
415365443	1	0	335426372	1	216
415365443	1	0	350185263	1	216
415365443	1	0	59250747	1	216
415365443	1	0	88479195	1	216
415365443	1	0	175589031	1	216
415365443	1	0	204568942	1	216
415365443	1	0	379032701	1	216
415365443	1	0	408036254	1	216
415365443	1	0	408387484	1	216
415365443	1	0	422659819	1	216
415365443	1	0	117425122	1	216
415365443	1	0	131776325	1	216
415365443	1	0	175752937	1	216
415365443	1	0	320778663	1	216
415365443	1	0	422538821	1	216
415365443	1	0	437521255	1	216
415365443	1	0	59227096	1	216
415365443	1	0	59233171	1	216
415365443	1	0	408049219	1	216
415365443	1	0	59153610	1	216
415365443	1	0	451862968	1	216
415365443	1	0	320757962	1	216
415365443	1	0	408052536	1	216
415365443	1	0	452053893	1	216
415365443	1	0	218972863	1	216
415365443	1	0	219226942	1	216
415365443	1	0	408442202	1	216
415365443	1	0	451663926	1	216
415365443	1	0	175616126	1	216
415365443	1	0	219221885	1	216
415365443	1	0	451902790	1	216
415365443	1	0	219397667	1	216
415365443	1	0	73557073	1	216
415365443	1	0	335559433	1	216
415365443	1	0	422852665	1	216
415365443	1	0	248345488	1	216
415365443	1	0	364436066	1	216
415365443	1	0	437553575	1	216
415365443	1	0	102732148	1	216
415365443	1	0	175510093	1	216
415365443	1	0	321057960	1	216
415365443	1	0	335656558	1	216
415365443	1	0	350145980	1	216
415365443	1	0	422546681	1	216
415365443	1	0	59388664	1	216
415365443	1	0	233606422	1	216
415365443	1	0	320930866	1	216
415365443	1	0	349878166	1	216
415365443	1	0	408262596	1	216
415365443	1	0	59389529	1	216
415365443	1	0	102648206	1	216
415365443	1	0	59242224	1	216
415365443	1	0	175772552	1	216
415365443	1	0	451780374	1	216
415365443	1	0	59065303	1	216
415365443	1	0	59179144	1	216
415365443	1	0	350082408	1	216
415365443	1	0	320956478	1	216
415365443	1	0	451743825	1	216
415365443	1	0	452044110	1	216
415365443	1	0	59069729	1	216
415365443	1	0	59133898	1	216
415365443	1	0	175712096	1	216
415365443	1	0	59251428	1	216
415365443	1	0	306426947	1	216
415365443	1	0	219182958	1	216
415365443	1	0	175616197	1	225
415365443	1	0	408252579	1	225
415365443	1	0	408367924	1	225
415365443	1	0	218973433	1	225
415365443	1	0	175449200	1	225
415365443	1	0	229183379	1	258
415365443	1	0	117562205	1	300
415365443	1	0	262961644	1	300
415365443	1	0	84561080	1	300
415365443	1	0	292044201	1	303
415365443	1	0	183113695	1	303
415365443	1	0	277113628	1	534
415365443	1	0	378995722	1	543
415365443	1	0	379313035	1	564
327432353	1	2774	327432353	1	2774
327432353	1	2774	848396	1	2883
327432353	1	2774	189984526	1	2883
327432353	1	2774	422644859	1	2883
327432353	1	2774	102911010	1	2883
327432353	1	2774	277594316	1	2883
327432353	1	2774	300905745	1	2883
327432353	1	2774	59388607	1	2883
327432353	1	2774	146198778	1	2883
327432353	1	2774	30233039	1	2892
327432353	1	2774	50679685	1	2892
327432353	1	2774	88235857	1	2892
327432353	1	2774	326825837	1	2892
327432353	1	2774	364633001	1	2892
327432353	1	2774	219074105	1	2892
327432353	1	2774	277448122	1	2892
327432353	1	2774	422515104	1	2892
327432353	1	2774	350233236	1	2892
327432353	1	2774	21207176	1	2892
327432353	1	2774	174511728	1	2895
327432353	1	2774	298046953	1	2895
327432353	1	2774	341203435	1	2895
327432353	1	2774	399199234	1	2895
327432353	1	2774	428205124	1	2895
327432353	1	2774	180900994	1	2895
327432353	1	2774	166420945	1	2895
327432353	1	2774	166714544	1	2895
327432353	1	2774	341093220	1	2895
327432353	1	2774	413597023	1	2895
327432353	1	2774	428072555	1	2895
327432353	1	2774	428449105	1	2895
327432353	1	2774	428460496	1	2895
327432353	1	2774	463420358	1	2895
327432353	1	2774	171339494	1	2895
327432353	1	2774	173410981	1	2895
327432353	1	2774	442916046	1	2895
327432353	1	2774	335708293	1	2895
327432353	1	2774	99063707	1	2895
327432353	1	2774	408069219	1	2895
327432353	1	2774	401558486	1	2895
327432353	1	2774	131902251	1	2895
327432353	1	2774	320801500	1	2895
327432353	1	2774	329286349	1	2895
327432353	1	2774	400665229	1	2895
327432353	1	2774	283363143	1	2895
327432353	1	2774	335322355	1	2895
327432353	1	2774	88373338	1	2895
327432353	1	2774	109280637	1	2895
327432353	1	2774	174362754	1	2895
327432353	1	2774	347396976	1	2895
327432353	1	2774	257103545	1	2895
327432353	1	2774	230449073	1	2895
327432353	1	2774	262771057	1	2895
327432353	1	2774	291723512	1	2895
327432353	1	2774	59103402	1	2895
327432353	1	2774	65743137	1	2895
327432353	1	2774	320755362	1	2895
327432353	1	2774	73806137	1	2895
327432353	1	2774	59053102	1	2895
327432353	1	2774	146698792	1	2895
327432353	1	2774	44393612	1	2895
327432353	1	2774	88261846	1	2895
327432353	1	2774	127292172	1	2895
327432353	1	2774	274112470	1	2895
327432353	1	2774	451957952	1	2895
327432353	1	2774	113535564	1	2895
327432353	1	2774	233964888	1	2895
327432353	1	2774	248282695	1	2895
327432353	1	2774	1170985	1	2895
327432353	1	2774	258788924	1	2895
327432353	1	2774	274352148	1	2895
327432353	1	2774	335270440	1	2895
327432353	1	2774	349797034	1	2895
327432353	1	2774	158261192	1	2895
327432353	1	2774	159854221	1	2895
327432353	1	2774	242948310	1	2895
327432353	1	2774	349782640	1	2895
327432353	1	2774	359739854	1	2895
327432353	1	2774	73584073	1	2895
327432353	1	2774	86833343	1	2895
327432353	1	2774	125098526	1	2895
327432353	1	2774	204440747	1	2895
327432353	1	2774	317390243	1	2895
327432353	1	2774	386936044	1	2895
327432353	1	2774	204543510	1	2895
327432353	1	2774	161255726	1	2895
327432353	1	2774	233715813	1	2895
327432353	1	2774	243073080	1	2895
327432353	1	2774	306380834	1	2895
327432353	1	2774	375936843	1	2895
327432353	1	2774	813516	1	2895
327432353	1	2774	219383727	1	2895
327432353	1	2774	248020493	1	2895
327432353	1	2774	349848766	1	2895
327432353	1	2774	44596803	1	2895
327432353	1	2774	44923906	1	2895
327432353	1	2774	58939303	1	2895
327432353	1	2774	73783836	1	2895
327432353	1	2774	204355748	1	2895
327432353	1	2774	289512631	1	2895
327432353	1	2774	291967403	1	2895
327432353	1	2774	393501117	1	2895
327432353	1	2774	422647277	1	2895
327432353	1	2774	175508343	1	2895
327432353	1	2774	79869251	1	2895
327432353	1	2774	358656602	1	2895
327432353	1	2774	457642835	1	2895
327432353	1	2774	146649100	1	2895
327432353	1	2774	182818623	1	2895
327432353	1	2774	277433101	1	2895
327432353	1	2774	255266828	1	2895
327432353	1	2774	408257680	1	2895
327432353	1	2774	458400185	1	2895
327432353	1	2774	272465739	1	2895
327432353	1	2774	379141615	1	2895
327432353	1	2774	210202455	1	2895
327432353	1	2774	253930799	1	2895
327432353	1	2774	413627979	1	2895
327432353	1	2774	6657411	1	2895
327432353	1	2774	181008780	1	2895
327432353	1	2774	210231533	1	2895
327432353	1	2774	224523588	1	2895
327432353	1	2774	224602999	1	2895
327432353	1	2774	297328797	1	2895
327432353	1	2774	64924870	1	2895
327432353	1	2774	209993844	1	2895
327432353	1	2774	399110677	1	2895
327432353	1	2774	166621046	1	2895
327432353	1	2774	224502989	1	2895
327432353	1	2774	392459869	1	2895
327432353	1	2774	64539828	1	2895
327432353	1	2774	185339015	1	2895
327432353	1	2774	64756057	1	2895
327432353	1	2774	64915859	1	2895
327432353	1	2774	166470269	1	2895
327432353	1	2774	181158621	1	2895
327432353	1	2774	320865542	1	2895
327432353	1	2774	131789623	1	2895
327432353	1	2774	286894770	1	2895
327432353	1	2774	291841006	1	2895
327432353	1	2774	117345417	1	2895
327432353	1	2774	291607328	1	2895
327432353	1	2774	335682937	1	2895
327432353	1	2774	262769528	1	2895
327432353	1	2774	347469121	1	2895
327432353	1	2774	59260262	1	2895
327432353	1	2774	146226980	1	2895
327432353	1	2774	146370622	1	2895
327432353	1	2774	100751260	1	2895
327432353	1	2774	270574680	1	2895
327432353	1	2774	15813033	1	2895
327432353	1	2774	88355402	1	2895
327432353	1	2774	233818939	1	2895
327432353	1	2774	248017235	1	2895
327432353	1	2774	248441918	1	2895
327432353	1	2774	349965962	1	2895
327432353	1	2774	393451678	1	2895
327432353	1	2774	420551849	1	2895
327432353	1	2774	10081421	1	2895
327432353	1	2774	44644995	1	2895
327432353	1	2774	114066861	1	2895
327432353	1	2774	161224885	1	2895
327432353	1	2774	227579252	1	2895
327432353	1	2774	288138561	1	2895
327432353	1	2774	15665401	1	2895
327432353	1	2774	117572645	1	2895
327432353	1	2774	288732179	1	2895
327432353	1	2774	297699470	1	2895
327432353	1	2774	303647575	1	2895
327432353	1	2774	807832	1	2895
327432353	1	2774	44930725	1	2895
327432353	1	2774	160914681	1	2895
327432353	1	2774	215900761	1	2895
327432353	1	2774	277324262	1	2895
327432353	1	2774	437054790	1	2895
327432353	1	2774	117133724	1	2895
327432353	1	2774	101402132	1	2895
327432353	1	2774	204380499	1	2895
327432353	1	2774	331743570	1	2895
327432353	1	2774	443417245	1	2895
327432353	1	2774	241609736	1	2895
327432353	1	2774	271009061	1	2895
327432353	1	2774	15425957	1	2895
327432353	1	2774	111396278	1	2895
327432353	1	2774	228299737	1	2895
327432353	1	2774	321065867	1	2895
327432353	1	2774	350245404	1	2895
327432353	1	2774	123915940	1	2895
327432353	1	2774	30298212	1	2895
327432353	1	2774	451885584	1	2895
327432353	1	2774	88386360	1	2895
327432353	1	2774	102815161	1	2895
327432353	1	2774	437254417	1	2895
327432353	1	2774	30358125	1	2895
327432353	1	2774	30118585	1	2895
327432353	1	2774	129204874	1	2895
327432353	1	2774	371995559	1	2895
327432353	1	2774	405047436	1	2895
327432353	1	2774	233592624	1	2895
327432353	1	2774	437034818	1	2895
327432353	1	2774	341025786	1	2895
327432353	1	2774	419026034	1	2895
327432353	1	2774	83545495	1	2895
327432353	1	2774	166640783	1	2895
327432353	1	2774	225560050	1	2895
327432353	1	2774	154069010	1	2895
327432353	1	2774	218884329	1	2895
327432353	1	2774	248569368	1	2895
327432353	1	2774	306706949	1	2895
327432353	1	2774	340701682	1	2895
327432353	1	2774	386198221	1	2895
327432353	1	2774	413409002	1	2895
327432353	1	2774	442491525	1	2895
327432353	1	2774	1344924	1	2895
327432353	1	2774	6473051	1	2895
327432353	1	2774	12981535	1	2895
327432353	1	2774	64411412	1	2895
327432353	1	2774	369784338	1	2895
327432353	1	2774	415399566	1	2895
327432353	1	2774	457540185	1	2895
327432353	1	2774	87114391	1	2895
327432353	1	2774	257447308	1	2895
327432353	1	2774	297415614	1	2895
327432353	1	2774	328221591	1	2895
327432353	1	2774	435114195	1	2895
327432353	1	2774	448306697	1	2895
327432353	1	2774	448420531	1	2895
327432353	1	2774	146760373	1	2895
327432353	1	2774	413408585	1	2895
327432353	1	2774	433279053	1	2895
327432353	1	2774	172969485	1	2895
327432353	1	2774	64707229	1	2895
327432353	1	2774	64412051	1	2895
327432353	1	2774	297419809	1	2895
327432353	1	2774	166607516	1	2895
327432353	1	2774	28212907	1	2895
327432353	1	2774	35328393	1	2895
327432353	1	2774	180743418	1	2895
327432353	1	2774	253452244	1	2895
327432353	1	2774	277051550	1	2895
327432353	1	2774	340701140	1	2895
327432353	1	2774	371730966	1	2895
327432353	1	2774	35328256	1	2895
327432353	1	2774	153940616	1	2895
327432353	1	2774	197275882	1	2895
327432353	1	2774	257727366	1	2895
327432353	1	2774	398867737	1	2895
327432353	1	2774	399329946	1	2895
327432353	1	2774	26032701	1	2895
327432353	1	2774	85680248	1	2895
327432353	1	2774	464035255	1	2895
327432353	1	2774	437542538	1	2898
327432353	1	2774	321178342	1	2898
327432353	1	2774	379346409	1	2898
327432353	1	2774	175622665	1	2898
327432353	1	2774	131767727	1	2898
327432353	1	2774	428463933	1	2898
327432353	1	2774	393575640	1	2898
327432353	1	2774	320813308	1	2901
327432353	1	2774	154606675	1	2901
327432353	1	2774	11579923	1	2901
327432353	1	2774	102931457	1	2901
327432353	1	2774	227881635	1	2901
327432353	1	2774	422876610	1	2901
327432353	1	2774	451914292	1	2901
327432353	1	2774	15745665	1	2901
327432353	1	2774	58938549	1	2901
327432353	1	2774	233451573	1	2901
327432353	1	2774	97351640	1	2901
327432353	1	2774	327043635	1	2901
327432353	1	2774	175699536	1	2901
327432353	1	2774	233563841	1	2901
327432353	1	2774	88025350	1	2901
327432353	1	2774	291905189	1	2901
327432353	1	2774	158954576	1	2901
327432353	1	2774	189883737	1	2901
327432353	1	2774	403792039	1	2901
327432353	1	2774	65956254	1	2901
327432353	1	2774	451714137	1	2901
327432353	1	2774	458279081	1	2901
327432353	1	2774	333172923	1	2901
327432353	1	2774	269885053	1	2901
327432353	1	2774	1045010	1	2901
327432353	1	2774	15764025	1	2901
327432353	1	2774	160826278	1	2901
327432353	1	2774	59126871	1	2901
327432353	1	2774	161107329	1	2901
327432353	1	2774	7181199	1	2901
327432353	1	2774	131936516	1	2901
327432353	1	2774	298701280	1	2901
327432353	1	2774	303945180	1	2901
327432353	1	2774	1085969	1	2901
327432353	1	2774	27171563	1	2901
327432353	1	2774	30326418	1	2901
327432353	1	2774	88529505	1	2901
327432353	1	2774	131649061	1	2901
327432353	1	2774	167837118	1	2901
327432353	1	2774	437045467	1	2901
327432353	1	2774	156857319	1	2901
327432353	1	2774	233496404	1	2901
327432353	1	2774	461924677	1	2901
327432353	1	2774	393787881	1	2901
327432353	1	2774	402510659	1	2901
327432353	1	2774	42954600	1	2901
327432353	1	2774	100630700	1	2901
327432353	1	2774	430082830	1	2901
327432353	1	2774	277519399	1	2901
327432353	1	2774	379101912	1	2901
327432353	1	2774	146549706	1	2901
327432353	1	2774	244678705	1	2901
327432353	1	2774	115893041	1	2901
327432353	1	2774	197432241	1	2901
327432353	1	2774	451664009	1	2901
327432353	1	2774	128284863	1	2901
327432353	1	2774	69243782	1	2901
327432353	1	2774	157867271	1	2901
327432353	1	2774	422601553	1	2901
327432353	1	2774	388096395	1	2901
327432353	1	2774	393518892	1	2901
327432353	1	2774	130516390	1	2901
327432353	1	2774	190223407	1	2901
327432353	1	2774	304863507	1	2901
327432353	1	2774	262684414	1	2901
327432353	1	2774	59433883	1	2901
327432353	1	2774	102681135	1	2901
327432353	1	2774	262707883	1	2901
327432353	1	2774	344525457	1	2901
327432353	1	2774	356526297	1	2901
327432353	1	2774	24056914	1	2901
327432353	1	2774	94455157	1	2901
327432353	1	2774	152376519	1	2901
327432353	1	2774	196080863	1	2901
327432353	1	2774	219404028	1	2901
327432353	1	2774	242273626	1	2901
327432353	1	2774	306243078	1	2901
327432353	1	2774	306250899	1	2901
327432353	1	2774	329787791	1	2901
327432353	1	2774	378898765	1	2901
327432353	1	2774	452074459	1	2901
327432353	1	2774	258682912	1	2901
327432353	1	2774	284952720	1	2901
327432353	1	2774	356132224	1	2901
327432353	1	2774	15769843	1	2901
327432353	1	2774	73516928	1	2901
327432353	1	2774	88206527	1	2901
327432353	1	2774	117564158	1	2901
327432353	1	2774	190023745	1	2901
327432353	1	2774	198987861	1	2901
327432353	1	2774	199560176	1	2901
327432353	1	2774	204884703	1	2901
327432353	1	2774	231233030	1	2901
327432353	1	2774	291616894	1	2901
327432353	1	2774	292029342	1	2901
327432353	1	2774	347412692	1	2901
327432353	1	2774	379300917	1	2901
327432353	1	2774	403295526	1	2901
327432353	1	2774	15521206	1	2901
327432353	1	2774	96431534	1	2901
327432353	1	2774	204552678	1	2901
327432353	1	2774	258738713	1	2901
327432353	1	2774	377138355	1	2901
327432353	1	2774	400666052	1	2901
327432353	1	2774	8130943	1	2901
327432353	1	2774	51809437	1	2901
327432353	1	2774	402069011	1	2901
327432353	1	2774	306261609	1	2901
327432353	1	2774	319599037	1	2901
327432353	1	2774	321197254	1	2901
327432353	1	2774	330588535	1	2901
327432353	1	2774	10477160	1	2901
327432353	1	2774	43637517	1	2901
327432353	1	2774	161162831	1	2901
327432353	1	2774	219324977	1	2901
327432353	1	2774	248356165	1	2901
327432353	1	2774	306648081	1	2901
327432353	1	2774	316021059	1	2901
327432353	1	2774	320827978	1	2901
327432353	1	2774	390850916	1	2901
327432353	1	2774	161182539	1	2901
327432353	1	2774	437436952	1	2901
327432353	1	2774	218984878	1	2901
327432353	1	2774	185151115	1	2901
327432353	1	2774	39491764	1	2901
327432353	1	2774	262659343	1	2901
327432353	1	2774	306488591	1	2901
327432353	1	2774	15323994	1	2901
327432353	1	2774	88114868	1	2901
327432353	1	2774	132142247	1	2901
327432353	1	2774	850350	1	2901
327432353	1	2774	450373410	1	2901
327432353	1	2774	422885433	1	2901
327432353	1	2774	393627375	1	2901
327432353	1	2774	204369450	1	2901
327432353	1	2774	306160839	1	2901
327432353	1	2774	458604368	1	2901
327432353	1	2774	102642764	1	2901
327432353	1	2774	262797805	1	2901
327432353	1	2774	447154805	1	2901
327432353	1	2774	358728707	1	2901
327432353	1	2774	140347986	1	2901
327432353	1	2774	117169649	1	2901
327432353	1	2774	186731456	1	2901
327432353	1	2774	291668727	1	2901
327432353	1	2774	204417134	1	2901
327432353	1	2774	444573809	1	2901
327432353	1	2774	88330314	1	2901
327432353	1	2774	49869322	1	2901
327432353	1	2774	117570859	1	2904
327432353	1	2774	364557793	1	2904
327432353	1	2774	422723054	1	2907
327432353	1	2774	451762226	1	2907
327432353	1	2774	145216717	1	2907
327432353	1	2774	358568279	1	3051
327432353	1	2774	98608037	1	3051
327432353	1	2774	274320749	1	3051
260399496	-1	3277	260399496	-1	3277
260399496	-1	3277	248104959	-1	3277
260399496	-1	3277	10886009	-1	3280
 