211213347	1	3364	211213347	1	3364
211213347	1	3364	244149895	1	3391
211213347	1	3364	451689558	1	3394
272315848	1	5882	174870254	1	5879
272315848	1	5882	613230	1	5879
272315848	1	5882	160693978	1	5879
272315848	1	5882	272315848	1	5882
272315848	1	5882	898178	1	5882
272315848	1	5882	276762274	1	5882
272315848	1	5882	145951686	1	5885
272315848	1	5882	364174112	1	5885
272315848	1	5882	301576561	1	5885
272315848	1	5882	349783853	1	5885
272315848	1	5882	378867349	1	5885
272315848	1	5882	393380609	1	5885
272315848	1	5882	407480346	1	5885
272315848	1	5882	15067344	1	5885
272315848	1	5882	448970789	1	5885
272315848	1	5882	87638501	1	5885
272315848	1	5882	334986280	1	5885
272315848	1	5882	102261815	1	5888
272315848	1	5882	117085459	1	5888
272315848	1	5882	102357855	1	5888
272315848	1	5882	320495325	1	5894
272315848	1	5882	102344825	1	5897
272315848	1	5882	378578772	1	5897
272315848	1	5882	422146169	1	5903
272315848	1	5882	203866226	1	5903
272315848	1	5882	306048265	1	5903
272315848	1	5882	247739591	1	5906
272315848	1	5882	160857451	1	6118
272315848	1	5882	73769521	1	6118
391650812	1	6118	391650812	1	6118
272315848	1	5882	230312778	1	6121
272315848	1	5882	378354847	1	6121
272315848	1	5882	306552061	1	6121
272315848	1	5882	102603901	1	6121
272315848	1	5882	364351706	1	6121
272315848	1	5882	175279088	1	6121
272315848	1	5882	218902264	1	6121
391650812	1	6118	277528497	1	6121
391650812	1	6118	233904632	1	6121
272315848	1	5882	347201996	1	6304
272315848	1	5882	233056801	1	6304
272315848	1	5882	233120043	1	6304
272315848	1	5882	262162537	1	6304
272315848	1	5882	314888522	1	6304
272315848	1	5882	375075577	1	6304
272315848	1	5882	102210094	1	6304
272315848	1	5882	160576702	1	6304
272315848	1	5882	407585147	1	6304
272315848	1	5882	349274811	1	6304
272315848	1	5882	15276591	1	6304
272315848	1	5882	186436060	1	6304
272315848	1	5882	320552792	1	6304
272315848	1	5882	599354	1	6304
272315848	1	5882	203898840	1	6304
272315848	1	5882	349722817	1	6304
272315848	1	5882	174926611	1	6304
272315848	1	5882	145632651	1	6304
272315848	1	5882	334889214	1	6304
272315848	1	5882	291601699	1	6304
272315848	1	5882	364428234	1	6304
272315848	1	5882	451575052	1	6304
272315848	1	5882	378711609	1	6304
391650812	1	6118	363969132	1	6304
391650812	1	6118	58383190	1	6304
391650812	1	6118	87681747	1	6304
391650812	1	6118	189471315	1	6304
391650812	1	6118	29513841	1	6304
391650812	1	6118	189471204	1	6304
391650812	1	6118	407597886	1	6304
391650812	1	6118	72924744	1	6304
391650812	1	6118	174931654	1	6304
391650812	1	6118	335669239	1	6304
391650812	1	6118	320347647	1	6304
391650812	1	6118	14974140	1	6304
272315848	1	5882	335402870	1	6307
272315848	1	5882	160416663	1	6307
272315848	1	5882	320497047	1	6307
272315848	1	5882	29869147	1	6307
272315848	1	5882	218760896	1	6307
272315848	1	5882	451445978	1	6307
272315848	1	5882	116770244	1	6307
272315848	1	5882	175208135	1	6307
391650812	1	6118	131166715	1	6307
391650812	1	6118	277032810	1	6307
391650812	1	6118	14755166	1	6307
391650812	1	6118	254425127	1	6307
391650812	1	6118	29365296	1	6307
391650812	1	6118	262281244	1	6307
391650812	1	6118	436558224	1	6307
391650812	1	6118	334839321	1	6307
391650812	1	6118	305951121	1	6307
391650812	1	6118	291332362	1	6307
391650812	1	6118	305930434	1	6307
272315848	1	5882	315911244	1	6659
391650812	1	6118	204641094	1	6789
272315848	1	5882	393055783	1	10614
272315848	1	5882	29514432	1	10614
272315848	1	5882	29776453	1	10958
272315848	1	5882	72478311	1	10958
272315848	1	5882	204068373	1	10958
272315848	1	5882	218849513	1	10958
272315848	1	5882	131170453	1	10958
272315848	1	5882	451055598	1	10958
272315848	1	5882	233408329	1	10958
272315848	1	5882	44364242	1	10958
272315848	1	5882	68313418	1	10958
272315848	1	5882	72952662	1	10958
272315848	1	5882	102211118	1	10958
272315848	1	5882	214534035	1	10958
272315848	1	5882	275892364	1	10958
272315848	1	5882	363851692	1	10958
272315848	1	5882	82145238	1	10958
272315848	1	5882	189477065	1	10958
272315848	1	5882	436051336	1	10958
272315848	1	5882	131409241	1	10958
272315848	1	5882	407765860	1	10958
272315848	1	5882	373122262	1	10958
272315848	1	5882	96411637	1	10958
272315848	1	5882	73920739	1	10958
272315848	1	5882	393835447	1	10958
272315848	1	5882	233878324	1	10958
272315848	1	5882	38017401	1	10958
272315848	1	5882	276803390	1	10958
272315848	1	5882	175180420	1	10958
272315848	1	5882	247683266	1	10958
272315848	1	5882	80776226	1	10958
272315848	1	5882	189255517	1	10958
272315848	1	5882	214396872	1	10958
272315848	1	5882	29551615	1	10958
272315848	1	5882	451164267	1	10958
272315848	1	5882	436854187	1	10958
272315848	1	5882	393835740	1	10958
272315848	1	5882	407551167	1	10958
272315848	1	5882	131082726	1	10958
272315848	1	5882	160703485	1	10958
272315848	1	5882	189667272	1	10958
272315848	1	5882	262040512	1	10958
272315848	1	5882	407670644	1	10958
272315848	1	5882	116677672	1	10958
272315848	1	5882	131245773	1	10958
272315848	1	5882	320212041	1	10958
272315848	1	5882	430921338	1	10958
272315848	1	5882	58576389	1	10958
272315848	1	5882	284043565	1	10958
272315848	1	5882	436912441	1	10958
272315848	1	5882	84530030	1	10958
272315848	1	5882	189545052	1	10958
272315848	1	5882	257781383	1	10958
272315848	1	5882	283356773	1	10958
272315848	1	5882	416060452	1	10958
272315848	1	5882	436470505	1	10958
272315848	1	5882	112441035	1	10958
272315848	1	5882	320639067	1	10958
272315848	1	5882	436894357	1	10958
272315848	1	5882	15199217	1	10958
272315848	1	5882	247660140	1	10958
272315848	1	5882	363906908	1	10958
272315848	1	5882	29868534	1	10958
272315848	1	5882	103004081	1	10958
272315848	1	5882	103004395	1	10958
272315848	1	5882	161170339	1	10958
272315848	1	5882	393835834	1	10958
272315848	1	5882	247554478	1	10958
272315848	1	5882	161170233	1	10958
272315848	1	5882	407947392	1	10958
272315848	1	5882	437543565	1	10961
272315848	1	5882	233334472	1	10961
272315848	1	5882	305626437	1	10961
272315848	1	5882	29831312	1	10961
272315848	1	5882	305377762	1	10961
272315848	1	5882	413980737	1	10961
272315848	1	5882	110991163	1	10961
272315848	1	5882	43839540	1	10961
272315848	1	5882	145712688	1	10961
272315848	1	5882	400960745	1	10961
272315848	1	5882	330936163	1	10961
272315848	1	5882	276587044	1	10961
272315848	1	5882	262321367	1	10961
272315848	1	5882	704314	1	10961
272315848	1	5882	28901769	1	10961
272315848	1	5882	440521747	1	10961
272315848	1	5882	59463630	1	10961
272315848	1	5882	407412540	1	10961
272315848	1	5882	430443642	1	10961
272315848	1	5882	58377414	1	10961
272315848	1	5882	451233946	1	10961
272315848	1	5882	87993039	1	10961
272315848	1	5882	203966184	1	10961
272315848	1	5882	320189614	1	10961
272315848	1	5882	234171	1	10961
272315848	1	5882	262085520	1	10961
272315848	1	5882	349708029	1	10961
272315848	1	5882	451492189	1	10961
272315848	1	5882	87492585	1	10961
272315848	1	5882	457876	1	10961
272315848	1	5882	175106305	1	10961
272315848	1	5882	501168	1	10961
272315848	1	5882	73167987	1	10961
272315848	1	5882	174724159	1	10961
272315848	1	5882	189605326	1	10961
272315848	1	5882	218383584	1	10961
272315848	1	5882	276824222	1	10961
272315848	1	5882	116787540	1	10961
272315848	1	5882	364135644	1	10961
272315848	1	5882	451248408	1	10961
272315848	1	5882	204154750	1	10961
272315848	1	5882	262098310	1	10961
272315848	1	5882	363810379	1	10961
272315848	1	5882	392906310	1	10961
272315848	1	5882	222085	1	10961
272315848	1	5882	29702306	1	10961
272315848	1	5882	146115889	1	10961
272315848	1	5882	348875441	1	10961
272315848	1	5882	72932305	1	10961
272315848	1	5882	247684532	1	10961
272315848	1	5882	276733588	1	10961
272315848	1	5882	276801771	1	10961
272315848	1	5882	276844479	1	10961
272315848	1	5882	291298428	1	10961
272315848	1	5882	87855266	1	10961
272315848	1	5882	116954581	1	10961
272315848	1	5882	407816908	1	10961
272315848	1	5882	37101944	1	10961
272315848	1	5882	58559946	1	10961
272315848	1	5882	349357505	1	10961
272315848	1	5882	349498031	1	10961
272315848	1	5882	364049670	1	10961
272315848	1	5882	422395823	1	10961
272315848	1	5882	436627955	1	10961
272315848	1	5882	73494456	1	10961
272315848	1	5882	247435957	1	10961
272315848	1	5882	393042034	1	10961
272315848	1	5882	44268543	1	10961
272315848	1	5882	160585441	1	10961
272315848	1	5882	422328335	1	10961
272315848	1	5882	320467839	1	10961
272315848	1	5882	379376633	1	10961
272315848	1	5882	145972856	1	10961
272315848	1	5882	403616787	1	10961
272315848	1	5882	451219933	1	10961
272315848	1	5882	72921382	1	10961
272315848	1	5882	131455620	1	10961
272315848	1	5882	451137033	1	10961
272315848	1	5882	349557821	1	10961
272315848	1	5882	393439517	1	10961
272315848	1	5882	160592285	1	10961
272315848	1	5882	102493970	1	10964
272315848	1	5882	116932930	1	10964
272315848	1	5882	58621586	1	10970
272315848	1	5882	364152826	1	10985
346629610	-1	7982	346629610	-1	7982
346629610	-1	7982	248321954	-1	8003
346629610	-1	7982	219096963	-1	8056
156059460	-1	13101	88123806	-1	13101
156059460	-1	13101	245905662	-1	13101
156059460	-1	13101	156059460	-1	13101
156059460	-1	13101	433380188	-1	13101
156059460	-1	13101	376619304	-1	13101
156059460	-1	13101	13671295	-1	13101
156059460	-1	13101	116153656	-1	13101
156059460	-1	13101	109146403	-1	13101
156059460	-1	13101	320686741	-1	13101
156059460	-1	13101	285801203	-1	13101
156059460	-1	13101	28428954	-1	13101
156059460	-1	13101	126689208	-1	13101
156059460	-1	13101	82986287	-1	13101
156059460	-1	13101	346433239	-1	13101
156059460	-1	13101	71518777	-1	13101
156059460	-1	13101	349987885	-1	13101
156059460	-1	13101	362429517	-1	13101
156059460	-1	13101	113071705	-1	13101
156059460	-1	13101	393500591	-1	13101
156059460	-1	13101	462590814	-1	13101
156059460	-1	13101	29961300	-1	13101
156059460	-1	13101	450635373	-1	13101
156059460	-1	13101	393924938	-1	13101
156059460	-1	13101	68981823	-1	13101
156059460	-1	13101	8883147	-1	13101
156059460	-1	13101	189838918	-1	13101
156059460	-1	13101	103022066	-1	13101
156059460	-1	13101	99515832	-1	13101
156059460	-1	13101	242120814	-1	13101
156059460	-1	13101	400271771	-1	13101
156059460	-1	13101	335631387	-1	13101
156059460	-1	13101	379255391	-1	13101
156059460	-1	13101	270542269	-1	13101
156059460	-1	13101	146683824	-1	13101
156059460	-1	13101	462557357	-1	13101
156059460	-1	13101	287597883	-1	13101
156059460	-1	13101	350301009	-1	13101
156059460	-1	13101	306675735	-1	13101
156059460	-1	13101	422880224	-1	13101
156059460	-1	13101	203262426	-1	13101
156059460	-1	13101	332394860	-1	13101
156059460	-1	13101	132141703	-1	13101
156059460	-1	13101	318812698	-1	13101
156059460	-1	13101	175727329	-1	13101
156059460	-1	13101	358675112	-1	13101
156059460	-1	13101	437366746	-1	13101
156059460	-1	13101	433343361	-1	13101
156059460	-1	13101	408144031	-1	13101
156059460	-1	13101	270323623	-1	13101
156059460	-1	13101	190245651	-1	13101
156059460	-1	13101	960085	-1	13101
156059460	-1	13101	130426328	-1	13101
156059460	-1	13101	321081235	-1	13101
156059460	-1	13101	374869337	-1	13101
156059460	-1	13101	117561073	-1	13101
156059460	-1	13101	161185561	-1	13101
156059460	-1	13101	161236886	-1	13101
156059460	-1	13101	416704676	-1	13101
156059460	-1	13101	291854810	-1	13101
156059460	-1	13101	190023048	-1	13101
156059460	-1	13101	190023421	-1	13101
156059460	-1	13101	451770899	-1	13101
156059460	-1	13101	145416887	-1	13101
156059460	-1	13101	291722202	-1	13101
156059460	-1	13101	226295287	-1	13101
156059460	-1	13101	51993328	-1	13101
156059460	-1	13101	70308789	-1	13101
156059460	-1	13101	225044590	-1	13101
156059460	-1	13101	111232713	-1	13101
156059460	-1	13101	15564838	-1	13101
156059460	-1	13101	109384591	-1	13101
156059460	-1	13101	13643940	-1	13101
156059460	-1	13101	341324432	-1	13101
156059460	-1	13101	373764241	-1	13101
156059460	-1	13101	245174505	-1	13101
156059460	-1	13101	167359591	-1	13101
156059460	-1	13101	166940127	-1	13101
156059460	-1	13101	269814785	-1	13101
156059460	-1	13101	298894237	-1	13101
156059460	-1	13101	262903326	-1	13101
156059460	-1	13101	188108781	-1	13101
156059460	-1	13101	59389132	-1	13101
156059460	-1	13101	292099094	-1	13101
156059460	-1	13101	103093670	-1	13101
156059460	-1	13101	131692180	-1	13101
156059460	-1	13101	271645586	-1	13101
156059460	-1	13101	73569465	-1	13101
156059460	-1	13101	335382670	-1	13101
156059460	-1	13101	202417503	-1	13101
156059460	-1	13101	189843036	-1	13101
156059460	-1	13101	401411631	-1	13101
156059460	-1	13101	88332871	-1	13101
156059460	-1	13101	30362584	-1	13101
156059460	-1	13101	271269003	-1	13101
156059460	-1	13101	299263110	-1	13101
156059460	-1	13101	374415352	-1	13101
156059460	-1	13101	101161748	-1	13101
156059460	-1	13101	422729445	-1	13101
156059460	-1	13101	393925430	-1	13101
156059460	-1	13101	131897651	-1	13101
156059460	-1	13101	140152991	-1	13101
156059460	-1	13101	364822048	-1	13101
156059460	-1	13101	452071270	-1	13101
156059460	-1	13101	98546851	-1	13101
156059460	-1	13101	299532250	-1	13101
156059460	-1	13101	405595535	-1	13101
156059460	-1	13101	408121269	-1	13101
156059460	-1	13101	229114950	-1	13101
156059460	-1	13101	241850489	-1	13101
156059460	-1	13101	335556061	-1	13101
156059460	-1	13101	132049755	-1	13101
156059460	-1	13101	59137702	-1	13101
156059460	-1	13101	71615749	-1	13101
156059460	-1	13101	137752558	-1	13101
156059460	-1	13101	189858068	-1	13101
156059460	-1	13101	129766718	-1	13101
156059460	-1	13101	59451959	-1	13101
156059460	-1	13101	68834457	-1	13101
156059460	-1	13101	175701082	-1	13101
156059460	-1	13101	214957097	-1	13101
156059460	-1	13101	364495680	-1	13101
156059460	-1	13101	262751541	-1	13101
156059460	-1	13101	39616391	-1	13101
156059460	-1	13101	102715077	-1	13101
156059460	-1	13101	379090002	-1	13101
156059460	-1	13101	393665855	-1	13101
156059460	-1	13101	160960419	-1	13101
156059460	-1	13101	152236727	-1	13101
156059460	-1	13101	275277594	-1	13101
156059460	-1	13101	292051914	-1	13101
156059460	-1	13101	291840921	-1	13101
156059460	-1	13101	320923889	-1	13101
156059460	-1	13101	175774130	-1	13101
156059460	-1	13101	403229524	-1	13101
156059460	-1	13101	421259972	-1	13101
156059460	-1	13101	408280904	-1	13101
156059460	-1	13101	269998255	-1	13101
156059460	-1	13101	54615302	-1	13101
156059460	-1	13101	228706511	-1	13101
156059460	-1	13101	168762260	-1	13101
156059460	-1	13101	88099726	-1	13101
156059460	-1	13101	123504740	-1	13101
156059460	-1	13101	254436857	-1	13101
156059460	-1	13101	335758749	-1	13101
156059460	-1	13101	277349598	-1	13101
156059460	-1	13101	190189915	-1	13101
156059460	-1	13101	30022566	-1	13101
156059460	-1	13101	146400973	-1	13101
156059460	-1	13101	248190385	-1	13101
156059460	-1	13101	154081017	-1	13101
156059460	-1	13101	302693724	-1	13101
156059460	-1	13101	203062149	-1	13101
156059460	-1	13101	319442513	-1	13101
156059460	-1	13101	190242763	-1	13101
156059460	-1	13101	81934859	-1	13101
156059460	-1	13101	272471374	-1	13101
156059460	-1	13101	408279541	-1	13101
156059460	-1	13101	393508419	-1	13101
156059460	-1	13101	212776285	-1	13101
156059460	-1	13101	277173451	-1	13101
156059460	-1	13101	248307249	-1	13101
156059460	-1	13101	44853548	-1	13113
156059460	-1	13101	204711896	-1	13119
156059460	-1	13101	248494772	-1	13387
156059460	-1	13101	99629859	-1	13387
156059460	-1	13101	286883093	-1	13387
156059460	-1	13101	348693267	-1	13387
156059460	-1	13101	44721038	-1	13387
156059460	-1	13101	127579652	-1	13387
156059460	-1	13101	44839125	-1	13387
156059460	-1	13101	462190497	-1	13387
156059460	-1	13101	422911459	-1	13387
156059460	-1	13101	364563490	-1	13387
156059460	-1	13101	1267748	-1	13387
156059460	-1	13101	100742989	-1	13387
156059460	-1	13101	229726268	-1	13387
156059460	-1	13101	248401198	-1	13387
306252205	-1	13408	306488677	-1	13387
156059460	-1	13101	67056233	-1	13402
156059460	-1	13101	97435286	-1	13402
156059460	-1	13101	167134477	-1	13402
156059460	-1	13101	96561711	-1	13405
156059460	-1	13101	15801915	-1	13408
156059460	-1	13101	28952377	-1	13408
156059460	-1	13101	126235779	-1	13408
156059460	-1	13101	248444022	-1	13408
156059460	-1	13101	37385966	-1	13408
156059460	-1	13101	335480266	-1	13408
156059460	-1	13101	422823861	-1	13408
156059460	-1	13101	437360269	-1	13408
156059460	-1	13101	202155538	-1	13408
156059460	-1	13101	300594460	-1	13408
156059460	-1	13101	375021222	-1	13408
156059460	-1	13101	389449261	-1	13408
156059460	-1	13101	291630108	-1	13408
156059460	-1	13101	341678221	-1	13408
306252205	-1	13408	306252205	-1	13408
306252205	-1	13408	30157481	-1	13408
156059460	-1	13101	43057431	-1	13420
156059460	-1	13101	262926017	-1	13420
156059460	-1	13101	262740157	-1	13420
156059460	-1	13101	248199394	-1	13420
156059460	-1	13101	379257925	-1	13420
156059460	-1	13101	56922180	-1	13423
156059460	-1	13101	262691882	-1	13423
156059460	-1	13101	257701915	-1	13423
156059460	-1	13101	175316523	-1	13423
156059460	-1	13101	408072756	-1	13423
156059460	-1	13101	285474460	-1	13423
156059460	-1	13101	113948168	-1	13423
156059460	-1	13101	10049088	-1	13423
156059460	-1	13101	211914603	-1	13423
156059460	-1	13101	422509027	-1	13423
156059460	-1	13101	12398443	-1	13423
156059460	-1	13101	233945352	-1	13423
156059460	-1	13101	450382260	-1	13423
156059460	-1	13101	98639876	-1	13423
156059460	-1	13101	170501173	-1	13423
156059460	-1	13101	335326200	-1	13423
156059460	-1	13101	385207825	-1	13423
156059460	-1	13101	189918055	-1	13423
156059460	-1	13101	446749754	-1	13423
156059460	-1	13101	360946966	-1	13423
156059460	-1	13101	356902362	-1	13423
156059460	-1	13101	79603801	-1	13423
156059460	-1	13101	229117419	-1	13423
156059460	-1	13101	110290588	-1	13423
156059460	-1	13101	155307344	-1	13423
156059460	-1	13101	460281930	-1	13423
156059460	-1	13101	88499355	-1	13423
156059460	-1	13101	204731300	-1	13423
156059460	-1	13101	161106470	-1	13423
156059460	-1	13101	30231883	-1	13423
156059460	-1	13101	1148837	-1	13423
156059460	-1	13101	1148903	-1	13423
156059460	-1	13101	30232343	-1	13423
156059460	-1	13101	59315355	-1	13423
156059460	-1	13101	161106575	-1	13423
156059460	-1	13101	146564495	-1	13423
156059460	-1	13101	190190000	-1	13423
156059460	-1	13101	262897485	-1	13423
156059460	-1	13101	277438817	-1	13423
156059460	-1	13101	73856792	-1	13423
156059460	-1	13101	451937925	-1	13423
156059460	-1	13101	262897142	-1	13423
156059460	-1	13101	422854632	-1	13423
156059460	-1	13101	291980762	-1	13423
156059460	-1	13101	44881089	-1	13423
156059460	-1	13101	160738896	-1	13423
156059460	-1	13101	422718490	-1	13423
156059460	-1	13101	204662267	-1	13423
156059460	-1	13101	262698897	-1	13423
156059460	-1	13101	320897043	-1	13423
306252205	-1	13408	291844672	-1	13423
306252205	-1	13408	117618539	-1	13423
306252205	-1	13408	186145441	-1	13423
306252205	-1	13408	259578041	-1	13423
306252205	-1	13408	243262700	-1	13423
306252205	-1	13408	364552468	-1	13423
156059460	-1	13101	387497415	-1	13432
156059460	-1	13101	451938012	-1	13432
306252205	-1	13408	364371809	-1	13453
306252205	-1	13408	70121046	-1	13531
306252205	-1	13408	233669305	-1	13555
306252205	-1	13408	73839366	-1	13579
156059460	-1	13101	459292157	-1	13591
156059460	-1	13101	117349403	-1	13717
156059460	-1	13101	15843899	-1	14241
156059460	-1	13101	167064757	-1	14241
156059460	-1	13101	320794148	-1	14241
156059460	-1	13101	277171128	-1	14241
156059460	-1	13101	364393782	-1	14241
156059460	-1	13101	14360963	-1	14247
156059460	-1	13101	53278044	-1	14247
156059460	-1	13101	58984720	-1	14247
156059460	-1	13101	131783361	-1	14247
156059460	-1	13101	190216047	-1	14247
156059460	-1	13101	246015561	-1	14247
156059460	-1	13101	88423960	-1	14247
156059460	-1	13101	302469990	-1	14247
156059460	-1	13101	306282223	-1	14247
156059460	-1	13101	406283265	-1	14247
156059460	-1	13101	117486785	-1	14247
156059460	-1	13101	356447499	-1	14247
156059460	-1	13101	437422104	-1	14253
156059460	-1	13101	73883121	-1	14262
156059460	-1	13101	422490767	-1	14633
156059460	-1	13101	160774342	-1	14633
156059460	-1	13101	376760421	-1	14633
156059460	-1	13101	335459406	-1	14636
156059460	-1	13101	160896937	-1	14639
156059460	-1	13101	437187163	-1	14639
156059460	-1	13101	59396939	-1	14645
156059460	-1	13101	288873140	-1	14645
156059460	-1	13101	350228579	-1	14645
156059460	-1	13101	30214399	-1	14654
156059460	-1	13101	123992903	-1	14735
156059460	-1	13101	362416436	-1	14738
156059460	-1	13101	204553562	-1	14747
156059460	-1	13101	131986752	-1	14798
156059460	-1	13101	348064841	-1	14807
156059460	-1	13101	378866169	-1	14891
156059460	-1	13101	174034546	-1	14900
156059460	-1	13101	291736648	-1	15372
156059460	-1	13101	379316300	-1	15393
156059460	-1	13101	15777137	-1	15393
156059460	-1	13101	292075549	-1	15393
156059460	-1	13101	239914965	-1	15429
156059460	-1	13101	378867279	-1	15429
156059460	-1	13101	102798784	-1	15429
156059460	-1	13101	189965087	-1	15429
156059460	-1	13101	88173745	-1	15435
156059460	-1	13101	132071509	-1	15435
156059460	-1	13101	190154799	-1	15438
156059460	-1	13101	204795130	-1	15597
156059460	-1	13101	291757331	-1	15630
 