229037466	1	9057	161151937	1	9027
229037466	1	9057	64656833	1	9033
229037466	1	9057	190217911	1	9045
229037466	1	9057	262903207	1	9045
229037466	1	9057	233478643	1	9048
229037466	1	9057	79120054	1	9048
229037466	1	9057	364510580	1	9051
229037466	1	9057	1134876	1	9051
229037466	1	9057	248350468	1	9051
229037466	1	9057	451677941	1	9051
229037466	1	9057	181193082	1	9051
229037466	1	9057	306219151	1	9051
229037466	1	9057	422694827	1	9051
229037466	1	9057	44601617	1	9051
229037466	1	9057	102641204	1	9051
229037466	1	9057	146243295	1	9051
229037466	1	9057	160809959	1	9051
229037466	1	9057	219213844	1	9051
229037466	1	9057	262576975	1	9051
229037466	1	9057	364418214	1	9051
229037466	1	9057	1098289	1	9051
229037466	1	9057	44573463	1	9051
229037466	1	9057	59076004	1	9051
229037466	1	9057	102734205	1	9051
229037466	1	9057	175394678	1	9051
229037466	1	9057	190187858	1	9051
229037466	1	9057	218961632	1	9051
229037466	1	9057	219138730	1	9051
229037466	1	9057	248162293	1	9051
229037466	1	9057	262675386	1	9051
229037466	1	9057	320999286	1	9051
229037466	1	9057	335302142	1	9051
229037466	1	9057	408062879	1	9051
229037466	1	9057	422654401	1	9051
229037466	1	9057	437166259	1	9051
229037466	1	9057	451621453	1	9051
229037466	1	9057	452013209	1	9051
229037466	1	9057	15376052	1	9051
229037466	1	9057	30148140	1	9051
229037466	1	9057	30282463	1	9051
229037466	1	9057	117235466	1	9051
229037466	1	9057	132069112	1	9051
229037466	1	9057	189941056	1	9051
229037466	1	9057	204560855	1	9051
229037466	1	9057	248119540	1	9051
229037466	1	9057	277436954	1	9051
229037466	1	9057	306343784	1	9051
229037466	1	9057	321185314	1	9051
229037466	1	9057	437193506	1	9051
229037466	1	9057	30128930	1	9051
229037466	1	9057	59390364	1	9051
229037466	1	9057	73786758	1	9051
229037466	1	9057	88221670	1	9051
229037466	1	9057	277384703	1	9051
229037466	1	9057	306343366	1	9051
229037466	1	9057	321128187	1	9051
229037466	1	9057	379157160	1	9051
229037466	1	9057	422628886	1	9051
229037466	1	9057	422687651	1	9051
229037466	1	9057	451803887	1	9051
229037466	1	9057	248303658	1	9051
229037466	1	9057	335655432	1	9051
229037466	1	9057	103049004	1	9051
229037466	1	9057	292044394	1	9051
229037466	1	9057	306333690	1	9054
229037466	1	9057	306263595	1	9054
229037466	1	9057	1019360	1	9054
229037466	1	9057	277572527	1	9054
229037466	1	9057	349957598	1	9054
229037466	1	9057	219076129	1	9054
229037466	1	9057	175544155	1	9054
229037466	1	9057	248100706	1	9054
229037466	1	9057	44705393	1	9054
229037466	1	9057	175576102	1	9054
229037466	1	9057	408449650	1	9054
229037466	1	9057	985437	1	9054
229037466	1	9057	44714934	1	9054
229037466	1	9057	422617513	1	9054
229037466	1	9057	233691260	1	9054
229037466	1	9057	393739952	1	9054
229037466	1	9057	229037466	1	9057
229037466	1	9057	422603316	1	9057
229037466	1	9057	233483315	1	9057
229037466	1	9057	102958144	1	9057
229037466	1	9057	88320874	1	9057
229037466	1	9057	393570561	1	9057
229037466	1	9057	182379672	1	9057
229037466	1	9057	379248156	1	9057
229037466	1	9057	44668790	1	9057
229037466	1	9057	444973587	1	9057
229037466	1	9057	374540932	1	9057
229037466	1	9057	290345821	1	9057
229037466	1	9057	449450474	1	9057
229037466	1	9057	146293253	1	9057
229037466	1	9057	246524433	1	9057
229037466	1	9057	30344071	1	9057
229037466	1	9057	300112792	1	9057
229037466	1	9057	1280268	1	9057
229037466	1	9057	117634980	1	9057
229037466	1	9057	261325544	1	9057
229037466	1	9057	271734450	1	9057
229037466	1	9057	113532100	1	9057
229037466	1	9057	181650760	1	9057
229037466	1	9057	358163838	1	9057
229037466	1	9057	88067539	1	9057
229037466	1	9057	159731803	1	9057
229037466	1	9057	196149525	1	9057
229037466	1	9057	44791221	1	9057
229037466	1	9057	218133496	1	9057
229037466	1	9057	72255056	1	9057
229037466	1	9057	160834969	1	9057
229037466	1	9057	230270966	1	9057
229037466	1	9057	23706581	1	9057
229037466	1	9057	204787125	1	9057
229037466	1	9057	204885215	1	9057
229037466	1	9057	292082016	1	9057
229037466	1	9057	371162389	1	9057
229037466	1	9057	83471801	1	9057
229037466	1	9057	161224479	1	9057
229037466	1	9057	262599353	1	9057
229037466	1	9057	262740721	1	9057
229037466	1	9057	342371948	1	9057
229037466	1	9057	361857303	1	9057
229037466	1	9057	408446268	1	9057
229037466	1	9057	303474510	1	9057
229037466	1	9057	57638184	1	9057
229037466	1	9057	82930625	1	9057
229037466	1	9057	231061757	1	9057
229037466	1	9057	258935045	1	9057
229037466	1	9057	277585096	1	9057
229037466	1	9057	132088430	1	9057
229037466	1	9057	233636520	1	9057
229037466	1	9057	257637658	1	9057
229037466	1	9057	144170180	1	9057
229037466	1	9057	98455136	1	9057
229037466	1	9057	204378124	1	9057
229037466	1	9057	391236325	1	9057
229037466	1	9057	175267373	1	9057
229037466	1	9057	248254641	1	9057
229037466	1	9057	248292808	1	9057
229037466	1	9057	313533341	1	9057
229037466	1	9057	393879070	1	9057
229037466	1	9057	88158534	1	9057
229037466	1	9057	196935657	1	9057
229037466	1	9057	216669588	1	9057
229037466	1	9057	349772775	1	9057
229037466	1	9057	401953423	1	9057
229037466	1	9057	422809437	1	9057
229037466	1	9057	29868010	1	9057
229037466	1	9057	37851167	1	9057
229037466	1	9057	88021663	1	9057
229037466	1	9057	161225331	1	9057
229037466	1	9057	190132628	1	9057
229037466	1	9057	204634596	1	9057
229037466	1	9057	215705747	1	9057
229037466	1	9057	233826553	1	9057
229037466	1	9057	291961537	1	9057
229037466	1	9057	321140155	1	9057
229037466	1	9057	378950760	1	9057
229037466	1	9057	42205299	1	9057
229037466	1	9057	146178852	1	9057
229037466	1	9057	218931622	1	9057
229037466	1	9057	233728498	1	9057
229037466	1	9057	262559986	1	9057
229037466	1	9057	262593421	1	9057
229037466	1	9057	30161134	1	9057
229037466	1	9057	69492692	1	9057
229037466	1	9057	378931515	1	9057
229037466	1	9057	458006090	1	9057
229037466	1	9057	44451333	1	9057
229037466	1	9057	88292734	1	9057
229037466	1	9057	109312568	1	9057
229037466	1	9057	114801969	1	9057
229037466	1	9057	161020827	1	9057
229037466	1	9057	219001402	1	9057
229037466	1	9057	335553818	1	9057
229037466	1	9057	132102816	1	9057
229037466	1	9057	242323269	1	9057
229037466	1	9057	277310124	1	9057
229037466	1	9057	356875581	1	9057
229037466	1	9057	437079126	1	9057
229037466	1	9057	29992557	1	9057
229037466	1	9057	131966520	1	9057
229037466	1	9057	408268734	1	9057
229037466	1	9057	15589097	1	9057
229037466	1	9057	102771047	1	9057
229037466	1	9057	350075117	1	9057
229037466	1	9057	146354972	1	9057
229037466	1	9057	146375630	1	9057
229037466	1	9057	277370300	1	9057
229037466	1	9057	335237715	1	9057
229037466	1	9057	357154579	1	9057
229037466	1	9057	437066186	1	9057
229037466	1	9057	161155685	1	9057
229037466	1	9057	175643938	1	9057
229037466	1	9057	262674621	1	9057
229037466	1	9057	375506611	1	9057
229037466	1	9057	15492286	1	9057
229037466	1	9057	103066280	1	9057
229037466	1	9057	181948588	1	9057
229037466	1	9057	204381934	1	9057
229037466	1	9057	262999052	1	9057
229037466	1	9057	348411039	1	9057
229037466	1	9057	422687781	1	9057
229037466	1	9057	15524098	1	9057
229037466	1	9057	59000532	1	9057
229037466	1	9057	102854884	1	9057
229037466	1	9057	117564131	1	9057
229037466	1	9057	190186698	1	9057
229037466	1	9057	190290082	1	9057
229037466	1	9057	219143703	1	9057
229037466	1	9057	219426559	1	9057
229037466	1	9057	306435362	1	9057
229037466	1	9057	399961476	1	9057
229037466	1	9057	403345463	1	9057
229037466	1	9057	364559933	1	9057
229037466	1	9057	126030332	1	9057
229037466	1	9057	379067477	1	9057
229037466	1	9057	450600955	1	9057
229037466	1	9057	465161114	1	9057
229037466	1	9057	88202415	1	9057
229037466	1	9057	432178416	1	9057
229037466	1	9057	344943040	1	9057
229037466	1	9057	248489515	1	9057
229037466	1	9057	262998573	1	9057
229037466	1	9057	74011082	1	9057
229037466	1	9057	73700206	1	9057
229037466	1	9057	277233723	1	9057
229037466	1	9057	345005152	1	9057
229037466	1	9057	55734324	1	9057
229037466	1	9057	160917907	1	9057
229037466	1	9057	100622971	1	9057
229037466	1	9057	277488337	1	9057
229037466	1	9057	146644644	1	9057
229037466	1	9057	317019225	1	9057
229037466	1	9057	321137204	1	9057
229037466	1	9057	248420797	1	9057
229037466	1	9057	422729100	1	9057
229037466	1	9057	433646344	1	9057
229037466	1	9057	15761451	1	9057
229037466	1	9057	248210056	1	9057
229037466	1	9057	393666647	1	9057
229037466	1	9057	306602194	1	9057
229037466	1	9057	204708020	1	9057
229037466	1	9057	15344252	1	9057
229037466	1	9057	450080619	1	9057
229037466	1	9057	152528641	1	9057
229037466	1	9057	161094729	1	9057
229037466	1	9057	87102153	1	9057
229037466	1	9057	210864789	1	9057
229037466	1	9057	233814598	1	9057
229037466	1	9057	451589322	1	9057
229037466	1	9057	56189103	1	9057
229037466	1	9057	117341636	1	9057
229037466	1	9057	291798437	1	9057
229037466	1	9057	219367101	1	9057
229037466	1	9057	378935420	1	9057
229037466	1	9057	418299942	1	9057
229037466	1	9057	393735148	1	9057
229037466	1	9057	393784174	1	9057
229037466	1	9057	42548361	1	9057
229037466	1	9057	88404078	1	9057
229037466	1	9057	244157564	1	9057
229037466	1	9057	306278891	1	9057
229037466	1	9057	38179210	1	9057
229037466	1	9057	88088680	1	9057
229037466	1	9057	401339465	1	9057
229037466	1	9057	443733805	1	9057
229037466	1	9057	448658249	1	9057
229037466	1	9057	261605985	1	9057
229037466	1	9057	376090577	1	9057
229037466	1	9057	39325057	1	9057
229037466	1	9057	103003324	1	9057
229037466	1	9057	391025933	1	9057
229037466	1	9057	416997722	1	9057
229037466	1	9057	335270347	1	9057
229037466	1	9057	349775101	1	9057
229037466	1	9057	370869257	1	9057
229037466	1	9057	233867499	1	9057
229037466	1	9057	117131104	1	9057
229037466	1	9057	364770708	1	9057
229037466	1	9057	113959413	1	9057
229037466	1	9057	88084506	1	9057
229037466	1	9057	160765034	1	9057
229037466	1	9057	183526771	1	9057
229037466	1	9057	329304311	1	9057
229037466	1	9057	233651810	1	9057
229037466	1	9057	291645081	1	9057
229037466	1	9057	306279919	1	9057
229037466	1	9057	407948931	1	9057
229037466	1	9057	43634545	1	9057
229037466	1	9057	51807974	1	9057
229037466	1	9057	160753163	1	9057
229037466	1	9057	417867520	1	9057
229037466	1	9057	73663876	1	9057
229037466	1	9057	385733054	1	9057
229037466	1	9057	422683182	1	9057
229037466	1	9057	44856226	1	9057
229037466	1	9057	320689605	1	9057
229037466	1	9057	408450030	1	9057
229037466	1	9057	37196641	1	9057
229037466	1	9057	55316542	1	9057
229037466	1	9057	386124729	1	9057
229037466	1	9057	437187112	1	9057
229037466	1	9057	50690013	1	9057
229037466	1	9057	108805994	1	9057
229037466	1	9057	131958856	1	9057
229037466	1	9057	189812531	1	9057
229037466	1	9057	451733501	1	9057
229037466	1	9057	392195823	1	9057
229037466	1	9057	29066275	1	9057
229037466	1	9057	146306434	1	9057
229037466	1	9057	437291107	1	9057
229037466	1	9057	218972044	1	9057
229037466	1	9057	393422514	1	9057
229037466	1	9057	449530342	1	9057
229037466	1	9057	306581786	1	9057
229037466	1	9057	451733460	1	9057
229037466	1	9057	161000956	1	9057
229037466	1	9057	176564836	1	9057
229037466	1	9057	291906368	1	9057
229037466	1	9057	364659500	1	9057
229037466	1	9057	262645945	1	9057
229037466	1	9057	306304075	1	9057
229037466	1	9057	15617444	1	9057
229037466	1	9057	373461523	1	9057
229037466	1	9057	139251122	1	9057
229037466	1	9057	320989858	1	9057
229037466	1	9057	408305593	1	9057
229037466	1	9057	460541870	1	9057
229037466	1	9057	190080043	1	9057
229037466	1	9057	117425049	1	9057
229037466	1	9057	451744163	1	9057
229037466	1	9057	889525	1	9057
229037466	1	9057	11502400	1	9057
229037466	1	9057	59341618	1	9057
229037466	1	9057	376507439	1	9057
229037466	1	9057	364302743	1	9057
229037466	1	9057	73495888	1	9057
229037466	1	9057	248080997	1	9057
229037466	1	9057	233765379	1	9057
229037466	1	9057	15330452	1	9057
229037466	1	9057	117588123	1	9057
229037466	1	9057	306633463	1	9057
229037466	1	9057	393883605	1	9057
229037466	1	9057	67792890	1	9057
229037466	1	9057	30305715	1	9057
229037466	1	9057	356941440	1	9057
229037466	1	9057	306303663	1	9057
229037466	1	9057	422508290	1	9057
229037466	1	9057	451719226	1	9057
229037466	1	9057	763239	1	9057
229037466	1	9057	58985348	1	9057
229037466	1	9057	80392853	1	9057
229037466	1	9057	241839462	1	9057
229037466	1	9057	15343678	1	9057
229037466	1	9057	159601998	1	9057
229037466	1	9057	189921565	1	9057
229037466	1	9057	230905758	1	9057
229037466	1	9057	378982612	1	9057
229037466	1	9057	130632975	1	9057
229037466	1	9057	262562213	1	9057
229037466	1	9057	320722461	1	9057
229037466	1	9057	73693811	1	9057
229037466	1	9057	175271119	1	9057
229037466	1	9057	125652170	1	9057
229037466	1	9057	245259992	1	9057
229037466	1	9057	402398141	1	9057
229037466	1	9057	15406955	1	9057
229037466	1	9057	29847023	1	9057
229037466	1	9057	114996865	1	9057
229037466	1	9057	52032322	1	9057
229037466	1	9057	181919581	1	9057
229037466	1	9057	349924432	1	9057
229037466	1	9057	117259245	1	9057
229037466	1	9057	171270290	1	9057
229037466	1	9057	320699094	1	9057
229037466	1	9057	429316051	1	9057
229037466	1	9057	22543603	1	9057
229037466	1	9057	199972020	1	9057
229037466	1	9057	189817365	1	9057
229037466	1	9057	306629210	1	9057
229037466	1	9057	331823398	1	9057
229037466	1	9057	215714275	1	9057
229037466	1	9057	146293883	1	9057
229037466	1	9057	375836989	1	9057
229037466	1	9057	400437147	1	9057
229037466	1	9057	262828606	1	9057
229037466	1	9057	277106969	1	9057
229037466	1	9057	258757139	1	9057
229037466	1	9057	59466894	1	9057
229037466	1	9057	103094142	1	9057
229037466	1	9057	117183858	1	9057
229037466	1	9057	219106780	1	9057
229037466	1	9057	306191638	1	9057
229037466	1	9057	332072767	1	9057
229037466	1	9057	15778031	1	9057
229037466	1	9057	25249534	1	9057
229037466	1	9057	114678786	1	9057
229037466	1	9057	146185613	1	9057
229037466	1	9057	167703790	1	9057
229037466	1	9057	189984369	1	9057
229037466	1	9057	204458160	1	9057
229037466	1	9057	306254455	1	9057
229037466	1	9057	326972184	1	9057
229037466	1	9057	330893593	1	9057
229037466	1	9057	330976343	1	9057
229037466	1	9057	335461551	1	9057
229037466	1	9057	349877281	1	9057
229037466	1	9057	357128231	1	9057
229037466	1	9057	362859062	1	9057
229037466	1	9057	419977346	1	9057
229037466	1	9057	80442158	1	9057
229037466	1	9057	98812902	1	9057
229037466	1	9057	108608385	1	9057
229037466	1	9057	131688063	1	9057
229037466	1	9057	155630327	1	9057
229037466	1	9057	211107167	1	9057
229037466	1	9057	215550810	1	9057
229037466	1	9057	292046075	1	9057
229037466	1	9057	333060159	1	9057
229037466	1	9057	345571077	1	9057
229037466	1	9057	363128576	1	9057
229037466	1	9057	451574037	1	9057
229037466	1	9057	1198089	1	9057
229037466	1	9057	29894716	1	9057
229037466	1	9057	73689949	1	9057
229037466	1	9057	131729127	1	9057
229037466	1	9057	141682463	1	9057
229037466	1	9057	190111969	1	9057
229037466	1	9057	219294950	1	9057
229037466	1	9057	248189565	1	9057
229037466	1	9057	333023319	1	9057
229037466	1	9057	452091901	1	9057
229037466	1	9057	273532160	1	9057
229037466	1	9057	415212261	1	9057
229037466	1	9057	435157640	1	9057
229037466	1	9057	262932780	1	9057
229037466	1	9057	332985415	1	9057
229037466	1	9057	446206635	1	9057
229037466	1	9057	240949873	1	9057
229037466	1	9057	303749202	1	9057
229037466	1	9057	161129066	1	9057
229037466	1	9057	446093774	1	9057
229037466	1	9057	347684635	1	9057
229037466	1	9057	460108487	1	9057
229037466	1	9057	292103440	1	9057
229037466	1	9057	350090051	1	9057
229037466	1	9057	459065026	1	9057
229037466	1	9057	301770125	1	9057
229037466	1	9057	59320800	1	9057
229037466	1	9057	160734522	1	9057
229037466	1	9057	189810153	1	9057
229037466	1	9057	262598962	1	9057
229037466	1	9057	332683617	1	9057
229037466	1	9057	15619357	1	9057
229037466	1	9057	126553112	1	9057
229037466	1	9057	131789577	1	9057
229037466	1	9057	422478195	1	9057
229037466	1	9057	461864476	1	9057
229037466	1	9057	420445863	1	9057
229037466	1	9057	72094912	1	9057
229037466	1	9057	291620169	1	9057
229037466	1	9057	378883507	1	9057
229037466	1	9057	131685889	1	9057
229037466	1	9057	73805311	1	9057
229037466	1	9057	15341653	1	9057
229037466	1	9057	233802277	1	9057
229037466	1	9057	42653199	1	9057
229037466	1	9057	132160435	1	9057
229037466	1	9057	117116827	1	9057
229037466	1	9057	156586095	1	9057
229037466	1	9057	29947586	1	9057
229037466	1	9057	102560577	1	9057
229037466	1	9057	117315465	1	9057
229037466	1	9057	154316283	1	9057
229037466	1	9057	227440231	1	9057
229037466	1	9057	330205205	1	9057
229037466	1	9057	217270708	1	9057
229037466	1	9057	214080932	1	9057
229037466	1	9057	20452487	1	9057
229037466	1	9057	392457640	1	9057
229037466	1	9057	262699022	1	9057
229037466	1	9057	262753726	1	9057
229037466	1	9057	218908593	1	9057
229037466	1	9057	102811203	1	9057
229037466	1	9057	175742224	1	9057
229037466	1	9057	59005590	1	9057
229037466	1	9057	95130274	1	9057
229037466	1	9057	262834044	1	9057
229037466	1	9057	277329020	1	9057
229037466	1	9057	299267062	1	9057
229037466	1	9057	393501921	1	9057
229037466	1	9057	175408000	1	9057
229037466	1	9057	358009340	1	9057
229037466	1	9057	422560451	1	9057
229037466	1	9057	131876731	1	9057
229037466	1	9057	15676502	1	9057
229037466	1	9057	197303266	1	9057
229037466	1	9057	168475814	1	9057
229037466	1	9057	14134338	1	9057
229037466	1	9057	262754220	1	9057
229037466	1	9057	331692301	1	9057
229037466	1	9057	128633182	1	9057
229037466	1	9057	321063721	1	9057
229037466	1	9057	68322751	1	9057
229037466	1	9057	131886750	1	9057
229037466	1	9057	130417720	1	9057
229037466	1	9057	262883221	1	9057
229037466	1	9057	350089584	1	9057
229037466	1	9057	379206685	1	9057
229037466	1	9057	59001256	1	9057
229037466	1	9057	364764896	1	9057
229037466	1	9057	379005495	1	9057
229037466	1	9057	422783503	1	9066
229037466	1	9057	291985943	1	9069
229037466	1	9057	437425303	1	9081
229037466	1	9057	422668623	1	9552
229037466	1	9057	262697472	1	9552
229037466	1	9057	306226557	1	9552
229037466	1	9057	15567713	1	9558
229037466	1	9057	233860021	1	9558
229037466	1	9057	379276812	1	9558
229037466	1	9057	175591063	1	9558
229037466	1	9057	393842699	1	9558
229037466	1	9057	248384673	1	9558
229037466	1	9057	44494359	1	9558
229037466	1	9057	277334017	1	9558
229037466	1	9057	214045875	1	9558
229037466	1	9057	88415882	1	9558
229037466	1	9057	451741670	1	9558
229037466	1	9057	342080778	1	9558
229037466	1	9057	131836413	1	9558
229037466	1	9057	262878963	1	9558
229037466	1	9057	306297257	1	9558
229037466	1	9057	320907121	1	9558
229037466	1	9057	422587704	1	9558
229037466	1	9057	102917478	1	9558
229037466	1	9057	73845490	1	9558
229037466	1	9057	393491968	1	9558
229037466	1	9057	437197282	1	9558
229037466	1	9057	219171536	1	9558
229037466	1	9057	58955438	1	9558
229037466	1	9057	393582845	1	9558
229037466	1	9057	146564841	1	9558
229037466	1	9057	277275813	1	9558
229037466	1	9057	320901049	1	9558
229037466	1	9057	103022153	1	9558
229037466	1	9057	117299449	1	9558
229037466	1	9057	262574424	1	9558
229037466	1	9057	80244627	1	9558
229037466	1	9057	73976131	1	9558
229037466	1	9057	15349650	1	9558
229037466	1	9057	451926679	1	9558
229037466	1	9057	175485869	1	9558
229037466	1	9057	306412305	1	9558
229037466	1	9057	419324233	1	9558
229037466	1	9057	1118712	1	9558
229037466	1	9057	15779094	1	9558
229037466	1	9057	408181349	1	9558
229037466	1	9057	350269782	1	9558
229037466	1	9057	196902792	1	9558
229037466	1	9057	42383676	1	9558
229037466	1	9057	233447034	1	9558
229037466	1	9057	243355430	1	9558
229037466	1	9057	29857607	1	9558
229037466	1	9057	216998340	1	9558
229037466	1	9057	233762974	1	9558
229037466	1	9057	241665926	1	9558
229037466	1	9057	242881435	1	9558
229037466	1	9057	243119881	1	9558
229037466	1	9057	204382177	1	9558
229037466	1	9057	379306010	1	9558
229037466	1	9057	422635829	1	9558
229037466	1	9057	55473291	1	9558
229037466	1	9057	190341204	1	9558
229037466	1	9057	28109482	1	9558
229037466	1	9057	422719502	1	9558
229037466	1	9057	19181737	1	9558
229037466	1	9057	9834804	1	9558
229037466	1	9057	35614051	1	9558
229037466	1	9057	422569250	1	9558
229037466	1	9057	23676522	1	9558
229037466	1	9057	73609383	1	9558
229037466	1	9057	326953876	1	9558
229037466	1	9057	795716	1	9558
229037466	1	9057	277215893	1	9558
229037466	1	9057	189965612	1	9558
229037466	1	9057	117288008	1	9558
229037466	1	9057	422668589	1	9558
229037466	1	9057	112580579	1	9567
229037466	1	9057	59287340	1	9585
229037466	1	9057	451921861	1	9585
229037466	1	9057	140952395	1	9585
229037466	1	9057	277100247	1	9591
229037466	1	9057	189965854	1	9594
229037466	1	9057	349897795	1	9603
229037466	1	9057	138728006	1	9606
229037466	1	9057	364547791	1	9606
229037466	1	9057	422918503	1	9606
229037466	1	9057	175585441	1	9606
229037466	1	9057	204794755	1	9815
229037466	1	9057	29891430	1	9815
229037466	1	9057	277430611	1	9815
229037466	1	9057	463301777	1	9815
229037466	1	9057	1013810	1	9815
229037466	1	9057	349831924	1	9815
229037466	1	9057	288802095	1	9815
211213347	1	16968	244149895	1	16965
211213347	1	16968	211213347	1	16968
211213347	1	16968	451689558	1	17004
272315848	1	19997	272315848	1	19997
272315848	1	19997	898178	1	20000
272315848	1	19997	301576561	1	20003
272315848	1	19997	145632651	1	20003
272315848	1	19997	393055783	1	20003
272315848	1	19997	29514432	1	20003
272315848	1	19997	358934	1	20003
272315848	1	19997	174931654	1	20003
272315848	1	19997	536778	1	20003
272315848	1	19997	131166715	1	20003
272315848	1	19997	451219933	1	20006
272315848	1	19997	59100552	1	20009
272315848	1	19997	117085459	1	20009
272315848	1	19997	131455620	1	20012
272315848	1	19997	320495325	1	20012
272315848	1	19997	102261815	1	20012
272315848	1	19997	102344825	1	20015
272315848	1	19997	320189614	1	20036
272315848	1	19997	262085520	1	20036
272315848	1	19997	257781383	1	20036
272315848	1	19997	72478311	1	20190
272315848	1	19997	407429303	1	20190
272315848	1	19997	174764366	1	20190
272315848	1	19997	73769521	1	20190
391650812	1	20190	391650812	1	20190
391650812	1	20190	407947392	1	20190
391650812	1	20190	422310890	1	20377
391650812	1	20190	435557097	1	20377
391650812	1	20190	407585147	1	20380
391650812	1	20190	347201996	1	20380
391650812	1	20190	102210094	1	20380
391650812	1	20190	160576702	1	20380
391650812	1	20190	233120043	1	20380
391650812	1	20190	262162537	1	20380
391650812	1	20190	314888522	1	20380
391650812	1	20190	320552792	1	20380
391650812	1	20190	375075577	1	20380
391650812	1	20190	599354	1	20380
391650812	1	20190	186436060	1	20380
391650812	1	20190	233056801	1	20380
391650812	1	20190	349274811	1	20380
391650812	1	20190	15276591	1	20380
391650812	1	20190	174926611	1	20380
391650812	1	20190	378711609	1	20380
391650812	1	20190	291298428	1	20380
391650812	1	20190	160693978	1	20380
391650812	1	20190	116850763	1	20380
391650812	1	20190	14974140	1	20380
272315848	1	19997	320639067	1	20383
391650812	1	20190	174870254	1	20383
391650812	1	20190	218849513	1	20383
391650812	1	20190	451055598	1	20383
391650812	1	20190	44364242	1	20383
391650812	1	20190	436051336	1	20383
391650812	1	20190	613230	1	20383
391650812	1	20190	68313418	1	20383
391650812	1	20190	72952662	1	20383
391650812	1	20190	82145238	1	20383
391650812	1	20190	102211118	1	20383
391650812	1	20190	214534035	1	20383
391650812	1	20190	275892364	1	20383
391650812	1	20190	363851692	1	20383
391650812	1	20190	189477065	1	20383
391650812	1	20190	291121672	1	20383
391650812	1	20190	146025315	1	20383
391650812	1	20190	407765860	1	20383
391650812	1	20190	131409241	1	20383
391650812	1	20190	320497047	1	20383
391650812	1	20190	110991163	1	20383
391650812	1	20190	96411637	1	20383
391650812	1	20190	28901769	1	20383
391650812	1	20190	440521747	1	20383
391650812	1	20190	430921338	1	20383
391650812	1	20190	116677672	1	20383
391650812	1	20190	116770244	1	20383
391650812	1	20190	436912441	1	20383
391650812	1	20190	38017401	1	20383
391650812	1	20190	196048959	1	20383
391650812	1	20190	277032810	1	20383
391650812	1	20190	14755166	1	20383
391650812	1	20190	254425127	1	20383
391650812	1	20190	189307308	1	20383
391650812	1	20190	334839321	1	20383
391650812	1	20190	203866226	1	20383
391650812	1	20190	262098310	1	20383
391650812	1	20190	146115889	1	20383
391650812	1	20190	436470505	1	20383
391650812	1	20190	436558224	1	20383
391650812	1	20190	112441035	1	20383
391650812	1	20190	284043565	1	20383
391650812	1	20190	15199217	1	20383
391650812	1	20190	247660140	1	20383
391650812	1	20190	218821399	1	20383
391650812	1	20190	363810379	1	20383
391650812	1	20190	218760896	1	20383
391650812	1	20190	73494456	1	20383
391650812	1	20190	84530030	1	20383
391650812	1	20190	283356773	1	20383
391650812	1	20190	416060452	1	20383
391650812	1	20190	87492585	1	20383
391650812	1	20190	174724159	1	20383
391650812	1	20190	29365296	1	20383
391650812	1	20190	218902264	1	20383
391650812	1	20190	305930434	1	20383
391650812	1	20190	436894357	1	20383
391650812	1	20190	131428678	1	20383
391650812	1	20190	247554478	1	20386
391650812	1	20190	116932930	1	20386
391650812	1	20190	315911244	1	20736
391650812	1	20190	204641094	1	20868
230154940	1	25583	48523449	1	25553
230154940	1	25583	435067014	1	25559
230154940	1	25583	288196358	1	25562
230154940	1	25583	228055447	1	25574
230154940	1	25583	400102037	1	25574
230154940	1	25583	245365577	1	25574
230154940	1	25583	23777649	1	25574
230154940	1	25583	422690182	1	25574
230154940	1	25583	379330279	1	25577
230154940	1	25583	175403443	1	25577
230154940	1	25583	230154940	1	25583
230154940	1	25583	306349804	1	25583
230154940	1	25583	88174783	1	25583
230154940	1	25583	198973702	1	25586
230154940	1	25583	73881487	1	25586
230154940	1	25583	73743787	1	25619
230154940	1	25583	437122566	1	25733
230154940	1	25583	44487949	1	25736
230154940	1	25583	48534852	1	25742
230154940	1	25583	248192456	1	25742
230154940	1	25583	248089715	1	25742
230154940	1	25583	335569052	1	25745
230154940	1	25583	218986406	1	25751
230154940	1	25583	102884106	1	25751
230154940	1	25583	29946007	1	25772
230154940	1	25583	52014906	1	25784
230154940	1	25583	437109349	1	25793
230154940	1	25583	88113503	1	25793
230154940	1	25583	233700828	1	26079
230154940	1	25583	233526943	1	26100
230154940	1	25583	146279499	1	26100
230154940	1	25583	291757002	1	26103
230154940	1	25583	88345543	1	26103
230154940	1	25583	262653318	1	26103
230154940	1	25583	262925068	1	26103
230154940	1	25583	102704544	1	26103
230154940	1	25583	204467061	1	26112
272315848	1	19997	348875441	1	27864
272315848	1	19997	437543565	1	27867
272315848	1	19997	305626437	1	27867
272315848	1	19997	349722817	1	27867
272315848	1	19997	73145220	1	27867
272315848	1	19997	334889214	1	27867
272315848	1	19997	276587044	1	27867
272315848	1	19997	262321367	1	27867
272315848	1	19997	59463630	1	27867
272315848	1	19997	291601699	1	27867
272315848	1	19997	364428234	1	27867
272315848	1	19997	379376633	1	27867
272315848	1	19997	407412540	1	27867
272315848	1	19997	436627955	1	27867
272315848	1	19997	501168	1	27867
272315848	1	19997	451248408	1	27867
272315848	1	19997	116787540	1	27867
272315848	1	19997	175106305	1	27867
272315848	1	19997	218383584	1	27867
272315848	1	19997	102357855	1	27867
272315848	1	19997	276733588	1	27867
272315848	1	19997	407816908	1	27867
272315848	1	19997	37101944	1	27867
272315848	1	19997	320467839	1	27867
272315848	1	19997	363969132	1	27867
272315848	1	19997	189471315	1	27867
272315848	1	19997	58383190	1	27867
272315848	1	19997	72924744	1	27867
272315848	1	19997	87681747	1	27867
272315848	1	19997	29513841	1	27867
272315848	1	19997	189471204	1	27867
272315848	1	19997	335669239	1	27867
272315848	1	19997	407597886	1	27867
272315848	1	19997	451575052	1	27867
272315848	1	19997	320347647	1	27867
272315848	1	19997	145968738	1	27867
272315848	1	19997	335402870	1	27870
272315848	1	19997	451262557	1	27870
272315848	1	19997	233408329	1	27870
272315848	1	19997	233334472	1	27870
272315848	1	19997	145656192	1	27870
272315848	1	19997	305377762	1	27870
272315848	1	19997	413980737	1	27870
272315848	1	19997	43839540	1	27870
272315848	1	19997	320266945	1	27870
272315848	1	19997	29831312	1	27870
272315848	1	19997	373122262	1	27870
272315848	1	19997	262480946	1	27870
272315848	1	19997	330936163	1	27870
272315848	1	19997	400960745	1	27870
272315848	1	19997	378867349	1	27870
272315848	1	19997	161170233	1	27870
272315848	1	19997	73920739	1	27870
272315848	1	19997	393835447	1	27870
272315848	1	19997	430443642	1	27870
272315848	1	19997	131245773	1	27870
272315848	1	19997	364174112	1	27870
272315848	1	19997	146069873	1	27870
272315848	1	19997	58377414	1	27870
272315848	1	19997	160857451	1	27870
272315848	1	19997	262281244	1	27870
272315848	1	19997	203966184	1	27870
272315848	1	19997	436854187	1	27870
272315848	1	19997	451233946	1	27870
272315848	1	19997	29551615	1	27870
272315848	1	19997	349708029	1	27870
272315848	1	19997	457876	1	27870
272315848	1	19997	364135644	1	27870
272315848	1	19997	393835740	1	27870
272315848	1	19997	234171	1	27870
272315848	1	19997	175180420	1	27870
272315848	1	19997	189605326	1	27870
272315848	1	19997	73167987	1	27870
272315848	1	19997	407551167	1	27870
272315848	1	19997	451492189	1	27870
272315848	1	19997	80776226	1	27870
272315848	1	19997	189255517	1	27870
272315848	1	19997	214396872	1	27870
272315848	1	19997	451164267	1	27870
272315848	1	19997	247683266	1	27870
272315848	1	19997	58559946	1	27870
272315848	1	19997	305951121	1	27870
272315848	1	19997	407670644	1	27870
272315848	1	19997	189667272	1	27870
272315848	1	19997	247684532	1	27870
272315848	1	19997	291412016	1	27870
272315848	1	19997	320212041	1	27870
272315848	1	19997	44268543	1	27870
272315848	1	19997	160703485	1	27870
272315848	1	19997	72932305	1	27870
272315848	1	19997	451146901	1	27870
272315848	1	19997	160213135	1	27870
272315848	1	19997	254900121	1	27870
272315848	1	19997	247435957	1	27870
272315848	1	19997	349357505	1	27870
272315848	1	19997	349498031	1	27870
272315848	1	19997	145712688	1	27870
272315848	1	19997	161170339	1	27870
272315848	1	19997	403616787	1	27870
272315848	1	19997	29868534	1	27870
272315848	1	19997	103004081	1	27870
272315848	1	19997	103004395	1	27870
272315848	1	19997	349783853	1	27870
272315848	1	19997	393835834	1	27870
272315848	1	19997	233878324	1	27870
272315848	1	19997	451137033	1	27870
272315848	1	19997	393439517	1	27870
272315848	1	19997	160592285	1	27870
272315848	1	19997	102493970	1	27873
272315848	1	19997	364152826	1	27894
170412853	-1	5245	170412853	-1	5245
170412853	-1	5245	327244529	-1	5245
170412853	-1	5245	216363510	-1	5245
170412853	-1	5245	291718812	-1	5245
170412853	-1	5245	408466743	-1	5245
170412853	-1	5245	57778581	-1	5245
170412853	-1	5245	1261671	-1	5245
170412853	-1	5245	44886428	-1	5245
170412853	-1	5245	379267375	-1	5245
170412853	-1	5245	422825201	-1	5245
170412853	-1	5245	44826992	-1	5245
170412853	-1	5245	59063863	-1	5248
170412853	-1	5245	189991227	-1	5248
170412853	-1	5245	319328779	-1	5248
170412853	-1	5245	406125775	-1	5248
170412853	-1	5245	277310237	-1	5248
170412853	-1	5245	320907503	-1	5248
170412853	-1	5245	335681434	-1	5248
170412853	-1	5245	88030994	-1	5248
170412853	-1	5245	146533721	-1	5248
170412853	-1	5245	306675649	-1	5248
170412853	-1	5245	15718685	-1	5248
170412853	-1	5245	422570607	-1	5251
170412853	-1	5245	335692708	-1	5251
170412853	-1	5245	117356110	-1	5251
170412853	-1	5245	437031742	-1	5251
170412853	-1	5245	73820601	-1	5251
170412853	-1	5245	38016616	-1	5251
170412853	-1	5245	306628735	-1	5251
170412853	-1	5245	451808588	-1	5251
170412853	-1	5245	349984092	-1	5251
170412853	-1	5245	51105386	-1	5251
170412853	-1	5245	54199722	-1	5251
170412853	-1	5245	83047381	-1	5251
170412853	-1	5245	132123948	-1	5251
170412853	-1	5245	233547128	-1	5251
170412853	-1	5245	297754774	-1	5251
170412853	-1	5245	451955632	-1	5251
170412853	-1	5245	219134461	-1	5251
170412853	-1	5245	321127012	-1	5251
170412853	-1	5245	126077180	-1	5251
170412853	-1	5245	233840808	-1	5251
170412853	-1	5245	233728597	-1	5251
170412853	-1	5245	161207924	-1	5251
170412853	-1	5245	376741429	-1	5251
170412853	-1	5245	219215681	-1	5251
170412853	-1	5245	230335060	-1	5251
170412853	-1	5245	233870738	-1	5251
170412853	-1	5245	388430909	-1	5251
170412853	-1	5245	407934008	-1	5251
170412853	-1	5245	94163895	-1	5251
170412853	-1	5245	437496931	-1	5251
170412853	-1	5245	408395207	-1	5251
170412853	-1	5245	130315445	-1	5251
170412853	-1	5245	414925150	-1	5251
170412853	-1	5245	362539588	-1	5251
170412853	-1	5245	146385376	-1	5251
170412853	-1	5245	190020432	-1	5251
170412853	-1	5245	1209094	-1	5251
170412853	-1	5245	461762769	-1	5251
170412853	-1	5245	379283578	-1	5251
170412853	-1	5245	370893425	-1	5251
170412853	-1	5245	131818464	-1	5251
170412853	-1	5245	175386499	-1	5251
170412853	-1	5245	422988354	-1	5251
170412853	-1	5245	320994934	-1	5251
170412853	-1	5245	355883056	-1	5254
170412853	-1	5245	144340338	-1	5254
170412853	-1	5245	371508402	-1	5254
170412853	-1	5245	41655950	-1	5254
170412853	-1	5245	211333260	-1	5254
170412853	-1	5245	401526044	-1	5254
170412853	-1	5245	15604767	-1	5254
170412853	-1	5245	81258523	-1	5254
170412853	-1	5245	262635784	-1	5254
170412853	-1	5245	39124608	-1	5254
170412853	-1	5245	445002207	-1	5254
170412853	-1	5245	126049543	-1	5254
170412853	-1	5245	199598181	-1	5254
170412853	-1	5245	219326106	-1	5254
170412853	-1	5245	335480173	-1	5254
170412853	-1	5245	23531486	-1	5254
170412853	-1	5245	27993427	-1	5254
170412853	-1	5245	26666432	-1	5254
170412853	-1	5245	71855131	-1	5254
170412853	-1	5245	330588761	-1	5254
170412853	-1	5245	285673481	-1	5254
170412853	-1	5245	376058204	-1	5254
170412853	-1	5245	200325450	-1	5254
170412853	-1	5245	289480706	-1	5254
170412853	-1	5245	184751121	-1	5254
170412853	-1	5245	14236783	-1	5254
170412853	-1	5245	1097578	-1	5254
170412853	-1	5245	15735860	-1	5254
170412853	-1	5245	306359675	-1	5254
170412853	-1	5245	219308378	-1	5254
170412853	-1	5245	44844764	-1	5254
170412853	-1	5245	44695831	-1	5254
170412853	-1	5245	386188658	-1	5254
170412853	-1	5245	217746632	-1	5254
170412853	-1	5245	204351316	-1	5254
170412853	-1	5245	451639817	-1	5254
170412853	-1	5245	321032648	-1	5254
170412853	-1	5245	190118327	-1	5254
170412853	-1	5245	73609661	-1	5254
170412853	-1	5245	274138899	-1	5257
170412853	-1	5245	437402012	-1	5257
170412853	-1	5245	241051725	-1	5257
170412853	-1	5245	112746298	-1	5257
170412853	-1	5245	172622486	-1	5257
170412853	-1	5245	175562623	-1	5257
170412853	-1	5245	334432714	-1	5257
170412853	-1	5245	460939399	-1	5257
170412853	-1	5245	88324999	-1	5257
170412853	-1	5245	306136627	-1	5257
170412853	-1	5245	335412969	-1	5260
170412853	-1	5245	59284870	-1	5260
170412853	-1	5245	449477998	-1	5260
170412853	-1	5245	196038873	-1	5260
170412853	-1	5245	818036	-1	5260
170412853	-1	5245	390833545	-1	5260
170412853	-1	5245	141324799	-1	5260
170412853	-1	5245	417245432	-1	5260
170412853	-1	5245	393436340	-1	5260
170412853	-1	5245	172824088	-1	5260
170412853	-1	5245	175437935	-1	5260
170412853	-1	5245	403567869	-1	5260
170412853	-1	5245	422973875	-1	5260
170412853	-1	5245	333033722	-1	5260
170412853	-1	5245	393602304	-1	5260
170412853	-1	5245	56328123	-1	5260
170412853	-1	5245	450792520	-1	5260
170412853	-1	5245	796124	-1	5260
170412853	-1	5245	161237339	-1	5260
170412853	-1	5245	350272962	-1	5260
170412853	-1	5245	73647449	-1	5260
170412853	-1	5245	146355914	-1	5260
170412853	-1	5245	175437830	-1	5260
170412853	-1	5245	313741384	-1	5260
170412853	-1	5245	101173779	-1	5260
170412853	-1	5245	291650477	-1	5260
170412853	-1	5245	7969167	-1	5260
170412853	-1	5245	114224176	-1	5260
170412853	-1	5245	175522662	-1	5260
170412853	-1	5245	201008090	-1	5260
170412853	-1	5245	314957285	-1	5260
170412853	-1	5245	802226	-1	5260
170412853	-1	5245	429575162	-1	5260
170412853	-1	5245	462188626	-1	5260
170412853	-1	5245	248361376	-1	5260
170412853	-1	5245	422729408	-1	5260
170412853	-1	5245	302472793	-1	5260
170412853	-1	5245	196092872	-1	5260
170412853	-1	5245	350010368	-1	5260
170412853	-1	5245	403252510	-1	5260
170412853	-1	5245	59017327	-1	5260
170412853	-1	5245	182429291	-1	5260
170412853	-1	5245	161259731	-1	5260
170412853	-1	5245	263016121	-1	5260
170412853	-1	5245	69411778	-1	5260
170412853	-1	5245	233870197	-1	5260
170412853	-1	5245	390283667	-1	5260
170412853	-1	5245	44584376	-1	5260
170412853	-1	5245	15432059	-1	5260
170412853	-1	5245	68197956	-1	5260
170412853	-1	5245	88293180	-1	5260
170412853	-1	5245	292051900	-1	5260
170412853	-1	5245	68122459	-1	5260
170412853	-1	5245	175665861	-1	5260
170412853	-1	5245	9460168	-1	5260
170412853	-1	5245	144886885	-1	5260
170412853	-1	5245	195982084	-1	5260
170412853	-1	5245	204591059	-1	5260
170412853	-1	5245	330222196	-1	5260
170412853	-1	5245	350283850	-1	5260
170412853	-1	5245	462870910	-1	5260
170412853	-1	5245	273977797	-1	5260
170412853	-1	5245	343012146	-1	5260
170412853	-1	5245	57104991	-1	5260
170412853	-1	5245	244361294	-1	5260
170412853	-1	5245	402077585	-1	5260
170412853	-1	5245	173212384	-1	5260
170412853	-1	5245	161112558	-1	5260
170412853	-1	5245	316038431	-1	5260
170412853	-1	5245	59225852	-1	5260
170412853	-1	5245	117202335	-1	5260
170412853	-1	5245	168287974	-1	5260
170412853	-1	5245	414885108	-1	5260
170412853	-1	5245	98981602	-1	5260
170412853	-1	5245	219403916	-1	5260
170412853	-1	5245	317924656	-1	5260
170412853	-1	5245	291631797	-1	5260
170412853	-1	5245	175299076	-1	5260
170412853	-1	5245	393406794	-1	5260
170412853	-1	5245	298818058	-1	5260
170412853	-1	5245	377459689	-1	5260
170412853	-1	5245	372371435	-1	5260
170412853	-1	5245	117338435	-1	5260
170412853	-1	5245	320796788	-1	5260
170412853	-1	5245	88474444	-1	5260
170412853	-1	5245	328009214	-1	5260
170412853	-1	5245	146564628	-1	5260
170412853	-1	5245	44584676	-1	5260
170412853	-1	5245	248166695	-1	5260
170412853	-1	5245	437322377	-1	5260
170412853	-1	5245	200950664	-1	5260
170412853	-1	5245	186179941	-1	5260
170412853	-1	5245	362573339	-1	5260
170412853	-1	5245	378990642	-1	5260
170412853	-1	5245	437098131	-1	5260
170412853	-1	5245	463367011	-1	5260
170412853	-1	5245	96946246	-1	5260
170412853	-1	5245	95764991	-1	5260
170412853	-1	5245	184500913	-1	5260
170412853	-1	5245	139312861	-1	5260
170412853	-1	5245	153548352	-1	5260
170412853	-1	5245	271671983	-1	5260
170412853	-1	5245	335427439	-1	5260
170412853	-1	5245	403010838	-1	5260
170412853	-1	5245	254927241	-1	5260
170412853	-1	5245	204456117	-1	5260
170412853	-1	5245	126716592	-1	5260
170412853	-1	5245	100451991	-1	5260
170412853	-1	5245	138286196	-1	5260
170412853	-1	5245	431653225	-1	5260
170412853	-1	5245	286573335	-1	5260
170412853	-1	5245	140872022	-1	5260
170412853	-1	5245	140794310	-1	5260
170412853	-1	5245	58983804	-1	5260
170412853	-1	5245	70998123	-1	5260
170412853	-1	5245	130345306	-1	5260
170412853	-1	5245	160834812	-1	5260
170412853	-1	5245	256653243	-1	5260
170412853	-1	5245	321143763	-1	5260
170412853	-1	5245	86986206	-1	5260
170412853	-1	5245	219021725	-1	5260
170412853	-1	5245	29931167	-1	5260
170412853	-1	5245	248486441	-1	5260
170412853	-1	5245	219403325	-1	5260
170412853	-1	5245	233617762	-1	5260
170412853	-1	5245	274770571	-1	5260
170412853	-1	5245	59148255	-1	5260
170412853	-1	5245	73783112	-1	5260
170412853	-1	5245	414768076	-1	5260
170412853	-1	5245	96639290	-1	5260
170412853	-1	5245	59296201	-1	5260
170412853	-1	5245	73788105	-1	5260
170412853	-1	5245	175629001	-1	5260
170412853	-1	5245	408365847	-1	5260
170412853	-1	5245	204354356	-1	5260
170412853	-1	5245	415908440	-1	5260
170412853	-1	5245	404429911	-1	5260
170412853	-1	5245	317747836	-1	5260
170412853	-1	5245	85058384	-1	5260
170412853	-1	5245	404353456	-1	5260
170412853	-1	5245	140989108	-1	5260
170412853	-1	5245	233920826	-1	5260
170412853	-1	5245	306436898	-1	5260
170412853	-1	5245	204759773	-1	5260
170412853	-1	5245	248254301	-1	5260
170412853	-1	5245	408349956	-1	5260
170412853	-1	5245	391494076	-1	5260
170412853	-1	5245	437047651	-1	5260
170412853	-1	5245	146289964	-1	5260
170412853	-1	5245	335288105	-1	5260
170412853	-1	5245	15498180	-1	5260
170412853	-1	5245	211912608	-1	5260
170412853	-1	5245	138916606	-1	5260
170412853	-1	5245	269159306	-1	5260
170412853	-1	5245	277376085	-1	5260
170412853	-1	5245	102656428	-1	5260
170412853	-1	5245	306147375	-1	5260
170412853	-1	5245	364677011	-1	5260
170412853	-1	5245	110045821	-1	5260
170412853	-1	5245	37521911	-1	5260
170412853	-1	5245	377727903	-1	5260
170412853	-1	5245	233532645	-1	5260
170412853	-1	5245	333484594	-1	5260
170412853	-1	5245	355980373	-1	5260
170412853	-1	5245	22296480	-1	5260
170412853	-1	5245	204753184	-1	5260
170412853	-1	5245	275736871	-1	5260
170412853	-1	5245	44459956	-1	5260
170412853	-1	5245	316200853	-1	5260
170412853	-1	5245	462857126	-1	5260
170412853	-1	5245	262649309	-1	5260
170412853	-1	5245	175502133	-1	5260
170412853	-1	5245	349903312	-1	5260
170412853	-1	5245	364440336	-1	5260
170412853	-1	5245	451679088	-1	5260
170412853	-1	5245	50950623	-1	5260
170412853	-1	5245	30232581	-1	5260
170412853	-1	5245	51409928	-1	5260
170412853	-1	5245	320924042	-1	5260
170412853	-1	5245	204497176	-1	5260
170412853	-1	5245	312287877	-1	5260
170412853	-1	5245	346242984	-1	5260
170412853	-1	5245	372448498	-1	5260
170412853	-1	5245	262692841	-1	5260
170412853	-1	5245	233708495	-1	5260
170412853	-1	5245	36572670	-1	5263
170412853	-1	5245	449629940	-1	5263
170412853	-1	5245	248137444	-1	5263
170412853	-1	5245	360230151	-1	5263
170412853	-1	5245	414390262	-1	5263
170412853	-1	5245	292051760	-1	5263
170412853	-1	5245	160883909	-1	5263
170412853	-1	5245	88111067	-1	5263
170412853	-1	5245	158893035	-1	5263
170412853	-1	5245	12349663	-1	5263
170412853	-1	5245	342082411	-1	5263
170412853	-1	5245	97146637	-1	5263
170412853	-1	5245	175666047	-1	5263
170412853	-1	5245	464791550	-1	5263
170412853	-1	5245	183933975	-1	5263
170412853	-1	5245	41826479	-1	5263
170412853	-1	5245	437377480	-1	5263
170412853	-1	5245	451983273	-1	5263
170412853	-1	5245	262979296	-1	5263
170412853	-1	5245	15755786	-1	5263
170412853	-1	5245	335576360	-1	5263
170412853	-1	5245	15417913	-1	5263
170412853	-1	5245	271384575	-1	5263
170412853	-1	5245	462481388	-1	5263
170412853	-1	5245	356009768	-1	5263
170412853	-1	5245	43018980	-1	5263
170412853	-1	5245	27864021	-1	5263
170412853	-1	5245	374199186	-1	5263
170412853	-1	5245	271456323	-1	5263
170412853	-1	5245	274474705	-1	5263
170412853	-1	5245	312602181	-1	5263
170412853	-1	5245	95688172	-1	5263
170412853	-1	5245	262638350	-1	5263
170412853	-1	5245	254234502	-1	5263
170412853	-1	5245	248368661	-1	5263
170412853	-1	5245	146532416	-1	5263
170412853	-1	5245	376319775	-1	5263
170412853	-1	5245	428771346	-1	5263
170412853	-1	5245	227049844	-1	5263
170412853	-1	5245	102928671	-1	5263
170412853	-1	5245	315421808	-1	5263
170412853	-1	5245	219125917	-1	5263
170412853	-1	5245	88327217	-1	5263
170412853	-1	5245	233800206	-1	5263
170412853	-1	5245	392209294	-1	5263
170412853	-1	5245	68854399	-1	5263
170412853	-1	5245	344437689	-1	5263
170412853	-1	5245	30075495	-1	5263
170412853	-1	5245	400993249	-1	5263
170412853	-1	5245	169406167	-1	5263
170412853	-1	5245	277521219	-1	5263
170412853	-1	5245	144632019	-1	5263
170412853	-1	5245	88349171	-1	5263
170412853	-1	5245	262629488	-1	5263
170412853	-1	5245	188256755	-1	5263
170412853	-1	5245	275509958	-1	5263
170412853	-1	5245	292062491	-1	5263
170412853	-1	5245	306514496	-1	5263
170412853	-1	5245	175425413	-1	5263
170412853	-1	5245	57250633	-1	5263
170412853	-1	5245	59371107	-1	5263
170412853	-1	5245	146401633	-1	5263
170412853	-1	5245	421320223	-1	5263
170412853	-1	5245	55815730	-1	5263
170412853	-1	5245	97802600	-1	5263
170412853	-1	5245	241227022	-1	5263
170412853	-1	5245	290195335	-1	5263
170412853	-1	5245	420587112	-1	5263
170412853	-1	5245	239995909	-1	5263
170412853	-1	5245	233472539	-1	5263
170412853	-1	5245	422708102	-1	5263
170412853	-1	5245	393476216	-1	5266
170412853	-1	5245	59183255	-1	5266
170412853	-1	5245	306585643	-1	5266
170412853	-1	5245	402987937	-1	5266
170412853	-1	5245	364767681	-1	5266
170412853	-1	5245	97822807	-1	5266
170412853	-1	5245	59186406	-1	5266
170412853	-1	5245	226483467	-1	5266
170412853	-1	5245	101388346	-1	5266
170412853	-1	5245	277439261	-1	5266
170412853	-1	5245	277116510	-1	5266
170412853	-1	5245	463609506	-1	5266
170412853	-1	5245	117437264	-1	5266
170412853	-1	5245	146570283	-1	5266
170412853	-1	5245	331075225	-1	5266
170412853	-1	5245	146577279	-1	5266
170412853	-1	5245	243801456	-1	5266
170412853	-1	5245	172431814	-1	5266
170412853	-1	5245	13577432	-1	5266
170412853	-1	5245	230177864	-1	5266
170412853	-1	5245	393594077	-1	5266
170412853	-1	5245	364583105	-1	5266
170412853	-1	5245	190238272	-1	5266
170412853	-1	5245	15654223	-1	5266
170412853	-1	5245	28042120	-1	5266
170412853	-1	5245	431860994	-1	5266
170412853	-1	5245	215012866	-1	5269
170412853	-1	5245	379172745	-1	5269
170412853	-1	5245	464048390	-1	5269
170412853	-1	5245	330266607	-1	5269
170412853	-1	5245	408112183	-1	5269
170412853	-1	5245	406089248	-1	5269
170412853	-1	5245	219385219	-1	5269
170412853	-1	5245	94274731	-1	5269
170412853	-1	5245	117594043	-1	5269
170412853	-1	5245	23404648	-1	5269
170412853	-1	5245	146534350	-1	5269
170412853	-1	5245	146638371	-1	5269
170412853	-1	5245	185033618	-1	5269
170412853	-1	5245	462240391	-1	5269
170412853	-1	5245	170404718	-1	5272
170412853	-1	5245	434815505	-1	5272
170412853	-1	5245	188318681	-1	5272
170412853	-1	5245	80135198	-1	5272
170412853	-1	5245	129035452	-1	5272
170412853	-1	5245	403922608	-1	5272
170412853	-1	5245	419221245	-1	5272
170412853	-1	5245	219367540	-1	5272
170412853	-1	5245	390712108	-1	5278
170412853	-1	5245	15823819	-1	5278
170412853	-1	5245	321196632	-1	5278
170412853	-1	5245	373041272	-1	5278
170412853	-1	5245	408393259	-1	5287
170412853	-1	5245	451986813	-1	5293
170412853	-1	5245	204490641	-1	5314
170412853	-1	5245	437129128	-1	5329
170412853	-1	5245	464576037	-1	5383
170412853	-1	5245	341811898	-1	5383
170412853	-1	5245	447209071	-1	5542
170412853	-1	5245	142297402	-1	5551
170412853	-1	5245	143473593	-1	5551
170412853	-1	5245	88552260	-1	5551
170412853	-1	5245	374443951	-1	5551
170412853	-1	5245	153645401	-1	5563
170412853	-1	5245	190271779	-1	5563
170412853	-1	5245	291944110	-1	5575
170412853	-1	5245	240180915	-1	5575
170412853	-1	5245	377568145	-1	5575
170412853	-1	5245	364459439	-1	5575
170412853	-1	5245	298221341	-1	5575
170412853	-1	5245	404754951	-1	5575
170412853	-1	5245	51169141	-1	5575
170412853	-1	5245	451558012	-1	5575
170412853	-1	5245	422683556	-1	5575
170412853	-1	5245	125793182	-1	5575
170412853	-1	5245	422629891	-1	5575
170412853	-1	5245	408141988	-1	5575
170412853	-1	5245	277488350	-1	5590
170412853	-1	5245	1160611	-1	5593
170412853	-1	5245	393922906	-1	5593
170412853	-1	5245	8511443	-1	5593
170412853	-1	5245	447087715	-1	5593
170412853	-1	5245	117531003	-1	5593
170412853	-1	5245	15778778	-1	5593
170412853	-1	5245	393649170	-1	5593
170412853	-1	5245	197689707	-1	5593
170412853	-1	5245	274699299	-1	5593
170412853	-1	5245	401271826	-1	5593
170412853	-1	5245	356672017	-1	5593
170412853	-1	5245	146204453	-1	5593
170412853	-1	5245	379258841	-1	5593
170412853	-1	5245	44861549	-1	5593
170412853	-1	5245	100327091	-1	5593
170412853	-1	5245	437190652	-1	5593
170412853	-1	5245	233965612	-1	5593
170412853	-1	5245	255670075	-1	5593
170412853	-1	5245	82319949	-1	5593
170412853	-1	5245	41181056	-1	5593
170412853	-1	5245	432548391	-1	5593
170412853	-1	5245	175352506	-1	5593
170412853	-1	5245	169077735	-1	5593
170412853	-1	5245	313208072	-1	5593
170412853	-1	5245	24227769	-1	5593
170412853	-1	5245	153457948	-1	5593
170412853	-1	5245	422931460	-1	5593
170412853	-1	5245	102962723	-1	5593
170412853	-1	5245	158157708	-1	5593
170412853	-1	5245	233642750	-1	5593
170412853	-1	5245	242499047	-1	5593
170412853	-1	5245	393757168	-1	5593
170412853	-1	5245	422583334	-1	5593
170412853	-1	5245	102925775	-1	5593
170412853	-1	5245	286199617	-1	5593
170412853	-1	5245	393552356	-1	5593
170412853	-1	5245	401235538	-1	5593
170412853	-1	5245	408452933	-1	5593
170412853	-1	5245	445816083	-1	5593
170412853	-1	5245	36284774	-1	5593
170412853	-1	5245	204787385	-1	5593
170412853	-1	5245	204807580	-1	5593
170412853	-1	5245	248432675	-1	5593
170412853	-1	5245	331810259	-1	5593
170412853	-1	5245	400594938	-1	5593
170412853	-1	5245	233670974	-1	5593
170412853	-1	5245	103004822	-1	5593
170412853	-1	5245	277171494	-1	5593
170412853	-1	5245	350211969	-1	5593
170412853	-1	5245	348337126	-1	5593
170412853	-1	5245	59380012	-1	5593
170412853	-1	5245	301500013	-1	5593
170412853	-1	5245	289792373	-1	5593
170412853	-1	5245	422603632	-1	5593
170412853	-1	5245	129930992	-1	5593
170412853	-1	5245	408146973	-1	5593
170412853	-1	5245	44584933	-1	5593
170412853	-1	5245	55969692	-1	5593
170412853	-1	5245	306227533	-1	5593
170412853	-1	5245	142004810	-1	5593
170412853	-1	5245	39987789	-1	5593
170412853	-1	5245	303522424	-1	5593
170412853	-1	5245	272591282	-1	5593
170412853	-1	5245	44586872	-1	5593
170412853	-1	5245	13948317	-1	5593
170412853	-1	5245	304938587	-1	5593
170412853	-1	5245	109776761	-1	5593
170412853	-1	5245	451732382	-1	5593
170412853	-1	5245	117334533	-1	5593
170412853	-1	5245	306353035	-1	5593
170412853	-1	5245	15465555	-1	5593
170412853	-1	5245	161254919	-1	5599
170412853	-1	5245	130357751	-1	5608
170412853	-1	5245	43170355	-1	5887
170412853	-1	5245	277509234	-1	5887
170412853	-1	5245	422630895	-1	5890
170412853	-1	5245	73910280	-1	5908
364650788	-1	9054	364650788	-1	9054
364650788	-1	9054	73999805	-1	9057
306600350	-1	9065	306600350	-1	9065
306600350	-1	9065	59199745	-1	9083
364650788	-1	9054	146284702	-1	9090
364650788	-1	9054	233365360	-1	9195
364650788	-1	9054	320614262	-1	9195
364650788	-1	9054	409177524	-1	9225
364650788	-1	9054	451796370	-1	9588
364650788	-1	9054	146551644	-1	9588
364650788	-1	9054	146619946	-1	9588
146674072	-1	11241	248007895	-1	11226
146674072	-1	11241	117446454	-1	11226
146674072	-1	11241	131803218	-1	11232
146674072	-1	11241	146531316	-1	11238
146674072	-1	11241	379195292	-1	11238
146674072	-1	11241	248322679	-1	11238
146674072	-1	11241	175612771	-1	11238
146674072	-1	11241	379195607	-1	11238
146674072	-1	11241	44738171	-1	11238
146674072	-1	11241	15656313	-1	11238
146674072	-1	11241	44741218	-1	11238
146674072	-1	11241	59279804	-1	11238
146674072	-1	11241	102906130	-1	11238
146674072	-1	11241	117446988	-1	11238
146674072	-1	11241	131990762	-1	11238
146674072	-1	11241	146529411	-1	11238
146674072	-1	11241	175613638	-1	11238
146674072	-1	11241	175615188	-1	11238
146674072	-1	11241	190154141	-1	11238
146674072	-1	11241	204697358	-1	11238
146674072	-1	11241	233780803	-1	11238
146674072	-1	11241	248320355	-1	11238
146674072	-1	11241	335571767	-1	11238
146674072	-1	11241	335572416	-1	11238
146674072	-1	11241	379195194	-1	11238
146674072	-1	11241	408278266	-1	11238
146674072	-1	11241	422820906	-1	11238
146674072	-1	11241	437362600	-1	11238
146674072	-1	11241	451903035	-1	11238
146674072	-1	11241	204697247	-1	11238
146674072	-1	11241	219239918	-1	11238
146674072	-1	11241	277404485	-1	11238
146674072	-1	11241	291945120	-1	11238
146674072	-1	11241	437361319	-1	11238
146674072	-1	11241	30197461	-1	11238
146674072	-1	11241	59281942	-1	11238
146674072	-1	11241	146530276	-1	11238
146674072	-1	11241	175613258	-1	11238
146674072	-1	11241	190155406	-1	11238
146674072	-1	11241	233781425	-1	11238
146674072	-1	11241	262864470	-1	11238
146674072	-1	11241	291946863	-1	11238
146674072	-1	11241	408278263	-1	11238
146674072	-1	11241	437362992	-1	11238
146674072	-1	11241	451903650	-1	11238
146674072	-1	11241	1115619	-1	11238
146674072	-1	11241	30196886	-1	11238
146674072	-1	11241	44740246	-1	11238
146674072	-1	11241	59281224	-1	11238
146674072	-1	11241	73823966	-1	11238
146674072	-1	11241	146531622	-1	11238
146674072	-1	11241	277405282	-1	11238
146674072	-1	11241	306486787	-1	11238
146674072	-1	11241	321028885	-1	11238
146674072	-1	11241	393736399	-1	11238
146674072	-1	11241	204697382	-1	11238
146674072	-1	11241	219237909	-1	11238
146674072	-1	11241	262862856	-1	11238
146674072	-1	11241	291945230	-1	11238
146674072	-1	11241	321029148	-1	11238
146674072	-1	11241	451904175	-1	11238
146674072	-1	11241	1115165	-1	11238
146674072	-1	11241	262864932	-1	11238
146674072	-1	11241	393736544	-1	11238
146674072	-1	11241	30157731	-1	11238
146674072	-1	11241	88362996	-1	11238
146674072	-1	11241	102565476	-1	11238
146674072	-1	11241	335571191	-1	11238
146674072	-1	11241	88196343	-1	11238
146674072	-1	11241	131987548	-1	11238
146674072	-1	11241	146674072	-1	11241
146674072	-1	11241	15327775	-1	11241
146674072	-1	11241	204840957	-1	11241
146674072	-1	11241	262862189	-1	11244
146674072	-1	11241	219358130	-1	11250
433380188	-1	32351	433380188	-1	32351
433380188	-1	32351	376619304	-1	32351
433380188	-1	32351	292099094	-1	32351
433380188	-1	32351	302703215	-1	32351
433380188	-1	32351	245905662	-1	32351
433380188	-1	32351	24510959	-1	32351
433380188	-1	32351	173085900	-1	32351
433380188	-1	32351	156059460	-1	32351
433380188	-1	32351	318812698	-1	32351
433380188	-1	32351	285801203	-1	32351
433380188	-1	32351	320686741	-1	32351
433380188	-1	32351	306634415	-1	32351
433380188	-1	32351	116153656	-1	32351
433380188	-1	32351	263008734	-1	32351
433380188	-1	32351	109146403	-1	32351
433380188	-1	32351	332394860	-1	32351
433380188	-1	32351	358675112	-1	32351
433380188	-1	32351	28428954	-1	32351
433380188	-1	32351	82986287	-1	32351
433380188	-1	32351	126689208	-1	32351
433380188	-1	32351	15564838	-1	32351
433380188	-1	32351	346433239	-1	32351
433380188	-1	32351	29961300	-1	32351
433380188	-1	32351	462590814	-1	32351
433380188	-1	32351	228706511	-1	32351
433380188	-1	32351	393500591	-1	32351
433380188	-1	32351	331866720	-1	32351
433380188	-1	32351	362429517	-1	32351
433380188	-1	32351	349987885	-1	32351
433380188	-1	32351	228020019	-1	32351
433380188	-1	32351	132049609	-1	32351
433380188	-1	32351	393924938	-1	32351
433380188	-1	32351	68981823	-1	32351
433380188	-1	32351	262903326	-1	32351
433380188	-1	32351	451686449	-1	32351
433380188	-1	32351	39616391	-1	32351
433380188	-1	32351	71518777	-1	32351
433380188	-1	32351	59192568	-1	32351
433380188	-1	32351	270542269	-1	32351
433380188	-1	32351	408150553	-1	32351
433380188	-1	32351	400271771	-1	32351
433380188	-1	32351	393665855	-1	32351
433380188	-1	32351	271645586	-1	32351
433380188	-1	32351	379255391	-1	32351
433380188	-1	32351	88332871	-1	32351
433380188	-1	32351	422729445	-1	32351
433380188	-1	32351	462557357	-1	32351
433380188	-1	32351	30362584	-1	32351
433380188	-1	32351	287597883	-1	32351
433380188	-1	32351	291854810	-1	32351
433380188	-1	32351	416704676	-1	32351
433380188	-1	32351	190023048	-1	32351
433380188	-1	32351	190023421	-1	32351
433380188	-1	32351	451770899	-1	32351
433380188	-1	32351	406691954	-1	32351
433380188	-1	32351	111232713	-1	32351
433380188	-1	32351	88423960	-1	32351
433380188	-1	32351	117486785	-1	32351
433380188	-1	32351	51993328	-1	32351
433380188	-1	32351	70308789	-1	32351
433380188	-1	32351	246015561	-1	32351
433380188	-1	32351	130426328	-1	32351
433380188	-1	32351	51958402	-1	32351
433380188	-1	32351	248086174	-1	32351
433380188	-1	32351	219129272	-1	32351
433380188	-1	32351	350301009	-1	32351
433380188	-1	32351	306675735	-1	32351
433380188	-1	32351	374869337	-1	32351
433380188	-1	32351	379090002	-1	32351
433380188	-1	32351	168762260	-1	32351
433380188	-1	32351	277349598	-1	32351
433380188	-1	32351	117561073	-1	32351
433380188	-1	32351	161185561	-1	32351
433380188	-1	32351	452071270	-1	32351
433380188	-1	32351	59389132	-1	32351
433380188	-1	32351	254436857	-1	32351
433380188	-1	32351	270323623	-1	32351
433380188	-1	32351	437366746	-1	32351
433380188	-1	32351	175727329	-1	32351
433380188	-1	32351	190245651	-1	32351
433380188	-1	32351	960085	-1	32351
433380188	-1	32351	364822048	-1	32351
433380188	-1	32351	320923889	-1	32351
433380188	-1	32351	421259972	-1	32351
433380188	-1	32351	132141703	-1	32351
433380188	-1	32351	364495680	-1	32351
433380188	-1	32351	103093670	-1	32351
433380188	-1	32351	131692180	-1	32351
433380188	-1	32351	320931757	-1	32351
433380188	-1	32351	123504740	-1	32351
433380188	-1	32351	291722202	-1	32351
433380188	-1	32351	388008614	-1	32351
433380188	-1	32351	304755841	-1	32351
433380188	-1	32351	131879660	-1	32351
433380188	-1	32351	226295287	-1	32351
433380188	-1	32351	335631387	-1	32351
433380188	-1	32351	160774342	-1	32351
433380188	-1	32351	131783361	-1	32351
433380188	-1	32351	53278044	-1	32351
433380188	-1	32351	187827776	-1	32351
433380188	-1	32351	408330458	-1	32351
433380188	-1	32351	55632949	-1	32351
433380188	-1	32351	88178980	-1	32351
433380188	-1	32351	408414832	-1	32351
433380188	-1	32351	189838918	-1	32351
433380188	-1	32351	109384591	-1	32351
433380188	-1	32351	41525203	-1	32351
433380188	-1	32351	167359591	-1	32351
433380188	-1	32351	166940127	-1	32351
433380188	-1	32351	298894237	-1	32351
433380188	-1	32351	189858068	-1	32351
433380188	-1	32351	129766718	-1	32351
433380188	-1	32351	271269003	-1	32351
433380188	-1	32351	101161748	-1	32351
433380188	-1	32351	299263110	-1	32351
433380188	-1	32351	374415352	-1	32351
433380188	-1	32351	335758749	-1	32351
433380188	-1	32351	291601097	-1	32351
433380188	-1	32351	332928379	-1	32351
433380188	-1	32351	242188231	-1	32351
433380188	-1	32351	316038466	-1	32351
433380188	-1	32351	408280904	-1	32351
433380188	-1	32351	26737578	-1	32351
433380188	-1	32351	850266	-1	32351
433380188	-1	32351	15498254	-1	32351
433380188	-1	32351	188108781	-1	32351
433380188	-1	32351	422687961	-1	32351
433380188	-1	32351	173265782	-1	32351
433380188	-1	32351	218926791	-1	32351
433380188	-1	32351	8893838	-1	32351
433380188	-1	32351	30351393	-1	32351
433380188	-1	32351	70323423	-1	32351
433380188	-1	32351	70413756	-1	32351
433380188	-1	32351	124733213	-1	32351
433380188	-1	32351	42432510	-1	32351
433380188	-1	32351	262897648	-1	32351
433380188	-1	32351	400782749	-1	32351
433380188	-1	32351	233479150	-1	32351
433380188	-1	32351	451963020	-1	32351
433380188	-1	32351	256196127	-1	32351
433380188	-1	32351	189843036	-1	32351
433380188	-1	32351	401411631	-1	32351
433380188	-1	32351	175701082	-1	32351
433380188	-1	32351	54615302	-1	32351
433380188	-1	32351	212546371	-1	32351
433380188	-1	32351	245174505	-1	32351
433380188	-1	32351	444396683	-1	32351
433380188	-1	32351	341324432	-1	32351
433380188	-1	32351	13643940	-1	32351
433380188	-1	32351	201511111	-1	32351
433380188	-1	32351	203062149	-1	32351
433380188	-1	32351	373764241	-1	32351
433380188	-1	32351	277124983	-1	32351
433380188	-1	32351	344062109	-1	32351
433380188	-1	32351	59314990	-1	32351
433380188	-1	32351	451937921	-1	32351
433380188	-1	32351	204730883	-1	32351
433380188	-1	32351	1148728	-1	32351
433380188	-1	32351	306522481	-1	32351
433380188	-1	32351	204730949	-1	32351
433380188	-1	32351	117482085	-1	32351
433380188	-1	32351	146564822	-1	32351
433380188	-1	32351	437396290	-1	32351
433380188	-1	32351	379229855	-1	32351
433380188	-1	32351	302693724	-1	32351
433380188	-1	32351	186145441	-1	32351
433380188	-1	32351	190242763	-1	32351
433380188	-1	32351	146400973	-1	32351
433380188	-1	32351	248190385	-1	32351
433380188	-1	32351	81934859	-1	32351
433380188	-1	32351	117316807	-1	32351
433380188	-1	32351	408149728	-1	32351
433380188	-1	32351	212776285	-1	32351
433380188	-1	32351	393508419	-1	32351
433380188	-1	32351	408279541	-1	32351
433380188	-1	32351	272471374	-1	32351
433380188	-1	32351	277173451	-1	32351
433380188	-1	32351	248307249	-1	32351
433380188	-1	32351	44853548	-1	32381
433380188	-1	32351	56922180	-1	32642
433380188	-1	32351	350206675	-1	32642
433380188	-1	32351	128576008	-1	32672
433380188	-1	32351	68834457	-1	32672
433380188	-1	32351	214957097	-1	32672
433380188	-1	32351	42090989	-1	32672
433380188	-1	32351	67056233	-1	32672
433380188	-1	32351	97435286	-1	32672
433380188	-1	32351	277313649	-1	32672
433380188	-1	32351	12398443	-1	32672
433380188	-1	32351	393605127	-1	32672
433380188	-1	32351	99515832	-1	32672
433380188	-1	32351	242120814	-1	32672
433380188	-1	32351	389935491	-1	32672
433380188	-1	32351	59368909	-1	32672
433380188	-1	32351	248444022	-1	32672
433380188	-1	32351	146683824	-1	32672
433380188	-1	32351	262751541	-1	32672
433380188	-1	32351	102715077	-1	32672
433380188	-1	32351	204711896	-1	32672
433380188	-1	32351	360946966	-1	32672
433380188	-1	32351	285474460	-1	32672
433380188	-1	32351	390143739	-1	32672
433380188	-1	32351	175316523	-1	32672
433380188	-1	32351	88099726	-1	32672
433380188	-1	32351	152236727	-1	32672
433380188	-1	32351	275277594	-1	32672
433380188	-1	32351	98546851	-1	32672
433380188	-1	32351	59451959	-1	32672
433380188	-1	32351	160960419	-1	32672
433380188	-1	32351	433343361	-1	32672
433380188	-1	32351	291840921	-1	32672
433380188	-1	32351	131897651	-1	32672
433380188	-1	32351	140152991	-1	32672
433380188	-1	32351	408121269	-1	32672
433380188	-1	32351	450635373	-1	32672
433380188	-1	32351	113948168	-1	32672
433380188	-1	32351	321081235	-1	32672
433380188	-1	32351	241850489	-1	32672
433380188	-1	32351	335556061	-1	32672
433380188	-1	32351	393925430	-1	32672
433380188	-1	32351	292051914	-1	32672
433380188	-1	32351	229114950	-1	32672
433380188	-1	32351	408144031	-1	32672
433380188	-1	32351	145416887	-1	32672
433380188	-1	32351	161236886	-1	32672
433380188	-1	32351	175774130	-1	32672
433380188	-1	32351	190189915	-1	32672
433380188	-1	32351	10049088	-1	32672
433380188	-1	32351	211914603	-1	32672
433380188	-1	32351	247991333	-1	32672
433380188	-1	32351	335480266	-1	32672
433380188	-1	32351	27384408	-1	32672
433380188	-1	32351	422509027	-1	32672
433380188	-1	32351	98639876	-1	32672
433380188	-1	32351	450382260	-1	32672
433380188	-1	32351	233945352	-1	32672
433380188	-1	32351	170501173	-1	32672
433380188	-1	32351	335326200	-1	32672
433380188	-1	32351	446749754	-1	32672
433380188	-1	32351	299532250	-1	32672
433380188	-1	32351	405595535	-1	32672
433380188	-1	32351	204731300	-1	32672
433380188	-1	32351	403229524	-1	32672
433380188	-1	32351	57917325	-1	32672
433380188	-1	32351	263030288	-1	32672
433380188	-1	32351	444131250	-1	32672
433380188	-1	32351	437360269	-1	32672
433380188	-1	32351	132111892	-1	32672
433380188	-1	32351	51712355	-1	32672
433380188	-1	32351	74010419	-1	32672
433380188	-1	32351	88477825	-1	32672
433380188	-1	32351	347964176	-1	32672
433380188	-1	32351	15419561	-1	32672
433380188	-1	32351	27750687	-1	32672
433380188	-1	32351	88138813	-1	32672
433380188	-1	32351	422665573	-1	32672
433380188	-1	32351	161106470	-1	32672
433380188	-1	32351	138495834	-1	32672
433380188	-1	32351	161106575	-1	32672
433380188	-1	32351	393772152	-1	32672
433380188	-1	32351	1148837	-1	32672
433380188	-1	32351	30231883	-1	32672
433380188	-1	32351	379230220	-1	32672
433380188	-1	32351	451937925	-1	32672
433380188	-1	32351	190190000	-1	32672
433380188	-1	32351	262897485	-1	32672
433380188	-1	32351	59315355	-1	32672
433380188	-1	32351	146564495	-1	32672
433380188	-1	32351	30232343	-1	32672
433380188	-1	32351	262897142	-1	32672
433380188	-1	32351	277438817	-1	32672
433380188	-1	32351	422854632	-1	32672
433380188	-1	32351	291980762	-1	32672
433380188	-1	32351	1148903	-1	32672
433380188	-1	32351	24495896	-1	32672
433380188	-1	32351	332426803	-1	32672
433380188	-1	32351	28129876	-1	32672
433380188	-1	32351	451955700	-1	32672
433380188	-1	32351	85366453	-1	32672
433380188	-1	32351	73856792	-1	32672
433380188	-1	32351	154081017	-1	32672
433380188	-1	32351	319442513	-1	32672
433380188	-1	32351	117618539	-1	32672
433380188	-1	32351	243262700	-1	32672
433380188	-1	32351	364711049	-1	32672
433380188	-1	32351	451938012	-1	32675
433380188	-1	32351	364371809	-1	32696
433380188	-1	32351	417651001	-1	32738
433380188	-1	32351	364643874	-1	32741
433380188	-1	32351	233669305	-1	32792
433380188	-1	32351	70121046	-1	32792
433380188	-1	32351	459292157	-1	32831
433380188	-1	32351	117349403	-1	32915
433380188	-1	32351	15801915	-1	33487
433380188	-1	32351	335240869	-1	33487
433380188	-1	32351	393797348	-1	33487
433380188	-1	32351	232564084	-1	33487
433380188	-1	32351	320794148	-1	33487
433380188	-1	32351	175316019	-1	33487
433380188	-1	32351	422880224	-1	33487
433380188	-1	32351	215369085	-1	33487
433380188	-1	32351	302469990	-1	33487
433380188	-1	32351	306282223	-1	33487
433380188	-1	32351	201132130	-1	33487
433380188	-1	32351	184240125	-1	33490
433380188	-1	32351	418773446	-1	33490
433380188	-1	32351	361593518	-1	33490
433380188	-1	32351	437422104	-1	33490
433380188	-1	32351	152683791	-1	33490
433380188	-1	32351	82680890	-1	33490
433380188	-1	32351	161132261	-1	33496
433380188	-1	32351	216456782	-1	33496
433380188	-1	32351	15695779	-1	33496
433380188	-1	32351	172369426	-1	33496
433380188	-1	32351	262903012	-1	33496
433380188	-1	32351	443221827	-1	33496
433380188	-1	32351	73883121	-1	33496
433380188	-1	32351	335382158	-1	33864
433380188	-1	32351	320839949	-1	33864
433380188	-1	32351	422490767	-1	33867
433380188	-1	32351	219032567	-1	33867
433380188	-1	32351	417197911	-1	33867
433380188	-1	32351	356447499	-1	34124
433380188	-1	32351	335459406	-1	34124
433380188	-1	32351	44409331	-1	34124
433380188	-1	32351	190115857	-1	34124
433380188	-1	32351	378990303	-1	34124
433380188	-1	32351	131986752	-1	34124
433380188	-1	32351	123992903	-1	34124
433380188	-1	32351	174034546	-1	34124
433380188	-1	32351	306282164	-1	34124
433380188	-1	32351	270561981	-1	34130
433380188	-1	32351	292075549	-1	34640
433380188	-1	32351	239914965	-1	34655
433380188	-1	32351	378867279	-1	34655
433380188	-1	32351	15451783	-1	34655
433380188	-1	32351	73621979	-1	34655
433380188	-1	32351	15777137	-1	34658
433380188	-1	32351	190154799	-1	34658
433380188	-1	32351	204795130	-1	34763
433380188	-1	32351	291757331	-1	34850
 