419941384	1	2193	419941384	1	2193
419941384	1	2193	334049347	1	2193
419941384	1	2193	117232168	1	2937
348401258	1	10664	175278865	1	10658
348401258	1	10664	291610786	1	10658
348401258	1	10664	11142989	1	10661
348401258	1	10664	348401258	1	10664
348401258	1	10664	29888288	1	10664
348401258	1	10664	262972250	1	10670
348401258	1	10664	334434260	1	10670
348401258	1	10664	71928502	1	10670
348401258	1	10664	379019166	1	10679
348401258	1	10664	175434039	1	10679
348401258	1	10664	408098921	1	10679
348401258	1	10664	15507209	1	10679
348401258	1	10664	219088640	1	10679
348401258	1	10664	233629234	1	10679
348401258	1	10664	349931787	1	10679
348401258	1	10664	422639498	1	10679
348401258	1	10664	277224510	1	10679
348401258	1	10664	393555098	1	10679
348401258	1	10664	58971231	1	10679
348401258	1	10664	15319926	1	10679
348401258	1	10664	349929808	1	10679
348401258	1	10664	379045948	1	10679
348401258	1	10664	335421677	1	10682
348401258	1	10664	407988056	1	10682
348401258	1	10664	393448084	1	10691
348401258	1	10664	1230026	1	10691
348401258	1	10664	29861965	1	10691
348401258	1	10664	83204429	1	10691
348401258	1	10664	117239531	1	10691
348401258	1	10664	314762870	1	10691
348401258	1	10664	402242536	1	10691
348401258	1	10664	329722987	1	10691
348401258	1	10664	320735390	1	10691
348401258	1	10664	364361421	1	10691
348401258	1	10664	160817377	1	10691
348401258	1	10664	422677053	1	10691
348401258	1	10664	227894257	1	10691
348401258	1	10664	335312788	1	10691
348401258	1	10664	154800594	1	10691
348401258	1	10664	335013109	1	10691
348401258	1	10664	190280213	1	10691
348401258	1	10664	73520879	1	10691
348401258	1	10664	248170537	1	10694
348401258	1	10664	823854	1	10703
348401258	1	10664	44453882	1	10706
348401258	1	10664	218891089	1	10706
348401258	1	10664	277117313	1	10706
348401258	1	10664	335246064	1	10706
348401258	1	10664	379052886	1	10706
348401258	1	10664	306279768	1	10709
348401258	1	10664	350238136	1	10712
348401258	1	10664	146658541	1	10712
348401258	1	10664	378893520	1	10712
348401258	1	10664	189846311	1	10721
348401258	1	10664	131678806	1	10721
348401258	1	10664	372666863	1	10721
348401258	1	10664	262714397	1	10721
348401258	1	10664	291796171	1	10721
348401258	1	10664	364503751	1	10721
348401258	1	10664	936173	1	10721
348401258	1	10664	146475064	1	10721
348401258	1	10664	233720697	1	10721
348401258	1	10664	175321551	1	10721
348401258	1	10664	364359102	1	10721
348401258	1	10664	1058543	1	10721
348401258	1	10664	393678316	1	10721
348401258	1	10664	408223282	1	10721
348401258	1	10664	277519781	1	10721
348401258	1	10664	146380813	1	10721
348401258	1	10664	262713710	1	10721
348401258	1	10664	277254193	1	10721
348401258	1	10664	30350091	1	10721
348401258	1	10664	117127374	1	10721
348401258	1	10664	218915505	1	10721
348401258	1	10664	233638127	1	10721
348401258	1	10664	233722451	1	10721
348401258	1	10664	364359189	1	10721
348401258	1	10664	378903374	1	10721
348401258	1	10664	306615500	1	10721
348401258	1	10664	219363081	1	10721
348401258	1	10664	320864104	1	10721
348401258	1	10664	350050510	1	10721
348401258	1	10664	44678741	1	10721
348401258	1	10664	15598130	1	10721
348401258	1	10664	204639154	1	10721
348401258	1	10664	306229933	1	10721
348401258	1	10664	349818720	1	10721
348401258	1	10664	335277739	1	10727
348401258	1	10664	117457407	1	10727
348401258	1	10664	218915218	1	10727
348401258	1	10664	233571354	1	10727
348401258	1	10664	161014675	1	10727
348401258	1	10664	277224137	1	10736
348401258	1	10664	408218033	1	10745
348401258	1	10664	30049550	1	10754
348401258	1	10664	248172776	1	10754
348401258	1	10664	292094855	1	10754
348401258	1	10664	175056165	1	10754
348401258	1	10664	306194974	1	10754
348401258	1	10664	219974565	1	10760
348401258	1	10664	234444441	1	10760
348401258	1	10664	437304403	1	10766
348401258	1	10664	74788039	1	10802
348401258	1	10664	320846707	1	10805
348401258	1	10664	393589421	1	10805
348401258	1	10664	117136877	1	10805
348401258	1	10664	146352790	1	10805
348401258	1	10664	175358146	1	10805
348401258	1	10664	364592446	1	10805
348401258	1	10664	88302892	1	10805
348401258	1	10664	146472641	1	10817
348401258	1	10664	131839113	1	10835
348401258	1	10664	15766299	1	10880
348401258	1	10664	277412077	1	10880
348401258	1	10664	407980946	1	10937
437324407	1	11030	30138089	1	10973
437324407	1	11030	364360295	1	10973
437324407	1	11030	422762332	1	10973
437324407	1	11030	420705775	1	10982
437324407	1	11030	184926251	1	10982
437324407	1	11030	321386798	1	11000
437324407	1	11030	234642497	1	11000
437324407	1	11030	131652741	1	11018
437324407	1	11030	306194957	1	11021
437324407	1	11030	437324407	1	11030
437324407	1	11030	131639499	1	11030
437324407	1	11030	320969035	1	11033
437324407	1	11030	379311058	1	11036
437324407	1	11030	117562091	1	11036
437324407	1	11030	329782281	1	11036
437324407	1	11030	175330631	1	11036
437324407	1	11030	422680277	1	11036
437324407	1	11030	437487410	1	11036
437324407	1	11030	248919070	1	11042
437324407	1	11030	335389778	1	11042
437324407	1	11030	335419798	1	11045
437324407	1	11030	291798260	1	11090
160857451	1	11516	403616787	1	11516
160857451	1	11516	145972856	1	11516
160857451	1	11516	160473701	1	11516
160857451	1	11516	276851491	1	11516
160857451	1	11516	400363080	1	11516
160857451	1	11516	451479443	1	11516
160857451	1	11516	110991163	1	11516
160857451	1	11516	145646170	1	11516
160857451	1	11516	199417585	1	11516
160857451	1	11516	233033128	1	11516
160857451	1	11516	204131413	1	11516
160857451	1	11516	160857451	1	11516
160857451	1	11516	335402870	1	11516
160857451	1	11516	704314	1	11516
160857451	1	11516	291180144	1	11516
160857451	1	11516	29400140	1	11516
160857451	1	11516	160446811	1	11516
160857451	1	11516	87681829	1	11516
160857451	1	11516	291321523	1	11516
160857451	1	11516	436769733	1	11516
160857451	1	11516	73339029	1	11516
160857451	1	11516	334694323	1	11516
160857451	1	11516	29779517	1	11516
160857451	1	11516	15229754	1	11516
160857451	1	11516	349251199	1	11516
160857451	1	11516	378578772	1	11516
160857451	1	11516	73145220	1	11516
160857451	1	11516	15286918	1	11516
160857451	1	11516	117085459	1	11516
160857451	1	11516	233012194	1	11516
160857451	1	11516	183124229	1	11516
160857451	1	11516	301576561	1	11516
160857451	1	11516	102472171	1	11516
160857451	1	11516	393380609	1	11516
160857451	1	11516	116624233	1	11516
160857451	1	11516	334986280	1	11516
160857451	1	11516	349557821	1	11516
160857451	1	11516	87638501	1	11516
160857451	1	11516	145874576	1	11516
160857451	1	11516	233131961	1	11516
160857451	1	11516	349389368	1	11516
160857451	1	11516	87513701	1	11516
160857451	1	11516	436494713	1	11516
160857451	1	11516	58475746	1	11516
160857451	1	11516	73229281	1	11516
160857451	1	11516	363988550	1	11516
160857451	1	11516	174839058	1	11516
160857451	1	11516	334879219	1	11516
160857451	1	11516	230312778	1	11522
160857451	1	11516	378354847	1	11522
160857451	1	11516	73888654	1	11522
160857451	1	11516	306552061	1	11522
160857451	1	11516	73300008	1	11522
160857451	1	11516	262469357	1	11522
160857451	1	11516	111946547	1	11522
160857451	1	11516	102493970	1	11522
160857451	1	11516	202802534	1	11522
160857451	1	11516	632009	1	11522
160857451	1	11516	12935278	1	11522
160857451	1	11516	40688919	1	11522
160857451	1	11516	65271731	1	11522
160857451	1	11516	256598776	1	11522
160857451	1	11516	297784725	1	11522
160857451	1	11516	58576389	1	11522
160857451	1	11516	218331057	1	11522
160857451	1	11516	320118937	1	11522
160857451	1	11516	320489279	1	11522
160857451	1	11516	306048265	1	11522
160857451	1	11516	334839321	1	11522
160857451	1	11516	145660679	1	11522
160857451	1	11516	305871205	1	11522
160857451	1	11516	407551167	1	11522
160857451	1	11516	203866226	1	11522
160857451	1	11516	364114483	1	11522
160857451	1	11516	291332362	1	11522
160857451	1	11516	407510295	1	11522
160857451	1	11516	29702306	1	11522
160857451	1	11516	171449091	1	11522
160857451	1	11516	345985433	1	11522
160857451	1	11516	232912095	1	11522
160857451	1	11516	160604432	1	11522
160857451	1	11516	189471204	1	11522
160857451	1	11516	407597886	1	11522
160857451	1	11516	391067788	1	11522
160857451	1	11516	362382482	1	11522
160857451	1	11516	203966184	1	11522
160857451	1	11516	233334472	1	11522
160857451	1	11516	436832028	1	11522
160857451	1	11516	204154750	1	11522
160857451	1	11516	457876	1	11522
160857451	1	11516	451492189	1	11522
160857451	1	11516	262281244	1	11522
160857451	1	11516	234171	1	11522
160857451	1	11516	349708029	1	11522
160857451	1	11516	262098310	1	11522
160857451	1	11516	407844335	1	11522
160857451	1	11516	305930434	1	11522
160857451	1	11516	422501	1	11522
160857451	1	11516	58505298	1	11522
160857451	1	11516	175251528	1	11522
160857451	1	11516	334812940	1	11522
160857451	1	11516	218852919	1	11522
160857451	1	11516	233160664	1	11522
160857451	1	11516	174832030	1	11522
160857451	1	11516	451378275	1	11522
160857451	1	11516	364033396	1	11522
160857451	1	11516	43839754	1	11522
160857451	1	11516	73920739	1	11680
160857451	1	11516	436701488	1	11680
160857451	1	11516	349802150	1	11680
160857451	1	11516	232881884	1	11680
160857451	1	11516	370354440	1	11680
160857451	1	11516	430443642	1	11680
160857451	1	11516	29868534	1	11680
160857451	1	11516	103004081	1	11680
160857451	1	11516	103004395	1	11680
160857451	1	11516	161170339	1	11680
160857451	1	11516	393835447	1	11680
160857451	1	11516	393835740	1	11680
160857451	1	11516	393835834	1	11680
160857451	1	11516	161170233	1	11680
160857451	1	11516	233878324	1	11680
160857451	1	11516	73461784	1	11680
160857451	1	11516	422184405	1	11680
160857451	1	11516	391650812	1	11683
160857451	1	11516	218894779	1	11683
160857451	1	11516	306144789	1	11683
160857451	1	11516	145712688	1	11683
160857451	1	11516	73685808	1	11683
160857451	1	11516	190019102	1	11683
160857451	1	11516	408143015	1	11683
160857451	1	11516	59144215	1	11683
160857451	1	11516	335435755	1	11683
160857451	1	11516	978094	1	11683
160857451	1	11516	350022308	1	11683
160857451	1	11516	364439326	1	11698
160857451	1	11516	407602232	1	11704
160857451	1	11516	174724159	1	11704
160857451	1	11516	189307308	1	11704
160857451	1	11516	131428678	1	11704
160857451	1	11516	306066891	1	11704
160857451	1	11516	379376633	1	11707
160857451	1	11516	160693978	1	11707
160857451	1	11516	222085	1	11707
160857451	1	11516	392849055	1	11707
160857451	1	11516	436915333	1	11707
160857451	1	11516	254900121	1	11707
160857451	1	11516	501168	1	11707
160857451	1	11516	305626437	1	11707
160857451	1	11516	451248408	1	11707
160857451	1	11516	28901769	1	11707
160857451	1	11516	330936163	1	11707
160857451	1	11516	96411637	1	11707
160857451	1	11516	364049670	1	11707
160857451	1	11516	291298428	1	11707
160857451	1	11516	37101944	1	11707
160857451	1	11516	400960745	1	11707
160857451	1	11516	305658652	1	11707
160857451	1	11516	131082726	1	11707
160857451	1	11516	276551495	1	11707
160857451	1	11516	437543565	1	11707
160857451	1	11516	451055598	1	11707
160857451	1	11516	233408329	1	11707
160857451	1	11516	407412540	1	11707
160857451	1	11516	257781383	1	11707
160857451	1	11516	84530030	1	11707
160857451	1	11516	276824222	1	11707
160857451	1	11516	283356773	1	11707
160857451	1	11516	416060452	1	11707
160857451	1	11516	218760896	1	11707
160857451	1	11516	613230	1	11707
160857451	1	11516	59463630	1	11707
160857451	1	11516	68313418	1	11707
160857451	1	11516	72952662	1	11707
160857451	1	11516	214534035	1	11707
160857451	1	11516	275892364	1	11707
160857451	1	11516	363851692	1	11707
160857451	1	11516	436499283	1	11707
160857451	1	11516	407816908	1	11707
160857451	1	11516	131409241	1	11707
160857451	1	11516	363906908	1	11707
160857451	1	11516	392906310	1	11707
160857451	1	11516	15199217	1	11707
160857451	1	11516	44364242	1	11707
160857451	1	11516	218383584	1	11707
160857451	1	11516	247660140	1	11707
160857451	1	11516	102210094	1	11707
160857451	1	11516	436854187	1	11707
160857451	1	11516	29551615	1	11707
160857451	1	11516	407670644	1	11707
160857451	1	11516	291412016	1	11707
160857451	1	11516	407765860	1	11707
160857451	1	11516	116677672	1	11707
160857451	1	11516	436051336	1	11707
160857451	1	11516	314888522	1	11707
160857451	1	11516	430921338	1	11707
160857451	1	11516	175106305	1	11707
160857451	1	11516	102357855	1	11707
160857451	1	11516	276733588	1	11707
160857451	1	11516	102261815	1	11707
160857451	1	11516	378711609	1	11707
160857451	1	11516	204336144	1	11707
160857451	1	11516	451603911	1	11707
160857451	1	11516	305998288	1	11707
160857451	1	11516	276937126	1	11707
160857451	1	11516	204660705	1	11707
160857451	1	11516	321128310	1	11707
160857451	1	11516	117110913	1	11707
160857451	1	11516	58586510	1	11707
160857451	1	11516	174811837	1	11707
160857451	1	11516	1213590	1	11707
160857451	1	11516	393116632	1	11707
160857451	1	11516	131546731	1	11707
160857451	1	11516	262208791	1	11707
160857451	1	11516	422329790	1	11707
160857451	1	11516	451105199	1	11710
160857451	1	11516	116932930	1	11710
160857451	1	11516	407957778	1	11960
160857451	1	11516	315911244	1	11960
160857451	1	11516	219088077	1	11960
255753510	1	13883	255753510	1	13883
255753510	1	13883	184787864	1	13883
255753510	1	13883	44523655	1	13883
255753510	1	13883	15363714	1	13940
255753510	1	13883	335280752	1	13940
255753510	1	13883	349823474	1	13940
255753510	1	13883	408096103	1	13940
255753510	1	13883	422643207	1	13940
255753510	1	13883	146469721	1	13946
255753510	1	13883	248809207	1	13973
255753510	1	13883	263350785	1	13973
255753510	1	13883	335429343	1	14241
255753510	1	13883	276775801	1	14250
255753510	1	13883	30136540	1	14250
255753510	1	13883	320971490	1	14250
255753510	1	13883	146219985	1	14250
255753510	1	13883	408097565	1	14250
255753510	1	13883	335511359	1	14250
255753510	1	13883	131933519	1	14250
255753510	1	13883	350055443	1	14250
255753510	1	13883	189972821	1	14250
255753510	1	13883	30048681	1	14250
255753510	1	13883	146469383	1	14250
255753510	1	13883	15347895	1	14250
255753510	1	13883	30016459	1	14250
255753510	1	13883	378981378	1	14253
255753510	1	13883	314988269	1	14253
255753510	1	13883	408113571	1	14253
255753510	1	13883	29941345	1	14253
255753510	1	13883	824915	1	14253
255753510	1	13883	88069229	1	14253
255753510	1	13883	437210867	1	14253
255753510	1	13883	204545098	1	14253
255753510	1	13883	189895687	1	14253
255753510	1	13883	190096110	1	14253
255753510	1	13883	204761062	1	14253
255753510	1	13883	233847187	1	14253
255753510	1	13883	378900377	1	14253
255753510	1	13883	821816	1	14253
255753510	1	13883	117111370	1	14253
255753510	1	13883	378848779	1	14253
255753510	1	13883	88136013	1	14253
255753510	1	13883	408050029	1	14253
255753510	1	13883	451671604	1	14253
255753510	1	13883	29968599	1	14253
255753510	1	13883	44453578	1	14253
255753510	1	13883	132054490	1	14286
255753510	1	13883	15490752	1	14286
255753510	1	13883	379014987	1	14286
255753510	1	13883	320864925	1	14331
255753510	1	13883	320727767	1	14331
255753510	1	13883	397695124	1	14382
255753510	1	13883	102689627	1	14412
255753510	1	13883	189939284	1	14466
255753510	1	13883	24228834	1	14469
255753510	1	13883	5068605	1	14481
255753510	1	13883	307998994	1	14484
255753510	1	13883	410461968	1	14484
255753510	1	13883	179567099	1	14490
255753510	1	13883	34153368	1	14490
255753510	1	13883	121411162	1	14490
255753510	1	13883	150795930	1	14490
255753510	1	13883	339529403	1	14490
255753510	1	13883	106869883	1	14490
255753510	1	13883	258331549	1	14493
255753510	1	13883	255600034	1	14496
255753510	1	13883	324968026	1	14496
255753510	1	13883	102738008	1	14502
255753510	1	13883	437194268	1	14502
255753510	1	13883	414406625	1	14508
255753510	1	13883	219200564	1	14508
255753510	1	13883	335532761	1	14508
255753510	1	13883	308322537	1	14508
255753510	1	13883	77776004	1	14508
255753510	1	13883	368802681	1	14508
255753510	1	13883	55750637	1	14508
255753510	1	13883	244149897	1	14508
255753510	1	13883	187589194	1	14508
255753510	1	13883	363447646	1	14508
255753510	1	13883	356144192	1	14508
255753510	1	13883	322017889	1	14514
255753510	1	13883	462338864	1	14514
255753510	1	13883	264512593	1	14514
255753510	1	13883	238596064	1	14514
255753510	1	13883	332394898	1	14523
255753510	1	13883	33465755	1	14532
255753510	1	13883	117278586	1	14664
255753510	1	13883	20654815	1	14934
255753510	1	13883	448128290	1	15140
255753510	1	13883	321589840	1	15185
255753510	1	13883	136817995	1	15233
 