182320234	-1	0	182320234	-1	0
182320234	-1	0	69713630	-1	0
182320234	-1	0	455957737	-1	0
182320234	-1	0	347427797	-1	0
182320234	-1	0	459642236	-1	0
182320234	-1	0	96957491	-1	0
182320234	-1	0	416331809	-1	0
182320234	-1	0	138362925	-1	0
182320234	-1	0	48446871	-1	0
182320234	-1	0	281373245	-1	0
182320234	-1	0	389221294	-1	0
182320234	-1	0	87218035	-1	0
182320234	-1	0	53107237	-1	0
182320234	-1	0	129730400	-1	0
182320234	-1	0	242246721	-1	0
182320234	-1	0	403406583	-1	0
182320234	-1	0	354933799	-1	0
182320234	-1	0	304995907	-1	0
182320234	-1	0	53144426	-1	0
182320234	-1	0	152544959	-1	0
182320234	-1	0	201137281	-1	0
182320234	-1	0	385630054	-1	0
182320234	-1	0	391668665	-1	0
182320234	-1	0	358403710	-1	0
182320234	-1	0	25135063	-1	0
182320234	-1	0	426633833	-1	0
182320234	-1	0	441080888	-1	0
182320234	-1	0	203258341	-1	0
182320234	-1	0	261481269	-1	0
182320234	-1	0	319830630	-1	0
182320234	-1	0	68995153	-1	0
182320234	-1	0	139355499	-1	0
182320234	-1	0	265761209	-1	0
182320234	-1	0	400820416	-1	0
182320234	-1	0	40876309	-1	0
182320234	-1	0	330221862	-1	0
182320234	-1	0	9515170	-1	0
182320234	-1	0	188818975	-1	0
182320234	-1	0	21961727	-1	0
182320234	-1	0	24208195	-1	0
182320234	-1	0	214920481	-1	0
182320234	-1	0	387101570	-1	0
182320234	-1	0	397553515	-1	0
182320234	-1	0	57362768	-1	0
182320234	-1	0	181843940	-1	0
182320234	-1	0	232556672	-1	0
182320234	-1	0	295767435	-1	0
182320234	-1	0	302942073	-1	0
182320234	-1	0	397444983	-1	0
182320234	-1	0	464730497	-1	0
182320234	-1	0	7268456	-1	0
182320234	-1	0	99662077	-1	0
182320234	-1	0	124934266	-1	0
182320234	-1	0	221119046	-1	0
182320234	-1	0	270883602	-1	0
182320234	-1	0	297820902	-1	0
182320234	-1	0	313669452	-1	0
182320234	-1	0	316724474	-1	0
182320234	-1	0	41763658	-1	0
182320234	-1	0	66004194	-1	0
182320234	-1	0	87013116	-1	0
182320234	-1	0	141749542	-1	0
182320234	-1	0	159471032	-1	0
182320234	-1	0	187892649	-1	0
182320234	-1	0	201864348	-1	0
182320234	-1	0	212337147	-1	0
182320234	-1	0	256151124	-1	0
182320234	-1	0	449670496	-1	0
182320234	-1	0	21961598	-1	0
182320234	-1	0	139959489	-1	0
182320234	-1	0	159645372	-1	0
182320234	-1	0	169677050	-1	0
182320234	-1	0	275676359	-1	0
182320234	-1	0	281518636	-1	0
182320234	-1	0	376696698	-1	0
182320234	-1	0	398839548	-1	0
182320234	-1	0	430642496	-1	0
182320234	-1	0	71602808	-1	0
182320234	-1	0	124188084	-1	0
182320234	-1	0	125126182	-1	0
182320234	-1	0	179421712	-1	0
182320234	-1	0	186039187	-1	0
182320234	-1	0	227090815	-1	0
182320234	-1	0	271776777	-1	0
182320234	-1	0	303677832	-1	0
182320234	-1	0	461124501	-1	0
182320234	-1	0	39761985	-1	0
182320234	-1	0	72103515	-1	0
182320234	-1	0	357294198	-1	0
182320234	-1	0	416337640	-1	0
182320234	-1	0	430614026	-1	0
182320234	-1	0	70962707	-1	0
182320234	-1	0	387530282	-1	0
182320234	-1	0	272448923	-1	0
182320234	-1	0	294426683	-1	0
182320234	-1	0	357378172	-1	0
182320234	-1	0	50892052	-1	0
182320234	-1	0	142703305	-1	0
182320234	-1	0	144763485	-1	0
182320234	-1	0	261132161	-1	0
182320234	-1	0	389774659	-1	0
182320234	-1	0	68765950	-1	0
182320234	-1	0	119829008	-1	0
182320234	-1	0	302056967	-1	0
182320234	-1	0	170927626	-1	0
182320234	-1	0	71196362	-1	0
182320234	-1	0	231668293	-1	0
182320234	-1	0	319444562	-1	0
182320234	-1	0	101414872	-1	0
182320234	-1	0	123780213	-1	0
182320234	-1	0	270385065	-1	0
182320234	-1	0	314344442	-1	0
182320234	-1	0	385298956	-1	0
182320234	-1	0	414124459	-1	0
182320234	-1	0	211220528	-1	0
182320234	-1	0	270672366	-1	0
182320234	-1	0	421343359	-1	0
182320234	-1	0	38496809	-1	0
182320234	-1	0	40923792	-1	0
182320234	-1	0	119728191	-1	0
182320234	-1	0	26372630	-1	0
182320234	-1	0	309090249	-1	0
182320234	-1	0	112969645	-1	0
182320234	-1	0	269501806	-1	0
182320234	-1	0	432733843	-1	0
182320234	-1	0	98951756	-1	0
182320234	-1	0	251568352	-1	0
182320234	-1	0	78087025	-1	0
182320234	-1	0	163455786	-1	0
182320234	-1	0	453456810	-1	0
182320234	-1	0	367947478	-1	0
182320234	-1	0	309244658	-1	0
182320234	-1	0	348330615	-1	0
182320234	-1	0	272549091	-1	0
182320234	-1	0	214954386	-1	0
182320234	-1	0	330006733	-1	0
182320234	-1	0	54468969	-1	0
182320234	-1	0	6000287	-1	0
182320234	-1	0	254596227	-1	0
182320234	-1	0	336583059	-1	0
182320234	-1	0	106394053	-1	0
182320234	-1	0	340719592	-1	0
182320234	-1	0	294396140	-1	0
182320234	-1	0	385165626	-1	0
182320234	-1	0	229116553	-1	0
182320234	-1	0	149031758	-1	0
182320234	-1	0	121160905	-1	0
182320234	-1	0	237487167	-1	0
182320234	-1	0	351514737	-1	0
182320234	-1	0	323374580	-1	0
182320234	-1	0	149065271	-1	3
182320234	-1	0	126628595	-1	3
182320234	-1	0	38871346	-1	3
182320234	-1	0	221390143	-1	3
182320234	-1	0	332744057	-1	6
182320234	-1	0	389196988	-1	6
182320234	-1	0	315389753	-1	6
182320234	-1	0	40323955	-1	6
182320234	-1	0	97040518	-1	6
182320234	-1	0	45874621	-1	6
182320234	-1	0	96429914	-1	6
182320234	-1	0	33858077	-1	6
182320234	-1	0	389816611	-1	6
182320234	-1	0	289430147	-1	6
182320234	-1	0	361246136	-1	6
182320234	-1	0	5992179	-1	6
182320234	-1	0	348573819	-1	6
182320234	-1	0	426026334	-1	6
182320234	-1	0	274205656	-1	6
182320234	-1	0	376082895	-1	6
182320234	-1	0	114036119	-1	6
182320234	-1	0	256959722	-1	6
182320234	-1	0	57123896	-1	6
182320234	-1	0	271401203	-1	6
182320234	-1	0	279459933	-1	6
182320234	-1	0	357255599	-1	6
182320234	-1	0	78315479	-1	6
182320234	-1	0	172865558	-1	6
182320234	-1	0	447977311	-1	6
182320234	-1	0	125060858	-1	6
182320234	-1	0	383912048	-1	6
182320234	-1	0	80259604	-1	6
182320234	-1	0	83495464	-1	6
182320234	-1	0	226469728	-1	6
182320234	-1	0	374824191	-1	6
182320234	-1	0	316813578	-1	6
182320234	-1	0	11323021	-1	6
182320234	-1	0	139375335	-1	6
182320234	-1	0	154896991	-1	6
182320234	-1	0	180672606	-1	6
182320234	-1	0	433605926	-1	6
182320234	-1	0	459199270	-1	6
182320234	-1	0	11549061	-1	6
182320234	-1	0	184643904	-1	6
182320234	-1	0	185887189	-1	6
182320234	-1	0	280825957	-1	6
182320234	-1	0	461925620	-1	6
182320234	-1	0	13218478	-1	6
182320234	-1	0	14526615	-1	6
182320234	-1	0	69540129	-1	6
182320234	-1	0	111700576	-1	6
182320234	-1	0	152539768	-1	6
182320234	-1	0	156097948	-1	6
182320234	-1	0	184752783	-1	6
182320234	-1	0	374618214	-1	6
182320234	-1	0	375091780	-1	6
182320234	-1	0	433852899	-1	6
182320234	-1	0	458164641	-1	6
182320234	-1	0	458492496	-1	6
182320234	-1	0	462165720	-1	6
182320234	-1	0	38783404	-1	6
182320234	-1	0	109946794	-1	6
182320234	-1	0	138993108	-1	6
182320234	-1	0	186320726	-1	6
182320234	-1	0	215739756	-1	6
182320234	-1	0	236555689	-1	6
182320234	-1	0	246111701	-1	6
182320234	-1	0	284332019	-1	6
182320234	-1	0	286219719	-1	6
182320234	-1	0	288011075	-1	6
182320234	-1	0	318235628	-1	6
182320234	-1	0	367464121	-1	6
182320234	-1	0	373275305	-1	6
182320234	-1	0	417317888	-1	6
182320234	-1	0	435028895	-1	6
182320234	-1	0	27839208	-1	6
182320234	-1	0	67050078	-1	6
182320234	-1	0	71311652	-1	6
182320234	-1	0	72671719	-1	6
182320234	-1	0	104276615	-1	6
182320234	-1	0	110096904	-1	6
182320234	-1	0	110301368	-1	6
182320234	-1	0	195005298	-1	6
182320234	-1	0	211799259	-1	6
182320234	-1	0	215814034	-1	6
182320234	-1	0	85226230	-1	6
182320234	-1	0	94111562	-1	6
182320234	-1	0	109950782	-1	6
182320234	-1	0	180715629	-1	6
182320234	-1	0	181854972	-1	6
182320234	-1	0	226972633	-1	6
182320234	-1	0	283707725	-1	6
182320234	-1	0	284093346	-1	6
182320234	-1	0	287529680	-1	6
182320234	-1	0	329659135	-1	6
182320234	-1	0	330550544	-1	6
182320234	-1	0	343335355	-1	6
182320234	-1	0	359125266	-1	6
182320234	-1	0	370891964	-1	6
182320234	-1	0	370939077	-1	6
182320234	-1	0	376078081	-1	6
182320234	-1	0	419591092	-1	6
182320234	-1	0	419602279	-1	6
182320234	-1	0	424199127	-1	6
182320234	-1	0	184907049	-1	6
182320234	-1	0	200771769	-1	6
182320234	-1	0	226688667	-1	6
182320234	-1	0	79569584	-1	6
182320234	-1	0	109998800	-1	6
182320234	-1	0	242751974	-1	6
182320234	-1	0	258498716	-1	6
182320234	-1	0	293694969	-1	6
182320234	-1	0	376572430	-1	6
182320234	-1	0	382483195	-1	6
182320234	-1	0	390493786	-1	6
182320234	-1	0	449897608	-1	6
182320234	-1	0	26486920	-1	6
182320234	-1	0	127126045	-1	6
182320234	-1	0	154135121	-1	6
182320234	-1	0	270198058	-1	6
182320234	-1	0	356560623	-1	6
182320234	-1	0	459824196	-1	6
182320234	-1	0	38371601	-1	6
182320234	-1	0	96511927	-1	6
182320234	-1	0	202454107	-1	6
182320234	-1	0	357371410	-1	6
182320234	-1	0	425840912	-1	6
182320234	-1	0	53370514	-1	6
182320234	-1	0	9914383	-1	6
182320234	-1	0	99480755	-1	6
182320234	-1	0	138328523	-1	6
182320234	-1	0	139439227	-1	6
182320234	-1	0	178254557	-1	6
182320234	-1	0	229347170	-1	6
182320234	-1	0	380565508	-1	6
182320234	-1	0	386416180	-1	6
182320234	-1	0	434240136	-1	6
182320234	-1	0	439870724	-1	6
182320234	-1	0	83436912	-1	6
182320234	-1	0	143134618	-1	6
182320234	-1	0	255808874	-1	6
182320234	-1	0	281703042	-1	6
182320234	-1	0	314092309	-1	6
182320234	-1	0	400234166	-1	6
182320234	-1	0	27508834	-1	6
182320234	-1	0	156728358	-1	6
182320234	-1	0	176993658	-1	6
182320234	-1	0	399925024	-1	6
182320234	-1	0	445233975	-1	6
182320234	-1	0	459133921	-1	6
182320234	-1	0	460136936	-1	6
182320234	-1	0	202108271	-1	6
182320234	-1	0	124363796	-1	6
182320234	-1	0	258891994	-1	6
182320234	-1	0	430984026	-1	6
182320234	-1	0	3391343	-1	6
182320234	-1	0	462158861	-1	6
182320234	-1	0	91171291	-1	6
182320234	-1	0	431994507	-1	6
182320234	-1	0	238301359	-1	6
182320234	-1	0	97937803	-1	6
182320234	-1	0	324668860	-1	6
182320234	-1	0	427820413	-1	6
182320234	-1	0	225184852	-1	6
182320234	-1	0	159024513	-1	6
182320234	-1	0	90077099	-1	6
182320234	-1	0	254146134	-1	6
182320234	-1	0	156639607	-1	6
182320234	-1	0	326775604	-1	6
182320234	-1	0	337621802	-1	6
182320234	-1	0	91523423	-1	6
182320234	-1	0	22908447	-1	6
182320234	-1	0	302005286	-1	6
182320234	-1	0	243773182	-1	6
182320234	-1	0	83762734	-1	6
182320234	-1	0	443809712	-1	6
182320234	-1	0	210446372	-1	6
182320234	-1	0	346589860	-1	6
182320234	-1	0	371572436	-1	6
182320234	-1	0	419030609	-1	6
182320234	-1	0	315628583	-1	6
182320234	-1	0	367871216	-1	6
182320234	-1	0	85869347	-1	6
182320234	-1	0	225351984	-1	6
182320234	-1	0	462067133	-1	6
182320234	-1	0	71938832	-1	6
182320234	-1	0	255201800	-1	6
182320234	-1	0	202353276	-1	6
182320234	-1	0	199319303	-1	6
182320234	-1	0	455979788	-1	6
182320234	-1	0	374270340	-1	6
182320234	-1	0	420393502	-1	6
182320234	-1	0	126046109	-1	6
182320234	-1	0	388377504	-1	6
182320234	-1	0	22903371	-1	6
182320234	-1	0	43173244	-1	6
182320234	-1	0	89424126	-1	6
182320234	-1	0	43556733	-1	6
182320234	-1	0	95077844	-1	6
182320234	-1	0	330195073	-1	6
182320234	-1	0	244514164	-1	6
182320234	-1	0	69541983	-1	6
182320234	-1	0	420260890	-1	6
182320234	-1	0	421126924	-1	6
182320234	-1	0	329811735	-1	6
182320234	-1	0	65851398	-1	6
182320234	-1	0	8743460	-1	6
182320234	-1	0	361629345	-1	6
182320234	-1	0	279834539	-1	6
182320234	-1	0	244673181	-1	6
182320234	-1	0	240920855	-1	6
182320234	-1	0	295121761	-1	6
182320234	-1	0	148995346	-1	6
182320234	-1	0	400968288	-1	9
182320234	-1	0	91900653	-1	9
182320234	-1	0	455183875	-1	9
182320234	-1	0	343232689	-1	9
182320234	-1	0	47722164	-1	9
182320234	-1	0	234831086	-1	9
182320234	-1	0	71764313	-1	9
182320234	-1	0	120840325	-1	9
182320234	-1	0	309212348	-1	9
182320234	-1	0	137869202	-1	9
182320234	-1	0	134537032	-1	9
182320234	-1	0	301503007	-1	9
182320234	-1	0	87268816	-1	9
182320234	-1	0	334529528	-1	12
182320234	-1	0	380295870	-1	12
182320234	-1	0	359225298	-1	12
182320234	-1	0	20478515	-1	12
182320234	-1	0	224049492	-1	12
182320234	-1	0	318577118	-1	12
182320234	-1	0	168520879	-1	12
182320234	-1	0	425889183	-1	12
182320234	-1	0	441350741	-1	12
182320234	-1	0	237760022	-1	12
182320234	-1	0	145577718	-1	12
182320234	-1	0	221125084	-1	12
182320234	-1	0	165399508	-1	15
182320234	-1	0	120303781	-1	15
182320234	-1	0	462822769	-1	15
182320234	-1	0	11805960	-1	15
182320234	-1	0	112076703	-1	15
182320234	-1	0	62520653	-1	15
182320234	-1	0	398844987	-1	15
182320234	-1	0	231232077	-1	15
182320234	-1	0	298279120	-1	15
182320234	-1	0	258346536	-1	15
325083826	-1	16	325083826	-1	16
182320234	-1	0	109474763	-1	18
182320234	-1	0	341289180	-1	18
182320234	-1	0	412095676	-1	18
182320234	-1	0	452991718	-1	21
182320234	-1	0	441803353	-1	21
182320234	-1	0	311301352	-1	21
182320234	-1	0	49548492	-1	21
182320234	-1	0	382128975	-1	21
182320234	-1	0	243653439	-1	21
182320234	-1	0	285307994	-1	21
182320234	-1	0	269585402	-1	21
182320234	-1	0	41607572	-1	21
182320234	-1	0	342543544	-1	21
182320234	-1	0	463660464	-1	21
182320234	-1	0	443699915	-1	21
182320234	-1	0	19420549	-1	21
182320234	-1	0	295073040	-1	21
182320234	-1	0	164323323	-1	21
182320234	-1	0	445037928	-1	21
182320234	-1	0	224271204	-1	21
182320234	-1	0	150462665	-1	21
182320234	-1	0	347144599	-1	21
182320234	-1	0	40649585	-1	21
182320234	-1	0	39375314	-1	21
182320234	-1	0	17922668	-1	21
182320234	-1	0	107512325	-1	21
182320234	-1	0	410152154	-1	21
182320234	-1	0	168510669	-1	21
182320234	-1	0	359600743	-1	21
182320234	-1	0	406293661	-1	21
182320234	-1	0	75373852	-1	21
182320234	-1	0	187973009	-1	21
182320234	-1	0	210519409	-1	21
182320234	-1	0	338604244	-1	21
182320234	-1	0	201099827	-1	21
182320234	-1	0	198430465	-1	21
182320234	-1	0	309461831	-1	21
182320234	-1	0	427047939	-1	21
182320234	-1	0	357167639	-1	21
182320234	-1	0	399546661	-1	21
182320234	-1	0	43071569	-1	21
182320234	-1	0	261738105	-1	21
182320234	-1	0	402447978	-1	21
182320234	-1	0	2502857	-1	21
182320234	-1	0	372777838	-1	21
182320234	-1	0	4860090	-1	21
182320234	-1	0	222987247	-1	21
182320234	-1	0	456711439	-1	21
182320234	-1	0	384015765	-1	21
182320234	-1	0	111759648	-1	21
182320234	-1	0	188579743	-1	21
182320234	-1	0	152301763	-1	21
182320234	-1	0	150950586	-1	21
182320234	-1	0	293716032	-1	21
182320234	-1	0	410123332	-1	24
182320234	-1	0	180326765	-1	24
182320234	-1	0	220420601	-1	24
182320234	-1	0	170832629	-1	24
182320234	-1	0	338765976	-1	24
182320234	-1	0	42064438	-1	24
182320234	-1	0	143931884	-1	24
182320234	-1	0	20122704	-1	24
182320234	-1	0	18048477	-1	24
182320234	-1	0	188794712	-1	24
182320234	-1	0	430607568	-1	24
182320234	-1	0	453330268	-1	24
182320234	-1	0	207276315	-1	24
182320234	-1	0	382947452	-1	24
182320234	-1	0	261601347	-1	24
182320234	-1	0	295268603	-1	24
182320234	-1	0	85160957	-1	24
182320234	-1	0	186734625	-1	24
182320234	-1	0	384098289	-1	24
182320234	-1	0	267877554	-1	24
182320234	-1	0	325901935	-1	24
182320234	-1	0	60284433	-1	24
182320234	-1	0	176640144	-1	24
182320234	-1	0	124824181	-1	24
182320234	-1	0	199975038	-1	24
182320234	-1	0	343622819	-1	24
182320234	-1	0	208309900	-1	24
182320234	-1	0	425728640	-1	24
182320234	-1	0	426483168	-1	24
182320234	-1	0	458861658	-1	24
182320234	-1	0	129626232	-1	24
182320234	-1	0	208543915	-1	24
182320234	-1	0	213396677	-1	24
182320234	-1	0	11232899	-1	24
182320234	-1	0	70615079	-1	24
182320234	-1	0	68330243	-1	24
182320234	-1	0	283697997	-1	24
182320234	-1	0	290317425	-1	24
182320234	-1	0	331399058	-1	24
182320234	-1	0	155427124	-1	24
182320234	-1	0	168894130	-1	24
182320234	-1	0	104086361	-1	24
182320234	-1	0	123918532	-1	24
182320234	-1	0	307648941	-1	24
182320234	-1	0	250066705	-1	24
182320234	-1	0	318389137	-1	24
182320234	-1	0	49536120	-1	24
182320234	-1	0	290104297	-1	24
182320234	-1	0	93416791	-1	24
182320234	-1	0	4823237	-1	24
182320234	-1	0	382909486	-1	24
182320234	-1	0	426560643	-1	24
182320234	-1	0	134737126	-1	24
182320234	-1	0	339180258	-1	24
182320234	-1	0	3275850	-1	24
182320234	-1	0	223376364	-1	24
182320234	-1	0	47982212	-1	24
182320234	-1	0	48487360	-1	24
182320234	-1	0	35070956	-1	24
182320234	-1	0	239583955	-1	24
182320234	-1	0	98133268	-1	24
182320234	-1	0	322578015	-1	24
182320234	-1	0	240423324	-1	24
182320234	-1	0	333566701	-1	24
182320234	-1	0	332805475	-1	24
182320234	-1	0	337221997	-1	24
182320234	-1	0	151453821	-1	24
182320234	-1	0	254477570	-1	24
182320234	-1	0	368371108	-1	24
182320234	-1	0	133750086	-1	24
182320234	-1	0	164794891	-1	24
182320234	-1	0	266611960	-1	24
182320234	-1	0	170363607	-1	24
182320234	-1	0	325807971	-1	27
182320234	-1	0	255807629	-1	27
182320234	-1	0	122276023	-1	27
182320234	-1	0	91113739	-1	27
182320234	-1	0	52042036	-1	30
182320234	-1	0	356595809	-1	33
182320234	-1	0	338645493	-1	33
182320234	-1	0	225527873	-1	33
182320234	-1	0	252248609	-1	45
182320234	-1	0	11001418	-1	45
182320234	-1	0	253496499	-1	51
182320234	-1	0	223445088	-1	123
182320234	-1	0	266043955	-1	126
182320234	-1	0	41867708	-1	219
182320234	-1	0	438727279	-1	321
182320234	-1	0	171647729	-1	363
182320234	-1	0	18009207	-1	381
182320234	-1	0	289881235	-1	426
182320234	-1	0	207531887	-1	462
182320234	-1	0	367201765	-1	537
182320234	-1	0	171135928	-1	903
182320234	-1	0	356030298	-1	1110
182320234	-1	0	171464038	-1	1245
182320234	-1	0	369014107	-1	1329
182320234	-1	0	425266534	-1	1437
182320234	-1	0	34570229	-1	1458
182320234	-1	0	63004761	-1	1458
182320234	-1	0	158879754	-1	1488
182320234	-1	0	177513487	-1	1521
182320234	-1	0	302833781	-1	1521
182320234	-1	0	406724878	-1	1623
182320234	-1	0	63034079	-1	1641
182320234	-1	0	272420018	-1	1653
182320234	-1	0	253145817	-1	1758
352595898	-1	1807	352595898	-1	1807
352595898	-1	1807	2214189	-1	1825
182320234	-1	0	3400694	-1	1905
 