2214189	-1	66	4.877E-09	1	1825	2580	34	66	0.217	3.192E-07	32	275	320	-2580	-1825	756	2586	1492
2502857	-1	445	3.961E-123	1	21	2576	41	445	0.331	3.236E-128	37	674	685	-2576	-21	2556	2588	0
3275850	-1	334	1.028E-89	1	24	2576	41	334	0.276	6.812E-91	66	737	750	-2576	-24	2553	2588	0
3391343	-1	678	2.869E-193	1	6	2576	41	678	0.444	1.126E-207	53	896	909	-2576	-6	2571	2588	0
3400694	-1	259	3.885E-67	1	1905	2576	41	259	0.592	2.562E-66	31	254	256	-2576	-1905	672	2588	0
4823237	-1	358	6.129E-97	1	24	2576	41	358	0.288	6.691E-99	34	718	728	-2576	-24	2553	2588	0
4860090	-1	407	1.089E-111	1	21	2576	41	407	0.312	2.667E-115	43	686	704	-2576	-21	2556	2588	0
5992179	-1	495	3.518E-138	1	6	2588	41	495	0.353	4.446E-145	46	840	844	-2588	-6	2583	2588	0
6000287	-1	360	1.532E-97	1	0	2576	41	360	0.287	1.469E-99	9	669	801	-2576	0	2577	2588	0
7268456	-1	715	2.088E-204	1	0	2576	41	715	0.461	2.792E-220	56	896	903	-2576	0	2577	2588	0
8743460	-1	631	4.038E-179	1	6	2567	41	631	0.422	1.056E-191	55	882	885	-2567	-6	2562	2588	0
9515170	-1	718	2.610E-205	1	0	2576	41	718	0.463	1.680E-221	54	894	901	-2576	0	2577	2588	0
9914383	-1	683	8.966E-195	1	6	2576	41	683	0.446	1.429E-209	54	885	893	-2576	-6	2571	2588	0
11001418	-1	404	8.709E-111	1	45	2576	41	404	0.313	1.670E-114	7	626	637	-2576	-45	2532	2588	0
11232899	-1	427	1.038E-117	1	24	2576	41	427	0.322	3.236E-122	41	674	683	-2576	-24	2553	2588	0
11323021	-1	694	4.378E-198	1	6	2576	41	694	0.452	3.133E-213	53	896	909	-2576	-6	2571	2588	0
11549061	-1	693	8.756E-198	1	6	2576	41	693	0.451	5.849E-213	53	896	909	-2576	-6	2571	2588	0
11805960	-1	683	8.966E-195	1	15	2576	41	683	0.447	1.952E-209	53	893	909	-2576	-15	2562	2588	0
13218478	-1	692	1.751E-197	1	6	2576	41	692	0.450	2.038E-212	53	896	909	-2576	-6	2571	2588	0
14526615	-1	692	1.751E-197	1	6	2576	41	692	0.451	1.092E-212	53	896	909	-2576	-6	2571	2588	0
17922668	-1	671	3.673E-191	1	21	2576	41	671	0.442	2.261E-205	49	871	880	-2576	-21	2556	2588	0
18009207	-1	633	1.010E-179	1	381	2588	41	633	0.472	3.038E-192	13	738	743	-2588	-381	2208	2588	0
18048477	-1	543	1.250E-152	1	24	2576	41	543	0.379	1.788E-161	59	850	1153	-2576	-24	2553	2588	0
19420549	-1	355	4.903E-96	1	21	2588	41	355	0.286	5.580E-98	38	751	760	-2588	-21	2568	2588	0
20122704	-1	548	3.905E-154	1	24	2576	41	548	0.382	3.177E-163	52	837	847	-2576	-24	2553	2588	0
20478515	-1	409	2.722E-112	1	12	2576	41	409	0.313	3.135E-116	54	692	698	-2576	-12	2565	2588	0
21961598	-1	713	8.351E-204	1	0	2576	41	713	0.460	1.330E-219	56	896	903	-2576	0	2577	2588	0
21961727	-1	717	5.219E-205	1	0	2576	41	717	0.462	3.137E-221	56	892	899	-2576	0	2577	2588	0
22903371	-1	676	1.148E-192	1	6	2567	41	676	0.444	7.318E-207	57	884	891	-2567	-6	2562	2588	0
22908447	-1	671	3.673E-191	1	6	2570	41	671	0.441	2.261E-205	56	884	940	-2570	-6	2565	2588	0
24208195	-1	717	5.219E-205	1	0	2576	41	717	0.462	5.858E-221	56	896	903	-2576	0	2577	2588	0
25135063	-1	723	8.155E-207	1	0	2576	41	723	0.465	3.959E-223	56	896	903	-2576	0	2577	2588	0
26372630	-1	644	4.929E-183	1	0	2576	41	644	0.426	6.765E-196	51	881	883	-2576	0	2577	2588	0
26486920	-1	686	1.121E-195	1	6	2576	41	686	0.448	2.198E-210	53	896	909	-2576	-6	2571	2588	0
27508834	-1	681	3.587E-194	1	6	2576	41	681	0.445	1.269E-208	50	878	882	-2576	-6	2571	2588	0
27839208	-1	690	7.005E-197	1	6	2576	41	690	0.450	7.101E-212	49	877	881	-2576	-6	2571	2588	0
33858077	-1	985	1.100E-285	1	6	2588	41	985	0.592	1.948E-313	38	885	889	-2588	-6	2583	2588	0
34570229	-1	303	2.208E-80	1	1458	2576	41	303	0.448	9.970E-81	47	421	468	-2576	-1458	1119	2588	0
35070956	-1	327	1.316E-87	1	24	2576	41	327	0.273	1.538E-88	47	763	774	-2576	-24	2553	2588	0
38371601	-1	685	2.242E-195	1	6	2576	41	685	0.447	4.102E-210	53	896	909	-2576	-6	2571	2588	0
38496809	-1	645	2.465E-183	1	0	2576	41	645	0.427	2.657E-196	50	880	882	-2576	0	2577	2588	0
38783404	-1	691	3.503E-197	1	6	2576	41	691	0.450	2.784E-212	53	896	909	-2576	-6	2571	2588	0
38871346	-1	414	8.505E-114	1	3	2576	41	414	0.314	1.082E-117	64	716	720	-2576	-3	2574	2588	0
39375314	-1	674	4.591E-192	1	21	2576	41	674	0.443	3.481E-206	49	871	880	-2576	-21	2556	2588	0
39761985	-1	711	3.340E-203	1	0	2576	41	711	0.459	3.395E-219	56	896	903	-2576	0	2577	2588	0
40323955	-1	1190	0.000E+00	1	6	2588	41	1190	0.689	0.000E+00	24	888	892	-2588	-6	2583	2588	0
40649585	-1	721	3.262E-206	1	21	2576	41	721	0.453	2.579E-222	24	910	918	-2576	-21	2556	2588	0
40876309	-1	720	6.524E-206	1	0	2576	41	720	0.463	4.816E-222	54	894	901	-2576	0	2577	2588	0
40923792	-1	645	2.465E-183	1	0	2576	41	645	0.427	1.946E-196	50	880	882	-2576	0	2577	2588	0
41607572	-1	360	1.532E-97	1	21	2588	41	360	0.288	1.469E-99	38	751	760	-2588	-21	2568	2588	0
41763658	-1	714	4.175E-204	1	0	2576	41	714	0.461	3.815E-220	59	899	906	-2576	0	2577	2588	0
41867708	-1	600	8.672E-170	1	219	2576	41	600	0.432	5.012E-181	50	805	814	-2576	-219	2358	2588	0
42064438	-1	562	2.384E-158	1	24	2576	41	562	0.389	6.122E-168	64	850	861	-2576	-24	2553	2588	0
43071569	-1	650	7.702E-185	1	21	2576	41	650	0.432	3.387E-198	77	902	911	-2576	-21	2556	2588	0
43173244	-1	674	4.591E-192	1	6	2567	41	674	0.443	1.865E-206	57	884	891	-2567	-6	2562	2588	0
43556733	-1	665	2.350E-189	1	6	2567	41	665	0.438	3.320E-203	57	884	933	-2567	-6	2562	2588	0
45874621	-1	1132	0.000E+00	1	6	2588	41	1132	0.658	0.000E+00	20	888	920	-2588	-6	2583	2588	0
47722164	-1	565	2.980E-159	1	9	2576	41	565	0.388	6.972E-169	61	857	1155	-2576	-9	2568	2588	0
47982212	-1	331	8.226E-89	1	24	2576	41	331	0.275	7.585E-90	83	767	777	-2576	-24	2553	2588	0
48446871	-1	358	6.129E-97	1	0	2588	41	358	0.286	4.941E-99	37	761	763	-2588	0	2589	2588	0
48487360	-1	329	3.290E-88	1	24	2576	41	329	0.274	3.417E-89	56	723	733	-2576	-24	2553	2588	0
49536120	-1	390	1.427E-106	1	24	2576	41	390	0.304	9.920E-110	53	693	1002	-2576	-24	2553	2588	0
49548492	-1	381	7.306E-104	1	21	2588	41	381	0.298	1.489E-106	23	714	724	-2588	-21	2568	2588	0
50892052	-1	708	2.672E-202	1	0	2576	41	708	0.458	4.127E-218	56	896	903	-2576	0	2577	2588	0
52042036	-1	377	1.169E-102	1	30	2588	41	377	0.297	3.123E-105	64	722	987	-2588	-30	2559	2588	0
53107237	-1	730	6.371E-209	1	0	2576	41	730	0.469	1.047E-225	56	896	903	-2576	0	2577	2588	0
53144426	-1	727	5.097E-208	1	0	2576	41	727	0.467	1.742E-224	56	896	903	-2576	0	2577	2588	0
53370514	-1	684	4.483E-195	1	6	2576	41	684	0.447	1.046E-209	54	885	893	-2576	-6	2571	2588	0
54468969	-1	361	7.661E-98	1	0	2576	41	361	0.288	4.368E-100	9	669	801	-2576	0	2577	2588	0
57123896	-1	729	1.274E-208	1	6	2576	41	729	0.469	2.673E-225	56	894	903	-2576	-6	2571	2588	0
57362768	-1	716	1.044E-204	1	0	2576	41	716	0.462	8.006E-221	59	899	906	-2576	0	2577	2588	0
60284433	-1	433	1.622E-119	1	24	2576	41	433	0.325	3.247E-124	43	677	687	-2576	-24	2553	2588	0
62520653	-1	660	7.522E-188	1	15	2576	41	660	0.436	1.911E-201	14	835	899	-2576	-15	2562	2588	0
63004761	-1	290	1.809E-76	1	1458	2576	41	290	0.435	1.861E-76	31	404	469	-2576	-1458	1119	2588	0
63034079	-1	259	3.885E-67	1	1641	2576	41	259	0.457	2.562E-66	47	357	358	-2576	-1641	936	2588	0
65851398	-1	634	5.048E-180	1	6	2567	41	634	0.423	1.630E-192	55	882	892	-2567	-6	2562	2588	0
66004194	-1	714	4.175E-204	1	0	2576	41	714	0.461	3.815E-220	56	896	903	-2576	0	2577	2588	0
67050078	-1	690	7.005E-197	1	6	2576	41	690	0.449	9.701E-212	53	896	909	-2576	-6	2571	2588	0
68330243	-1	426	2.076E-117	1	24	2576	41	426	0.321	1.103E-121	43	674	683	-2576	-24	2553	2588	0
68765950	-1	707	5.344E-202	1	0	2576	41	707	0.457	7.706E-218	56	896	903	-2576	0	2577	2588	0
68995153	-1	721	3.262E-206	1	0	2576	41	721	0.464	1.381E-222	56	892	899	-2576	0	2577	2588	0
69540129	-1	692	1.751E-197	1	6	2576	41	692	0.450	2.038E-212	53	896	909	-2576	-6	2571	2588	0
69541983	-1	637	6.310E-181	1	6	2567	41	637	0.425	9.882E-194	55	882	885	-2567	-6	2562	2588	0
69713630	-1	1474	0.000E+00	1	0	2588	41	1474	0.820	0.000E+00	17	890	891	-2588	0	2589	2588	0
70615079	-1	427	1.038E-117	1	24	2576	41	427	0.322	3.236E-122	41	674	683	-2576	-24	2553	2588	0
70962707	-1	710	6.681E-203	1	0	2576	41	710	0.459	8.662E-219	56	896	903	-2576	0	2577	2588	0
71196362	-1	681	3.587E-194	1	0	2576	41	681	0.445	6.798E-209	53	898	909	-2576	0	2577	2588	0
71311652	-1	690	7.005E-197	1	6	2576	41	690	0.449	9.701E-212	53	896	909	-2576	-6	2571	2588	0
71602808	-1	712	1.670E-203	1	0	2576	41	712	0.459	2.484E-219	56	896	903	-2576	0	2577	2588	0
71764313	-1	560	9.535E-158	1	9	2576	41	560	0.386	2.118E-167	61	857	975	-2576	-9	2568	2588	0
71938832	-1	651	3.851E-185	1	6	2570	41	651	0.431	1.330E-198	54	882	934	-2570	-6	2565	2588	0
72103515	-1	711	3.340E-203	1	0	2576	41	711	0.459	4.639E-219	56	896	903	-2576	0	2577	2588	0
72671719	-1	690	7.005E-197	1	6	2576	41	690	0.449	9.701E-212	53	896	909	-2576	-6	2571	2588	0
75373852	-1	662	1.880E-188	1	21	2576	41	662	0.438	2.944E-202	49	871	880	-2576	-21	2556	2588	0
78087025	-1	454	7.736E-126	1	0	2576	41	454	0.333	3.733E-131	43	836	837	-2576	0	2577	2588	0
78315479	-1	701	3.420E-200	1	6	2576	41	701	0.455	1.555E-215	64	908	911	-2576	-6	2571	2588	0
79569584	-1	687	5.604E-196	1	6	2576	41	687	0.448	6.308E-211	53	896	909	-2576	-6	2571	2588	0
80259604	-1	696	1.095E-198	1	6	2576	41	696	0.453	6.581E-214	53	896	909	-2576	-6	2571	2588	0
83436912	-1	682	1.793E-194	1	6	2576	41	682	0.446	4.976E-209	53	896	909	-2576	-6	2571	2588	0
83495464	-1	696	1.095E-198	1	6	2576	41	696	0.453	4.817E-214	53	896	909	-2576	-6	2571	2588	0
83762734	-1	666	1.175E-189	1	6	2570	41	666	0.439	9.538E-204	55	883	902	-2570	-6	2565	2588	0
85160957	-1	435	4.056E-120	1	24	2576	41	435	0.326	6.998E-125	43	676	685	-2576	-24	2553	2588	0
85226230	-1	689	1.401E-196	1	6	2576	41	689	0.449	1.325E-211	53	896	909	-2576	-6	2571	2588	0
85869347	-1	653	9.628E-186	1	6	2570	41	653	0.432	2.800E-199	54	882	934	-2570	-6	2565	2588	0
87013116	-1	714	4.175E-204	1	0	2576	41	714	0.460	5.214E-220	56	896	903	-2576	0	2577	2588	0
87218035	-1	731	3.186E-209	1	0	2576	41	731	0.469	7.660E-226	56	896	903	-2576	0	2577	2588	0
87268816	-1	298	7.066E-79	1	9	2567	41	298	0.258	4.826E-79	0	681	693	-2567	-9	2559	2588	0
89424126	-1	670	7.345E-191	1	6	2567	41	670	0.441	4.219E-205	57	884	891	-2567	-6	2562	2588	0
90077099	-1	364	9.576E-99	1	6	2576	41	364	0.290	3.855E-101	9	667	801	-2576	-6	2571	2588	0
91113739	-1	363	1.915E-98	1	27	2567	41	363	0.292	9.583E-101	0	633	644	-2567	-27	2541	2588	0
91171291	-1	676	1.148E-192	1	6	2576	41	676	0.443	5.358E-207	53	896	909	-2576	-6	2571	2588	0
91523423	-1	328	6.581E-88	1	6	2576	41	328	0.272	4.617E-89	41	743	746	-2576	-6	2571	2588	0
91900653	-1	692	1.751E-197	1	9	2588	41	692	0.450	1.092E-212	17	858	879	-2588	-9	2580	2588	0
93416791	-1	363	1.915E-98	1	24	2576	41	363	0.291	9.583E-101	54	739	749	-2576	-24	2553	2588	0
94111562	-1	689	1.401E-196	1	6	2576	41	689	0.449	1.811E-211	53	896	909	-2576	-6	2571	2588	0
95077844	-1	642	1.972E-182	1	6	2567	41	642	0.427	2.352E-195	55	882	885	-2567	-6	2562	2588	0
96429914	-1	1109	4.941E-323	1	6	2588	41	1109	0.650	0.000E+00	16	880	884	-2588	-6	2583	2588	0
96511927	-1	685	2.242E-195	1	6	2576	41	685	0.447	4.102E-210	53	896	909	-2576	-6	2571	2588	0
96957491	-1	1307	0.000E+00	1	0	2588	41	1307	0.748	0.000E+00	17	879	880	-2588	0	2589	2588	0
97040518	-1	1166	0.000E+00	1	6	2588	41	1166	0.674	0.000E+00	15	884	888	-2588	-6	2583	2588	0
97937803	-1	651	3.851E-185	1	6	2576	41	651	0.431	1.330E-198	70	902	912	-2576	-6	2571	2588	0
98133268	-1	606	1.355E-171	1	24	2570	41	606	0.411	6.442E-183	24	832	878	-2570	-24	2547	2588	0
98951756	-1	554	6.102E-156	1	0	2576	41	554	0.382	2.224E-165	49	836	842	-2576	0	2577	2588	0
99480755	-1	683	8.966E-195	1	6	2576	41	683	0.446	2.666E-209	53	896	909	-2576	-6	2571	2588	0
99662077	-1	715	2.088E-204	1	0	2576	41	715	0.461	2.792E-220	56	896	903	-2576	0	2577	2588	0
101414872	-1	657	6.017E-187	1	0	2576	41	657	0.433	1.694E-200	51	881	883	-2576	0	2577	2588	0
104086361	-1	421	6.645E-116	1	24	2576	41	421	0.319	4.366E-120	43	674	683	-2576	-24	2553	2588	0
104276615	-1	690	7.005E-197	1	6	2576	41	690	0.449	9.701E-212	53	896	909	-2576	-6	2571	2588	0
106394053	-1	346	2.510E-93	1	0	2576	41	346	0.281	4.346E-95	55	751	753	-2576	0	2577	2588	0
107512325	-1	665	2.350E-189	1	21	2576	41	665	0.439	2.430E-203	49	871	880	-2576	-21	2556	2588	0
109474763	-1	659	1.504E-187	1	18	2585	41	659	0.435	3.564E-201	74	904	912	-2585	-18	2568	2588	0
109946794	-1	691	3.503E-197	1	6	2576	41	691	0.450	3.804E-212	53	896	909	-2576	-6	2571	2588	0
109950782	-1	689	1.401E-196	1	6	2576	41	689	0.449	1.325E-211	53	896	909	-2576	-6	2571	2588	0
109998800	-1	687	5.604E-196	1	6	2576	41	687	0.448	6.308E-211	53	896	909	-2576	-6	2571	2588	0
110096904	-1	690	7.005E-197	1	6	2576	41	690	0.450	7.101E-212	53	896	909	-2576	-6	2571	2588	0
110301368	-1	690	7.005E-197	1	6	2576	41	690	0.450	7.101E-212	49	877	881	-2576	-6	2571	2588	0
111700576	-1	692	1.751E-197	1	6	2576	41	692	0.450	2.038E-212	56	899	912	-2576	-6	2571	2588	0
111759648	-1	644	4.929E-183	1	21	2570	41	644	0.430	3.628E-196	56	878	905	-2570	-21	2550	2588	0
112076703	-1	679	1.435E-193	1	15	2576	41	679	0.445	4.418E-208	53	893	909	-2576	-15	2562	2588	0
112969645	-1	643	9.859E-183	1	0	2576	41	643	0.426	9.238E-196	50	880	882	-2576	0	2577	2588	0
114036119	-1	730	6.371E-209	1	6	2576	41	730	0.469	1.047E-225	56	894	903	-2576	-6	2571	2588	0
119728191	-1	645	2.465E-183	1	0	2576	41	645	0.427	2.657E-196	42	872	874	-2576	0	2577	2588	0
119829008	-1	705	2.138E-201	1	0	2576	41	705	0.456	5.016E-217	56	896	903	-2576	0	2577	2588	0
120303781	-1	384	9.132E-105	1	15	2588	41	384	0.299	1.302E-107	50	743	751	-2588	-15	2574	2588	0
120840325	-1	557	7.628E-157	1	9	2576	41	557	0.385	3.457E-166	50	844	854	-2576	-9	2568	2588	0
121160905	-1	352	3.922E-95	1	0	2567	41	352	0.284	4.648E-97	55	744	746	-2567	0	2568	2588	0
122276023	-1	389	2.854E-106	1	27	2567	41	389	0.304	1.826E-109	49	678	688	-2567	-27	2541	2588	0
123780213	-1	649	1.540E-184	1	0	2576	41	649	0.429	1.178E-197	50	880	882	-2576	0	2577	2588	0
123918532	-1	421	6.645E-116	1	24	2576	41	421	0.319	3.214E-120	41	674	683	-2576	-24	2553	2588	0
124188084	-1	712	1.670E-203	1	0	2576	41	712	0.459	2.484E-219	56	896	903	-2576	0	2577	2588	0
124363796	-1	679	1.435E-193	1	6	2576	41	679	0.444	3.234E-208	56	899	912	-2576	-6	2571	2588	0
124824181	-1	432	3.245E-119	1	24	2576	41	432	0.325	5.999E-124	41	674	684	-2576	-24	2553	2588	0
124934266	-1	715	2.088E-204	1	0	2576	41	715	0.461	1.495E-220	56	896	903	-2576	0	2577	2588	0
125060858	-1	697	5.473E-199	1	6	2576	41	697	0.453	2.580E-214	53	896	909	-2576	-6	2571	2588	0
125126182	-1	712	1.670E-203	1	0	2576	41	712	0.459	2.484E-219	56	896	903	-2576	0	2577	2588	0
126046109	-1	644	4.929E-183	1	6	2570	41	644	0.428	3.628E-196	56	884	899	-2570	-6	2565	2588	0
126628595	-1	657	6.017E-187	1	3	2585	41	657	0.432	2.313E-200	65	898	954	-2585	-3	2583	2588	0
127126045	-1	686	1.121E-195	1	6	2576	41	686	0.448	2.198E-210	54	885	893	-2576	-6	2571	2588	0
129626232	-1	430	1.298E-118	1	24	2576	41	430	0.324	2.782E-123	41	674	684	-2576	-24	2553	2588	0
129730400	-1	730	6.371E-209	1	0	2576	41	730	0.468	1.431E-225	56	896	903	-2576	0	2577	2588	0
133750086	-1	368	5.985E-100	1	24	2507	41	368	0.298	3.397E-102	86	730	740	-2507	-24	2484	2588	0
134537032	-1	525	3.276E-147	1	9	2576	41	525	0.369	2.761E-155	72	869	874	-2576	-9	2568	2588	0
134737126	-1	336	2.571E-90	1	24	2576	41	336	0.277	1.509E-91	52	714	724	-2576	-24	2553	2588	0
137869202	-1	556	1.526E-156	1	9	2576	41	556	0.384	4.714E-166	63	859	1157	-2576	-9	2568	2588	0
138328523	-1	683	8.966E-195	1	6	2576	41	683	0.446	1.429E-209	53	896	909	-2576	-6	2571	2588	0
138362925	-1	683	8.966E-195	1	0	2588	41	683	0.440	1.952E-209	19	890	891	-2588	0	2589	2588	0
138993108	-1	691	3.503E-197	1	6	2576	41	691	0.450	3.804E-212	53	896	909	-2576	-6	2571	2588	0
139355499	-1	721	3.262E-206	1	0	2576	41	721	0.464	1.887E-222	56	892	899	-2576	0	2577	2588	0
139375335	-1	694	4.378E-198	1	6	2576	41	694	0.451	4.281E-213	53	896	909	-2576	-6	2571	2588	0
139439227	-1	683	8.966E-195	1	6	2576	41	683	0.446	2.666E-209	53	896	909	-2576	-6	2571	2588	0
139959489	-1	713	8.351E-204	1	0	2576	41	713	0.460	9.736E-220	56	896	903	-2576	0	2577	2588	0
141749542	-1	714	4.175E-204	1	0	2576	41	714	0.461	3.815E-220	56	896	903	-2576	0	2577	2588	0
142703305	-1	708	2.672E-202	1	0	2576	41	708	0.458	5.639E-218	56	896	903	-2576	0	2577	2588	0
143134618	-1	682	1.793E-194	1	6	2576	41	682	0.446	4.976E-209	53	896	909	-2576	-6	2571	2588	0
143931884	-1	554	6.102E-156	1	24	2576	41	554	0.385	2.224E-165	56	843	854	-2576	-24	2553	2588	0
144763485	-1	708	2.672E-202	1	0	2576	41	708	0.458	4.127E-218	56	896	903	-2576	0	2577	2588	0
145577718	-1	304	1.104E-80	1	12	2480	41	304	0.267	3.018E-81	21	680	693	-2480	-12	2469	2588	0
148995346	-1	1064	1.821E-309	1	6	2267	41	1064	0.704	0.000E+00	0	739	743	-2267	-6	2262	2588	0
149031758	-1	354	9.806E-96	1	0	2567	41	354	0.285	1.384E-97	76	770	772	-2567	0	2568	2588	0
149065271	-1	531	5.119E-149	1	3	2588	41	531	0.370	1.947E-157	54	855	1146	-2588	-3	2586	2588	0
150462665	-1	727	5.097E-208	1	21	2576	41	727	0.456	1.274E-224	24	910	918	-2576	-21	2556	2588	0
150950586	-1	372	3.741E-101	1	21	2567	41	372	0.295	1.628E-103	11	660	766	-2567	-21	2547	2588	0
151453821	-1	364	9.576E-99	1	24	2567	41	364	0.292	7.074E-101	59	739	751	-2567	-24	2544	2588	0
152301763	-1	374	9.352E-102	1	21	2567	41	374	0.297	1.938E-104	11	660	763	-2567	-21	2547	2588	0
152539768	-1	692	1.751E-197	1	6	2576	41	692	0.451	1.492E-212	53	896	909	-2576	-6	2571	2588	0
152544959	-1	727	5.097E-208	1	0	2576	41	727	0.467	1.742E-224	56	896	903	-2576	0	2577	2588	0
154135121	-1	686	1.121E-195	1	6	2576	41	686	0.448	2.198E-210	53	896	909	-2576	-6	2571	2588	0
154896991	-1	694	4.378E-198	1	6	2576	41	694	0.452	3.133E-213	53	896	909	-2576	-6	2571	2588	0
155427124	-1	424	8.306E-117	1	24	2576	41	424	0.321	2.768E-121	43	674	683	-2576	-24	2553	2588	0
156097948	-1	692	1.751E-197	1	6	2576	41	692	0.450	2.038E-212	53	896	909	-2576	-6	2571	2588	0
156639607	-1	358	6.129E-97	1	6	2576	41	358	0.287	4.941E-99	9	667	797	-2576	-6	2571	2588	0
156728358	-1	681	3.587E-194	1	6	2576	41	681	0.445	9.286E-209	53	896	909	-2576	-6	2571	2588	0
158879754	-1	274	1.185E-71	1	1488	2576	41	274	0.424	2.628E-71	9	373	502	-2576	-1488	1089	2588	0
159024513	-1	370	1.496E-100	1	6	2576	41	370	0.293	4.051E-103	59	744	747	-2576	-6	2571	2588	0
159471032	-1	714	4.175E-204	1	0	2576	41	714	0.461	3.815E-220	56	892	899	-2576	0	2577	2588	0
159645372	-1	713	8.351E-204	1	0	2576	41	713	0.460	1.330E-219	56	896	903	-2576	0	2577	2588	0
163455786	-1	435	4.056E-120	1	0	2576	41	435	0.324	9.512E-125	49	702	706	-2576	0	2577	2588	0
164323323	-1	354	9.806E-96	1	21	2588	41	354	0.285	1.384E-97	35	751	760	-2588	-21	2568	2588	0
164794891	-1	332	4.113E-89	1	24	2498	41	332	0.280	3.073E-90	96	729	739	-2498	-24	2475	2588	0
165399508	-1	471	5.902E-131	1	15	2588	41	471	0.342	6.633E-137	4	820	830	-2588	-15	2574	2588	0
168510669	-1	663	9.402E-189	1	21	2576	41	663	0.438	1.155E-202	54	883	897	-2576	-21	2556	2588	0
168520879	-1	651	3.851E-185	1	12	2570	41	651	0.432	2.480E-198	54	880	934	-2570	-12	2559	2588	0
168894130	-1	422	3.322E-116	1	24	2576	41	422	0.320	1.282E-120	43	677	687	-2576	-24	2553	2588	0
169677050	-1	713	8.351E-204	1	0	2576	41	713	0.460	9.736E-220	56	896	903	-2576	0	2577	2588	0
170363607	-1	365	4.788E-99	1	24	1601	41	365	0.402	2.846E-101	0	504	525	-1601	-24	1578	2588	0
170832629	-1	466	1.889E-129	1	24	2588	41	466	0.340	1.966E-135	15	816	851	-2588	-24	2565	2588	0
170927626	-1	682	1.793E-194	1	0	2576	41	682	0.445	3.642E-209	53	898	909	-2576	0	2577	2588	0
171135928	-1	321	8.423E-86	1	903	2567	41	321	0.353	1.034E-86	43	543	605	-2567	-903	1665	2588	0
171464038	-1	295	5.653E-78	1	1245	2588	41	295	0.386	3.887E-78	14	452	482	-2588	-1245	1344	2588	0
171647729	-1	474	7.377E-132	1	363	2576	41	474	0.381	5.634E-138	65	740	741	-2576	-363	2214	2588	0
172865558	-1	700	6.841E-200	1	6	2576	41	700	0.454	3.966E-215	53	896	909	-2576	-6	2571	2588	0
176640144	-1	433	1.622E-119	1	24	2576	41	433	0.325	3.247E-124	43	677	687	-2576	-24	2553	2588	0
176993658	-1	681	3.587E-194	1	6	2576	41	681	0.445	9.286E-209	53	896	909	-2576	-6	2571	2588	0
177513487	-1	570	9.311E-161	1	1521	2588	41	570	0.782	1.232E-170	23	378	401	-2588	-1521	1068	2588	0
178254557	-1	683	8.966E-195	1	6	2576	41	683	0.446	2.666E-209	56	899	912	-2576	-6	2571	2588	0
179421712	-1	712	1.670E-203	1	0	2576	41	712	0.459	2.484E-219	56	896	903	-2576	0	2577	2588	0
180326765	-1	703	8.551E-201	1	24	2588	41	703	0.457	2.389E-216	15	856	879	-2588	-24	2565	2588	0
180672606	-1	694	4.378E-198	1	6	2576	41	694	0.452	3.133E-213	53	896	909	-2576	-6	2571	2588	0
180715629	-1	689	1.401E-196	1	6	2576	41	689	0.449	1.325E-211	53	896	909	-2576	-6	2571	2588	0
181843940	-1	716	1.044E-204	1	0	2576	41	716	0.461	1.094E-220	56	896	903	-2576	0	2577	2588	0
181854972	-1	689	1.401E-196	1	6	2576	41	689	0.449	1.325E-211	53	896	909	-2576	-6	2571	2588	0
182320234	-1	1518	0.000E+00	1	0	2588	41	1518	0.849	0.000E+00	17	880	881	-2588	0	2589	2588	0
184643904	-1	693	8.756E-198	1	6	2576	41	693	0.451	7.991E-213	53	896	909	-2576	-6	2571	2588	0
184752783	-1	692	1.751E-197	1	6	2576	41	692	0.451	1.092E-212	53	896	909	-2576	-6	2571	2588	0
184907049	-1	688	2.802E-196	1	6	2576	41	688	0.448	4.618E-211	53	896	909	-2576	-6	2571	2588	0
185887189	-1	693	8.756E-198	1	6	2576	41	693	0.451	7.991E-213	53	896	909	-2576	-6	2571	2588	0
186039187	-1	712	1.670E-203	1	0	2576	41	712	0.459	2.484E-219	56	896	903	-2576	0	2577	2588	0
186320726	-1	691	3.503E-197	1	6	2576	41	691	0.450	5.197E-212	53	896	909	-2576	-6	2571	2588	0
186734625	-1	435	4.056E-120	1	24	2576	41	435	0.326	6.998E-125	41	674	684	-2576	-24	2553	2588	0
187892649	-1	714	4.175E-204	1	0	2576	41	714	0.461	3.815E-220	56	892	899	-2576	0	2577	2588	0
187973009	-1	662	1.880E-188	1	21	2576	41	662	0.438	2.944E-202	49	871	880	-2576	-21	2556	2588	0
188579743	-1	667	5.876E-190	1	21	2567	41	667	0.441	6.983E-204	53	875	884	-2567	-21	2547	2588	0
188794712	-1	526	1.638E-147	1	24	2576	41	526	0.371	1.487E-155	55	836	865	-2576	-24	2553	2588	0
188818975	-1	718	2.610E-205	1	0	2576	41	718	0.463	1.680E-221	54	894	901	-2576	0	2577	2588	0
195005298	-1	690	7.005E-197	1	6	2576	41	690	0.450	7.101E-212	53	896	909	-2576	-6	2571	2588	0
198430465	-1	653	9.628E-186	1	21	2576	41	653	0.434	2.800E-199	49	874	883	-2576	-21	2556	2588	0
199319303	-1	649	1.540E-184	1	6	2570	41	649	0.430	6.317E-198	54	882	934	-2570	-6	2565	2588	0
199975038	-1	432	3.245E-119	1	24	2576	41	432	0.325	5.999E-124	41	674	684	-2576	-24	2553	2588	0
200771769	-1	688	2.802E-196	1	6	2576	41	688	0.448	4.618E-211	53	896	909	-2576	-6	2571	2588	0
201099827	-1	657	6.017E-187	1	21	2576	41	657	0.435	2.313E-200	49	871	880	-2576	-21	2556	2588	0
201137281	-1	727	5.097E-208	1	0	2576	41	727	0.467	1.274E-224	56	896	903	-2576	0	2577	2588	0
201864348	-1	714	4.175E-204	1	0	2576	41	714	0.461	3.815E-220	56	896	903	-2576	0	2577	2588	0
202108271	-1	680	7.173E-194	1	6	2576	41	680	0.445	1.733E-208	56	899	912	-2576	-6	2571	2588	0
202353276	-1	650	7.702E-185	1	6	2570	41	650	0.431	4.626E-198	54	882	934	-2570	-6	2565	2588	0
202454107	-1	685	2.242E-195	1	6	2576	41	685	0.447	3.002E-210	54	885	893	-2576	-6	2571	2588	0
203258341	-1	722	1.631E-206	1	0	2576	41	722	0.465	5.410E-223	56	892	899	-2576	0	2577	2588	0
207276315	-1	439	2.535E-121	1	24	2576	41	439	0.328	4.414E-126	41	674	683	-2576	-24	2553	2588	0
207531887	-1	274	1.185E-71	1	462	2513	41	274	0.279	3.531E-71	3	501	525	-2513	-462	2052	2588	0
208309900	-1	431	6.489E-119	1	24	2576	41	431	0.324	1.506E-123	28	661	671	-2576	-24	2553	2588	0
208543915	-1	430	1.298E-118	1	24	2576	41	430	0.323	5.138E-123	41	674	684	-2576	-24	2553	2588	0
210446372	-1	665	2.350E-189	1	6	2570	41	665	0.438	3.320E-203	56	884	933	-2570	-6	2565	2588	0
210519409	-1	662	1.880E-188	1	21	2576	41	662	0.438	4.021E-202	50	879	893	-2576	-21	2556	2588	0
211220528	-1	646	1.232E-183	1	0	2576	41	646	0.427	7.640E-197	14	844	846	-2576	0	2577	2588	0
211799259	-1	690	7.005E-197	1	6	2576	41	690	0.450	7.101E-212	53	896	909	-2576	-6	2571	2588	0
212337147	-1	714	4.175E-204	1	0	2576	41	714	0.461	3.815E-220	56	896	903	-2576	0	2577	2588	0
213396677	-1	430	1.298E-118	1	24	2576	41	430	0.324	3.781E-123	43	677	687	-2576	-24	2553	2588	0
214920481	-1	717	5.219E-205	1	0	2576	41	717	0.462	5.858E-221	59	899	906	-2576	0	2577	2588	0
214954386	-1	363	1.915E-98	1	0	2576	41	363	0.289	1.298E-100	9	669	801	-2576	0	2577	2588	0
215739756	-1	691	3.503E-197	1	6	2576	41	691	0.450	5.197E-212	53	896	909	-2576	-6	2571	2588	0
215814034	-1	690	7.005E-197	1	6	2576	41	690	0.450	7.101E-212	53	896	909	-2576	-6	2571	2588	0
220420601	-1	647	6.162E-184	1	24	2588	41	647	0.429	5.595E-197	17	849	881	-2588	-24	2565	2588	0
221119046	-1	715	2.088E-204	1	0	2576	41	715	0.461	2.792E-220	56	896	903	-2576	0	2577	2588	0
221125084	-1	1044	1.909E-303	1	12	2363	41	1044	0.671	0.000E+00	2	776	782	-2363	-12	2352	2588	0
221390143	-1	339	3.213E-91	1	3	2498	41	339	0.282	1.351E-92	94	735	737	-2498	-3	2496	2588	0
222987247	-1	406	2.177E-111	1	21	2576	41	406	0.311	6.674E-115	41	684	699	-2576	-21	2556	2588	0
223376364	-1	332	4.113E-89	1	24	2576	41	332	0.275	3.073E-90	44	756	766	-2576	-24	2553	2588	0
223445088	-1	387	1.142E-105	1	123	2567	41	387	0.311	8.384E-109	43	651	652	-2567	-123	2445	2588	0
224049492	-1	400	1.394E-109	1	12	2576	41	400	0.308	6.534E-113	51	691	699	-2576	-12	2565	2588	0
224271204	-1	346	2.510E-93	1	21	2588	41	346	0.281	5.880E-95	39	756	765	-2588	-21	2568	2588	0
225184852	-1	385	4.566E-105	1	6	2576	41	385	0.300	3.849E-108	48	691	696	-2576	-6	2571	2588	0
225351984	-1	653	9.628E-186	1	6	2570	41	653	0.432	3.824E-199	54	882	934	-2570	-6	2565	2588	0
225527873	-1	343	2.008E-92	1	33	2576	41	343	0.281	6.596E-94	51	724	737	-2576	-33	2544	2588	0
226469728	-1	696	1.095E-198	1	6	2576	41	696	0.453	6.581E-214	53	896	909	-2576	-6	2571	2588	0
226688667	-1	688	2.802E-196	1	6	2576	41	688	0.448	4.618E-211	53	896	909	-2576	-6	2571	2588	0
226972633	-1	689	1.401E-196	1	6	2576	41	689	0.449	1.325E-211	53	896	909	-2576	-6	2571	2588	0
227090815	-1	712	1.670E-203	1	0	2576	41	712	0.459	2.484E-219	56	896	903	-2576	0	2577	2588	0
229116553	-1	372	3.741E-101	1	0	2567	41	372	0.294	1.628E-103	0	643	645	-2567	0	2568	2588	0
229347170	-1	683	8.966E-195	1	6	2576	41	683	0.446	1.952E-209	54	885	893	-2576	-6	2571	2588	0
231232077	-1	487	9.005E-136	1	15	2576	41	487	0.351	1.570E-142	31	823	830	-2576	-15	2562	2588	0
231668293	-1	675	2.295E-192	1	0	2576	41	675	0.441	1.366E-206	54	895	897	-2576	0	2577	2588	0
232556672	-1	716	1.044E-204	1	0	2576	41	716	0.461	1.094E-220	56	896	903	-2576	0	2577	2588	0
234831086	-1	561	4.767E-158	1	9	2576	41	561	0.387	8.349E-168	53	849	1147	-2576	-9	2568	2588	0
236555689	-1	691	3.503E-197	1	6	2576	41	691	0.450	5.197E-212	53	896	909	-2576	-6	2571	2588	0
237487167	-1	370	1.496E-100	1	0	2507	41	370	0.297	7.439E-103	65	720	722	-2507	0	2508	2588	0
237760022	-1	518	4.193E-145	1	12	2567	41	518	0.367	7.256E-153	0	785	796	-2567	-12	2556	2588	0
238301359	-1	652	1.926E-185	1	6	2576	41	652	0.431	9.739E-199	31	863	875	-2576	-6	2571	2588	0
239583955	-1	316	2.695E-84	1	24	2576	41	316	0.268	3.792E-85	54	757	766	-2576	-24	2553	2588	0
240423324	-1	375	4.676E-102	1	24	2567	41	375	0.297	1.430E-104	11	659	763	-2567	-24	2544	2588	0
240920855	-1	331	8.226E-89	1	6	2519	41	331	0.277	7.585E-90	78	744	748	-2519	-6	2514	2588	0
242246721	-1	730	6.371E-209	1	0	2576	41	730	0.469	1.047E-225	56	896	903	-2576	0	2577	2588	0
242751974	-1	687	5.604E-196	1	6	2576	41	687	0.448	6.308E-211	53	896	909	-2576	-6	2571	2588	0
243653439	-1	364	9.576E-99	1	21	2588	41	364	0.290	3.855E-101	38	752	761	-2588	-21	2568	2588	0
243773182	-1	667	5.876E-190	1	6	2570	41	667	0.439	6.983E-204	56	884	940	-2570	-6	2565	2588	0
244514164	-1	640	7.887E-182	1	6	2567	41	640	0.426	1.117E-194	55	882	885	-2567	-6	2562	2588	0
244673181	-1	332	4.113E-89	1	6	2519	41	332	0.278	3.073E-90	78	744	748	-2519	-6	2514	2588	0
246111701	-1	691	3.503E-197	1	6	2576	41	691	0.450	2.784E-212	53	896	909	-2576	-6	2571	2588	0
250066705	-1	401	6.968E-110	1	24	2576	41	401	0.309	2.613E-113	30	674	686	-2576	-24	2553	2588	0
251568352	-1	477	9.221E-133	1	0	2576	41	477	0.345	4.781E-139	59	848	850	-2576	0	2577	2588	0
252248609	-1	424	8.306E-117	1	45	2576	41	424	0.322	3.761E-121	8	796	844	-2576	-45	2532	2588	0
253145817	-1	219	4.271E-55	1	1758	2411	41	219	0.528	1.442E-53	14	231	246	-2411	-1758	654	2588	0
253496499	-1	347	1.255E-93	1	51	2588	41	347	0.284	2.374E-95	43	754	774	-2588	-51	2538	2588	0
254146134	-1	362	3.830E-98	1	6	2576	41	362	0.289	1.758E-100	9	667	801	-2576	-6	2571	2588	0
254477570	-1	354	9.806E-96	1	24	2567	41	354	0.287	1.023E-97	0	674	690	-2567	-24	2544	2588	0
254596227	-1	359	3.064E-97	1	0	2576	41	359	0.287	3.649E-99	9	669	800	-2576	0	2577	2588	0
255201800	-1	651	3.851E-185	1	6	2570	41	651	0.431	1.330E-198	54	882	934	-2570	-6	2565	2588	0
255807629	-1	346	2.510E-93	1	27	2576	41	346	0.282	7.956E-95	49	733	744	-2576	-27	2550	2588	0
255808874	-1	682	1.793E-194	1	6	2576	41	682	0.446	3.642E-209	53	896	909	-2576	-6	2571	2588	0
256151124	-1	714	4.175E-204	1	0	2576	41	714	0.460	5.214E-220	56	896	903	-2576	0	2577	2588	0
256959722	-1	730	6.371E-209	1	6	2576	41	730	0.469	1.956E-225	56	894	903	-2576	-6	2571	2588	0
258346536	-1	341	8.033E-92	1	15	2498	41	341	0.284	2.208E-93	96	732	739	-2498	-15	2484	2588	0
258498716	-1	687	5.604E-196	1	6	2576	41	687	0.448	6.308E-211	53	896	909	-2576	-6	2571	2588	0
258891994	-1	679	1.435E-193	1	6	2576	41	679	0.444	3.234E-208	50	878	882	-2576	-6	2571	2588	0
261132161	-1	708	2.672E-202	1	0	2576	41	708	0.458	5.639E-218	56	896	903	-2576	0	2577	2588	0
261481269	-1	722	1.631E-206	1	0	2576	41	722	0.464	7.393E-223	56	892	899	-2576	0	2577	2588	0
261601347	-1	438	5.070E-121	1	24	2576	41	438	0.328	6.001E-126	41	674	683	-2576	-24	2553	2588	0
261738105	-1	649	1.540E-184	1	21	2576	41	649	0.432	6.317E-198	54	883	897	-2576	-21	2556	2588	0
265761209	-1	721	3.262E-206	1	0	2576	41	721	0.464	2.579E-222	56	896	903	-2576	0	2577	2588	0
266043955	-1	320	1.685E-85	1	126	2567	41	320	0.276	2.547E-86	46	668	669	-2567	-126	2442	2588	0
266611960	-1	332	4.113E-89	1	24	2498	41	332	0.280	3.073E-90	96	729	739	-2498	-24	2475	2588	0
267877554	-1	434	8.111E-120	1	24	2576	41	434	0.326	1.758E-124	43	677	687	-2576	-24	2553	2588	0
269501806	-1	642	1.972E-182	1	0	2576	41	642	0.425	1.723E-195	50	880	882	-2576	0	2577	2588	0
269585402	-1	361	7.661E-98	1	21	2588	41	361	0.289	4.368E-100	38	751	760	-2588	-21	2568	2588	0
270198058	-1	686	1.121E-195	1	6	2576	41	686	0.448	2.198E-210	54	885	893	-2576	-6	2571	2588	0
270385065	-1	649	1.540E-184	1	0	2576	41	649	0.429	8.627E-198	50	880	882	-2576	0	2577	2588	0
270672366	-1	646	1.232E-183	1	0	2576	41	646	0.427	1.425E-196	50	880	882	-2576	0	2577	2588	0
270883602	-1	715	2.088E-204	1	0	2576	41	715	0.461	2.792E-220	56	896	903	-2576	0	2577	2588	0
271401203	-1	728	2.548E-208	1	6	2576	41	728	0.468	4.992E-225	56	890	899	-2576	-6	2571	2588	0
271776777	-1	712	1.670E-203	1	0	2576	41	712	0.459	2.484E-219	56	896	903	-2576	0	2577	2588	0
272420018	-1	310	1.725E-82	1	1653	2588	41	310	0.526	4.583E-83	17	326	333	-2588	-1653	936	2588	0
272448923	-1	709	1.336E-202	1	0	2576	41	709	0.458	3.020E-218	56	896	903	-2576	0	2577	2588	0
272549091	-1	368	5.985E-100	1	0	2576	41	368	0.292	1.851E-102	9	669	801	-2576	0	2577	2588	0
274205656	-1	732	1.593E-209	1	6	2576	41	732	0.470	3.001E-226	56	894	903	-2576	-6	2571	2588	0
275676359	-1	713	8.351E-204	1	0	2576	41	713	0.460	7.124E-220	56	896	903	-2576	0	2577	2588	0
279459933	-1	717	5.219E-205	1	6	2576	41	717	0.463	3.137E-221	53	880	892	-2576	-6	2571	2588	0
279834539	-1	338	6.426E-91	1	6	2567	41	338	0.278	2.470E-92	52	740	743	-2567	-6	2562	2588	0
280825957	-1	693	8.756E-198	1	6	2576	41	693	0.451	7.991E-213	53	889	898	-2576	-6	2571	2588	0
281373245	-1	492	2.814E-137	1	0	2585	41	492	0.351	2.836E-144	10	808	810	-2585	0	2586	2588	0
281518636	-1	713	8.351E-204	1	0	2576	41	713	0.460	7.124E-220	56	896	903	-2576	0	2577	2588	0
281703042	-1	682	1.793E-194	1	6	2576	41	682	0.446	3.642E-209	54	885	893	-2576	-6	2571	2588	0
283697997	-1	426	2.076E-117	1	24	2576	41	426	0.322	5.976E-122	41	675	684	-2576	-24	2553	2588	0
283707725	-1	689	1.401E-196	1	6	2576	41	689	0.449	2.474E-211	53	896	909	-2576	-6	2571	2588	0
284093346	-1	689	1.401E-196	1	6	2576	41	689	0.449	1.811E-211	53	896	909	-2576	-6	2571	2588	0
284332019	-1	691	3.503E-197	1	6	2576	41	691	0.450	2.784E-212	53	896	909	-2576	-6	2571	2588	0
285307994	-1	362	3.830E-98	1	21	2588	41	362	0.289	3.225E-100	38	751	760	-2588	-21	2568	2588	0
286219719	-1	691	3.503E-197	1	6	2576	41	691	0.450	3.804E-212	53	896	909	-2576	-6	2571	2588	0
287529680	-1	689	1.401E-196	1	6	2576	41	689	0.449	1.811E-211	53	896	909	-2576	-6	2571	2588	0
288011075	-1	691	3.503E-197	1	6	2576	41	691	0.450	2.784E-212	53	896	909	-2576	-6	2571	2588	0
289430147	-1	716	1.044E-204	1	6	2588	41	716	0.461	1.094E-220	17	858	877	-2588	-6	2583	2588	0
289881235	-1	294	1.131E-77	1	426	2588	41	294	0.282	9.497E-78	30	579	602	-2588	-426	2163	2588	0
290104297	-1	389	2.854E-106	1	24	2576	41	389	0.304	1.826E-109	41	681	691	-2576	-24	2553	2588	0
290317425	-1	426	2.076E-117	1	24	2576	41	426	0.321	1.103E-121	43	674	683	-2576	-24	2553	2588	0
293694969	-1	687	5.604E-196	1	6	2576	41	687	0.448	1.177E-210	50	878	882	-2576	-6	2571	2588	0
293716032	-1	360	1.532E-97	1	21	2567	41	360	0.290	1.085E-99	42	752	761	-2567	-21	2547	2588	0
294396140	-1	362	3.830E-98	1	0	2573	41	362	0.288	3.225E-100	58	756	763	-2573	0	2574	2588	0
294426683	-1	709	1.336E-202	1	0	2576	41	709	0.458	2.210E-218	56	896	903	-2576	0	2577	2588	0
295073040	-1	355	4.903E-96	1	21	2588	41	355	0.286	4.122E-98	38	751	760	-2588	-21	2568	2588	0
295121761	-1	355	4.903E-96	1	6	2498	41	355	0.291	7.555E-98	93	767	771	-2498	-6	2493	2588	0
295268603	-1	436	2.028E-120	1	24	2576	41	436	0.327	2.786E-125	41	675	684	-2576	-24	2553	2588	0
295767435	-1	716	1.044E-204	1	0	2576	41	716	0.461	1.094E-220	56	896	903	-2576	0	2577	2588	0
297820902	-1	715	2.088E-204	1	0	2576	41	715	0.461	2.043E-220	56	896	903	-2576	0	2577	2588	0
298279120	-1	433	1.622E-119	1	15	2576	41	433	0.324	4.413E-124	41	677	704	-2576	-15	2562	2588	0
301503007	-1	331	8.226E-89	1	9	2576	41	331	0.274	7.585E-90	39	726	731	-2576	-9	2568	2588	0
302005286	-1	668	2.938E-190	1	6	2570	41	668	0.439	3.743E-204	56	884	933	-2570	-6	2565	2588	0
302056967	-1	696	1.095E-198	1	0	2576	41	696	0.452	6.581E-214	53	898	909	-2576	0	2577	2588	0
302833781	-1	284	1.158E-74	1	1521	2576	41	284	0.447	1.191E-74	41	393	396	-2576	-1521	1056	2588	0
302942073	-1	716	1.044E-204	1	0	2576	41	716	0.462	8.006E-221	56	896	903	-2576	0	2577	2588	0
303677832	-1	712	1.670E-203	1	0	2576	41	712	0.460	1.818E-219	56	896	903	-2576	0	2577	2588	0
304995907	-1	728	2.548E-208	1	0	2576	41	728	0.467	9.325E-225	56	892	899	-2576	0	2577	2588	0
307648941	-1	415	4.253E-114	1	24	2576	41	415	0.316	3.180E-118	43	674	683	-2576	-24	2553	2588	0
309090249	-1	644	4.929E-183	1	0	2576	41	644	0.426	6.765E-196	50	880	882	-2576	0	2577	2588	0
309212348	-1	557	7.628E-157	1	9	2576	41	557	0.385	3.457E-166	63	859	1157	-2576	-9	2568	2588	0
309244658	-1	370	1.496E-100	1	0	2576	41	370	0.292	5.489E-103	9	669	801	-2576	0	2577	2588	0
309461831	-1	653	9.628E-186	1	21	2576	41	653	0.433	3.824E-199	45	868	878	-2576	-21	2556	2588	0
311301352	-1	382	3.653E-104	1	21	2588	41	382	0.299	5.971E-107	23	714	724	-2588	-21	2568	2588	0
313669452	-1	715	2.088E-204	1	0	2576	41	715	0.461	2.043E-220	56	896	903	-2576	0	2577	2588	0
314092309	-1	682	1.793E-194	1	6	2576	41	682	0.446	4.976E-209	53	896	909	-2576	-6	2571	2588	0
314344442	-1	648	3.081E-184	1	0	2576	41	648	0.428	1.609E-197	14	844	846	-2576	0	2577	2588	0
315389753	-1	1215	0.000E+00	1	6	2588	41	1215	0.697	0.000E+00	17	887	890	-2588	-6	2583	2588	0
315628583	-1	663	9.402E-189	1	6	2570	41	663	0.437	1.155E-202	56	884	933	-2570	-6	2565	2588	0
316724474	-1	715	2.088E-204	1	0	2576	41	715	0.461	2.043E-220	56	896	903	-2576	0	2577	2588	0
316813578	-1	695	2.189E-198	1	6	2576	41	695	0.452	1.229E-213	53	896	909	-2576	-6	2571	2588	0
318235628	-1	691	3.503E-197	1	6	2576	41	691	0.450	2.784E-212	53	896	909	-2576	-6	2571	2588	0
318389137	-1	395	4.459E-108	1	24	2576	41	395	0.306	2.549E-111	53	693	708	-2576	-24	2553	2588	0
318577118	-1	653	9.628E-186	1	12	2570	41	653	0.433	5.222E-199	54	880	934	-2570	-12	2559	2588	0
319444562	-1	665	2.350E-189	1	0	2576	41	665	0.437	3.320E-203	52	881	883	-2576	0	2577	2588	0
319830630	-1	722	1.631E-206	1	0	2576	41	722	0.464	7.393E-223	54	894	901	-2576	0	2577	2588	0
322578015	-1	489	2.251E-136	1	24	2567	41	489	0.354	3.354E-143	40	826	835	-2567	-24	2544	2588	0
323374580	-1	439	2.535E-121	1	0	1787	41	439	0.420	2.388E-126	1	591	611	-1787	0	1788	2588	0
324668860	-1	651	3.851E-185	1	6	2576	41	651	0.431	1.330E-198	79	911	921	-2576	-6	2571	2588	0
325083826	-1	132	6.609E-29	1	16	621	40	132	0.378	1.744E-27	0	202	254	-621	-16	606	1488	1
325807971	-1	520	1.048E-145	1	27	2588	41	520	0.367	1.133E-153	49	836	1140	-2588	-27	2562	2588	0
325901935	-1	434	8.111E-120	1	24	2576	41	434	0.326	1.758E-124	41	674	684	-2576	-24	2553	2588	0
326775604	-1	336	2.571E-90	1	6	2576	41	336	0.276	1.509E-91	14	686	690	-2576	-6	2571	2588	0
329659135	-1	689	1.401E-196	1	6	2576	41	689	0.449	1.325E-211	53	896	909	-2576	-6	2571	2588	0
329811735	-1	636	1.262E-180	1	6	2567	41	636	0.424	2.515E-193	55	882	892	-2567	-6	2562	2588	0
330006733	-1	362	3.830E-98	1	0	2576	41	362	0.289	1.758E-100	9	669	801	-2576	0	2577	2588	0
330195073	-1	642	1.972E-182	1	6	2567	41	642	0.427	1.723E-195	55	882	885	-2567	-6	2562	2588	0
330221862	-1	719	1.305E-205	1	0	2576	41	719	0.463	6.582E-222	56	892	899	-2576	0	2577	2588	0
330550544	-1	689	1.401E-196	1	6	2576	41	689	0.449	1.811E-211	53	896	909	-2576	-6	2571	2588	0
331399058	-1	426	2.076E-117	1	24	2576	41	426	0.321	1.103E-121	41	674	684	-2576	-24	2553	2588	0
332744057	-1	1263	0.000E+00	1	6	2588	41	1263	0.728	0.000E+00	17	874	897	-2588	-6	2583	2588	0
332805475	-1	373	1.870E-101	1	24	2567	41	373	0.296	6.539E-104	53	737	749	-2567	-24	2544	2588	0
333566701	-1	374	9.352E-102	1	24	2567	41	374	0.297	1.938E-104	11	659	763	-2567	-24	2544	2588	0
334529528	-1	302	4.416E-80	1	12	2585	41	302	0.259	1.812E-80	6	695	708	-2585	-12	2574	2588	0
336583059	-1	359	3.064E-97	1	0	2576	41	359	0.287	2.695E-99	9	669	800	-2576	0	2577	2588	0
337221997	-1	373	1.870E-101	1	24	2567	41	373	0.296	6.539E-104	59	743	755	-2567	-24	2544	2588	0
337621802	-1	332	4.113E-89	1	6	2576	41	332	0.274	2.274E-90	58	737	741	-2576	-6	2571	2588	0
338604244	-1	661	3.761E-188	1	21	2576	41	661	0.437	1.024E-201	49	871	880	-2576	-21	2556	2588	0
338645493	-1	318	6.739E-85	1	33	2588	41	318	0.268	8.461E-86	36	725	738	-2588	-33	2556	2588	0
338765976	-1	449	2.475E-124	1	24	2588	41	449	0.332	2.034E-129	14	801	835	-2588	-24	2565	2588	0
339180258	-1	336	2.571E-90	1	24	2576	41	336	0.277	1.509E-91	46	735	745	-2576	-24	2553	2588	0
340719592	-1	342	4.017E-92	1	0	2576	41	342	0.278	1.632E-93	31	711	713	-2576	0	2577	2588	0
341289180	-1	381	7.306E-104	1	18	2567	41	381	0.300	1.098E-106	59	745	755	-2567	-18	2550	2588	0
342543544	-1	359	3.064E-97	1	21	2588	41	359	0.288	2.695E-99	38	751	760	-2588	-21	2568	2588	0
343232689	-1	568	3.725E-160	1	9	2576	41	568	0.390	5.820E-170	61	857	1155	-2576	-9	2568	2588	0
343335355	-1	689	1.401E-196	1	6	2576	41	689	0.449	1.325E-211	53	896	909	-2576	-6	2571	2588	0
343622819	-1	432	3.245E-119	1	24	2576	41	432	0.325	5.999E-124	41	674	684	-2576	-24	2553	2588	0
346589860	-1	665	2.350E-189	1	6	2570	41	665	0.438	2.430E-203	55	883	902	-2570	-6	2565	2588	0
347144599	-1	722	1.631E-206	1	21	2576	41	722	0.453	7.393E-223	24	910	918	-2576	-21	2556	2588	0
347427797	-1	1316	0.000E+00	1	0	2588	41	1316	0.752	0.000E+00	17	878	879	-2588	0	2589	2588	0
348330615	-1	369	2.993E-100	1	0	2576	41	369	0.292	1.366E-102	9	669	801	-2576	0	2577	2588	0
348573819	-1	379	2.922E-103	1	6	2588	41	379	0.296	5.031E-106	36	681	938	-2588	-6	2583	2588	0
351514737	-1	512	2.684E-143	1	0	2021	41	512	0.430	5.517E-151	0	651	667	-2021	0	2022	2588	0
352595898	-1	166	3.847E-39	1	1807	2274	34	166	0.552	3.741E-40	132	287	288	-2274	-1807	468	2586	1492
354933799	-1	729	1.274E-208	1	0	2576	41	729	0.468	3.653E-225	56	896	903	-2576	0	2577	2588	0
356030298	-1	463	1.511E-128	1	1110	2576	41	463	0.501	3.144E-134	50	546	594	-2576	-1110	1467	2588	0
356560623	-1	686	1.121E-195	1	6	2576	41	686	0.448	1.609E-210	53	896	909	-2576	-6	2571	2588	0
356595809	-1	613	1.059E-173	1	33	2588	41	613	0.413	2.383E-185	14	840	867	-2588	-33	2556	2588	0
357167639	-1	651	3.851E-185	1	21	2576	41	651	0.432	1.816E-198	48	877	891	-2576	-21	2556	2588	0
357255599	-1	714	4.175E-204	1	6	2576	41	714	0.461	3.815E-220	56	894	903	-2576	-6	2571	2588	0
357294198	-1	711	3.340E-203	1	0	2576	41	711	0.459	6.339E-219	56	896	903	-2576	0	2577	2588	0
357371410	-1	685	2.242E-195	1	6	2576	41	685	0.447	4.102E-210	53	896	909	-2576	-6	2571	2588	0
357378172	-1	709	1.336E-202	1	0	2576	41	709	0.458	1.617E-218	56	896	903	-2576	0	2577	2588	0
358403710	-1	724	4.077E-207	1	0	2576	41	724	0.466	1.135E-223	56	892	899	-2576	0	2577	2588	0
359125266	-1	689	1.401E-196	1	6	2576	41	689	0.449	1.325E-211	39	867	871	-2576	-6	2571	2588	0
359225298	-1	515	3.355E-144	1	12	2576	41	515	0.364	6.328E-152	50	828	833	-2576	-12	2565	2588	0
359600743	-1	663	9.402E-189	1	21	2576	41	663	0.438	1.155E-202	49	871	880	-2576	-21	2556	2588	0
361246136	-1	677	5.739E-193	1	6	2588	41	677	0.442	2.871E-207	17	857	876	-2588	-6	2583	2588	0
361629345	-1	627	6.461E-178	1	6	2567	41	627	0.420	4.429E-190	55	879	889	-2567	-6	2562	2588	0
367201765	-1	279	3.705E-73	1	537	2576	41	279	0.283	7.551E-73	37	533	534	-2576	-537	2040	2588	0
367464121	-1	691	3.503E-197	1	6	2576	41	691	0.450	3.804E-212	49	877	881	-2576	-6	2571	2588	0
367871216	-1	654	4.814E-186	1	6	2570	41	654	0.433	1.501E-199	54	882	934	-2570	-6	2565	2588	0
367947478	-1	400	1.394E-109	1	0	2576	41	400	0.307	6.534E-113	41	688	692	-2576	0	2577	2588	0
368371108	-1	371	7.481E-101	1	24	2507	41	371	0.300	2.206E-103	71	718	728	-2507	-24	2484	2588	0
369014107	-1	289	3.618E-76	1	1329	2588	41	289	0.399	3.373E-76	4	419	429	-2588	-1329	1260	2588	0
370891964	-1	689	1.401E-196	1	6	2576	41	689	0.449	2.474E-211	53	896	909	-2576	-6	2571	2588	0
370939077	-1	689	1.401E-196	1	6	2576	41	689	0.449	1.811E-211	53	896	909	-2576	-6	2571	2588	0
371572436	-1	665	2.350E-189	1	6	2570	41	665	0.438	3.320E-203	55	883	902	-2570	-6	2565	2588	0
372777838	-1	442	3.168E-122	1	21	2576	41	442	0.329	2.781E-127	35	672	683	-2576	-21	2556	2588	0
373275305	-1	691	3.503E-197	1	6	2576	41	691	0.450	2.784E-212	53	896	909	-2576	-6	2571	2588	0
374270340	-1	648	3.081E-184	1	6	2570	41	648	0.430	1.609E-197	54	882	934	-2570	-6	2565	2588	0
374618214	-1	692	1.751E-197	1	6	2576	41	692	0.451	1.092E-212	53	896	909	-2576	-6	2571	2588	0
374824191	-1	696	1.095E-198	1	6	2576	41	696	0.453	4.817E-214	53	896	909	-2576	-6	2571	2588	0
375091780	-1	692	1.751E-197	1	6	2576	41	692	0.450	2.038E-212	53	896	909	-2576	-6	2571	2588	0
376078081	-1	689	1.401E-196	1	6	2576	41	689	0.449	1.811E-211	53	896	909	-2576	-6	2571	2588	0
376082895	-1	732	1.593E-209	1	6	2576	41	732	0.470	2.195E-226	56	894	903	-2576	-6	2571	2588	0
376572430	-1	687	5.604E-196	1	6	2576	41	687	0.448	6.308E-211	53	896	909	-2576	-6	2571	2588	0
376696698	-1	713	8.351E-204	1	0	2576	41	713	0.460	7.124E-220	56	896	903	-2576	0	2577	2588	0
380295870	-1	690	7.005E-197	1	12	2576	41	690	0.450	9.701E-212	53	884	891	-2576	-12	2565	2588	0
380565508	-1	683	8.966E-195	1	6	2576	41	683	0.446	2.666E-209	53	896	909	-2576	-6	2571	2588	0
382128975	-1	381	7.306E-104	1	21	2588	41	381	0.298	1.098E-106	12	703	715	-2588	-21	2568	2588	0
382483195	-1	687	5.604E-196	1	6	2576	41	687	0.448	6.308E-211	55	887	893	-2576	-6	2571	2588	0
382909486	-1	355	4.903E-96	1	24	2576	41	355	0.287	5.580E-98	41	725	735	-2576	-24	2553	2588	0
382947452	-1	439	2.535E-121	1	24	2576	41	439	0.328	2.388E-126	41	674	683	-2576	-24	2553	2588	0
383912048	-1	697	5.473E-199	1	6	2576	41	697	0.453	3.525E-214	53	896	909	-2576	-6	2571	2588	0
384015765	-1	377	1.169E-102	1	21	2573	41	377	0.297	3.123E-105	28	714	724	-2573	-21	2553	2588	0
384098289	-1	435	4.056E-120	1	24	2576	41	435	0.326	6.998E-125	41	674	684	-2576	-24	2553	2588	0
385165626	-1	632	2.019E-179	1	0	2570	41	632	0.421	4.148E-192	52	880	882	-2570	0	2571	2588	0
385298956	-1	647	6.162E-184	1	0	2576	41	647	0.428	3.000E-197	50	880	882	-2576	0	2577	2588	0
385630054	-1	726	1.019E-207	1	0	2576	41	726	0.466	4.446E-224	56	896	903	-2576	0	2577	2588	0
386416180	-1	683	8.966E-195	1	6	2576	41	683	0.446	1.429E-209	53	896	909	-2576	-6	2571	2588	0
387101570	-1	717	5.219E-205	1	0	2576	41	717	0.462	5.858E-221	56	896	903	-2576	0	2577	2588	0
387530282	-1	710	6.681E-203	1	0	2576	41	710	0.459	1.184E-218	56	896	903	-2576	0	2577	2588	0
388377504	-1	685	2.242E-195	1	6	2567	41	685	0.448	5.603E-210	56	896	909	-2567	-6	2562	2588	0
389196988	-1	1222	0.000E+00	1	6	2588	41	1222	0.703	0.000E+00	24	891	896	-2588	-6	2583	2588	0
389221294	-1	1008	1.312E-292	1	0	2576	41	1008	0.604	2.431E-321	21	872	883	-2576	0	2577	2588	0
389774659	-1	708	2.672E-202	1	0	2576	41	708	0.458	5.639E-218	56	892	899	-2576	0	2577	2588	0
389816611	-1	905	1.330E-261	1	6	2588	41	905	0.553	6.347E-286	32	885	893	-2588	-6	2583	2588	0
390493786	-1	687	5.604E-196	1	6	2576	41	687	0.448	1.177E-210	53	896	909	-2576	-6	2571	2588	0
391668665	-1	725	2.039E-207	1	0	2576	41	725	0.466	8.304E-224	56	896	903	-2576	0	2577	2588	0
397444983	-1	716	1.044E-204	1	0	2576	41	716	0.461	1.094E-220	56	896	903	-2576	0	2577	2588	0
397553515	-1	717	5.219E-205	1	0	2576	41	717	0.462	5.858E-221	56	896	903	-2576	0	2577	2588	0
398839548	-1	713	8.351E-204	1	0	2576	41	713	0.460	7.124E-220	56	896	903	-2576	0	2577	2588	0
398844987	-1	563	1.192E-158	1	15	2576	41	563	0.388	3.291E-168	59	848	854	-2576	-15	2562	2588	0
399546661	-1	651	3.851E-185	1	21	2576	41	651	0.432	2.480E-198	54	883	897	-2576	-21	2556	2588	0
399925024	-1	681	3.587E-194	1	6	2576	41	681	0.445	1.269E-208	54	885	893	-2576	-6	2571	2588	0
400234166	-1	682	1.793E-194	1	6	2576	41	682	0.446	4.976E-209	53	896	909	-2576	-6	2571	2588	0
400820416	-1	721	3.262E-206	1	0	2576	41	721	0.464	2.579E-222	54	894	901	-2576	0	2577	2588	0
400968288	-1	1159	0.000E+00	1	9	2588	41	1159	0.678	0.000E+00	22	873	882	-2588	-9	2580	2588	0
402447978	-1	561	4.767E-158	1	21	2576	41	561	0.388	8.349E-168	60	852	1154	-2576	-21	2556	2588	0
403406583	-1	730	6.371E-209	1	0	2576	41	730	0.468	1.956E-225	56	896	903	-2576	0	2577	2588	0
406293661	-1	663	9.402E-189	1	21	2576	41	663	0.438	1.155E-202	49	871	880	-2576	-21	2556	2588	0
406724878	-1	260	1.942E-67	1	1623	2576	41	260	0.452	7.915E-67	41	358	361	-2576	-1623	954	2588	0
410123332	-1	716	1.044E-204	1	24	2588	41	716	0.463	1.094E-220	15	856	874	-2588	-24	2565	2588	0
410152154	-1	664	4.701E-189	1	21	2576	41	664	0.439	8.459E-203	49	871	880	-2576	-21	2556	2588	0
412095676	-1	352	3.922E-95	1	18	2498	41	352	0.290	4.648E-97	90	724	731	-2498	-18	2481	2588	0
414124459	-1	647	6.162E-184	1	0	2576	41	647	0.428	5.595E-197	50	880	882	-2576	0	2577	2588	0
416331809	-1	1307	0.000E+00	1	0	2588	41	1307	0.747	0.000E+00	17	879	880	-2588	0	2589	2588	0
416337640	-1	711	3.340E-203	1	0	2576	41	711	0.459	4.639E-219	56	896	903	-2576	0	2577	2588	0
417317888	-1	691	3.503E-197	1	6	2576	41	691	0.450	3.804E-212	53	896	909	-2576	-6	2571	2588	0
419030609	-1	665	2.350E-189	1	6	2570	41	665	0.438	2.430E-203	55	883	902	-2570	-6	2565	2588	0
419591092	-1	689	1.401E-196	1	6	2576	41	689	0.449	1.325E-211	53	896	909	-2576	-6	2571	2588	0
419602279	-1	689	1.401E-196	1	6	2576	41	689	0.449	1.811E-211	53	896	909	-2576	-6	2571	2588	0
420260890	-1	637	6.310E-181	1	6	2567	41	637	0.425	1.349E-193	55	882	892	-2567	-6	2562	2588	0
420393502	-1	648	3.081E-184	1	6	2570	41	648	0.430	2.197E-197	54	882	934	-2570	-6	2565	2588	0
421126924	-1	637	6.310E-181	1	6	2567	41	637	0.425	1.349E-193	55	882	892	-2567	-6	2562	2588	0
421343359	-1	646	1.232E-183	1	0	2576	41	646	0.427	1.425E-196	50	880	882	-2576	0	2577	2588	0
424199127	-1	689	1.401E-196	1	6	2576	41	689	0.449	2.474E-211	53	896	909	-2576	-6	2571	2588	0
425266534	-1	297	1.413E-78	1	1437	2576	41	297	0.438	6.502E-79	41	420	687	-2576	-1437	1140	2588	0
425728640	-1	431	6.489E-119	1	24	2576	41	431	0.324	2.047E-123	41	674	683	-2576	-24	2553	2588	0
425840912	-1	685	2.242E-195	1	6	2576	41	685	0.447	5.603E-210	60	888	892	-2576	-6	2571	2588	0
425889183	-1	522	2.621E-146	1	12	2567	41	522	0.369	3.286E-154	0	785	796	-2567	-12	2556	2588	0
426026334	-1	735	1.991E-210	1	6	2576	41	735	0.471	3.368E-227	14	844	857	-2576	-6	2571	2588	0
426483168	-1	431	6.489E-119	1	24	2576	41	431	0.324	1.506E-123	41	674	684	-2576	-24	2553	2588	0
426560643	-1	347	1.255E-93	1	24	2576	41	347	0.283	3.212E-95	58	740	750	-2576	-24	2553	2588	0
426633833	-1	723	8.155E-207	1	0	2576	41	723	0.465	2.897E-223	54	894	901	-2576	0	2577	2588	0
427047939	-1	653	9.628E-186	1	21	2576	41	653	0.433	5.222E-199	54	883	897	-2576	-21	2556	2588	0
427820413	-1	422	3.322E-116	1	6	2576	41	422	0.318	2.366E-120	44	685	688	-2576	-6	2571	2588	0
430607568	-1	441	6.337E-122	1	24	2576	41	441	0.329	6.990E-127	38	672	681	-2576	-24	2553	2588	0
430614026	-1	711	3.340E-203	1	0	2576	41	711	0.459	6.339E-219	56	896	903	-2576	0	2577	2588	0
430642496	-1	713	8.351E-204	1	0	2576	41	713	0.460	1.330E-219	56	896	903	-2576	0	2577	2588	0
430984026	-1	679	1.435E-193	1	6	2576	41	679	0.444	3.234E-208	50	878	882	-2576	-6	2571	2588	0
431994507	-1	676	1.148E-192	1	6	2576	41	676	0.442	7.318E-207	53	896	909	-2576	-6	2571	2588	0
432733843	-1	642	1.972E-182	1	0	2576	41	642	0.425	2.352E-195	50	880	882	-2576	0	2577	2588	0
433605926	-1	694	4.378E-198	1	6	2576	41	694	0.451	4.281E-213	53	896	909	-2576	-6	2571	2588	0
433852899	-1	692	1.751E-197	1	6	2576	41	692	0.451	1.092E-212	53	896	909	-2576	-6	2571	2588	0
434240136	-1	683	8.966E-195	1	6	2576	41	683	0.446	2.666E-209	53	896	909	-2576	-6	2571	2588	0
435028895	-1	691	3.503E-197	1	6	2576	41	691	0.450	3.804E-212	53	896	909	-2576	-6	2571	2588	0
438727279	-1	628	3.230E-178	1	321	2576	41	628	0.462	1.740E-190	53	784	805	-2576	-321	2256	2588	0
439870724	-1	683	8.966E-195	1	6	2576	41	683	0.446	2.666E-209	54	885	893	-2576	-6	2571	2588	0
441080888	-1	723	8.155E-207	1	0	2576	41	723	0.465	2.897E-223	56	892	899	-2576	0	2577	2588	0
441350741	-1	520	1.048E-145	1	12	2567	41	520	0.368	8.316E-154	0	785	796	-2567	-12	2556	2588	0
441803353	-1	434	8.111E-120	1	21	2588	41	434	0.325	1.293E-124	49	842	851	-2588	-21	2568	2588	0
443699915	-1	358	6.129E-97	1	21	2588	41	358	0.287	6.691E-99	63	776	785	-2588	-21	2568	2588	0
443809712	-1	666	1.175E-189	1	6	2570	41	666	0.438	1.779E-203	55	883	902	-2570	-6	2565	2588	0
445037928	-1	353	1.961E-95	1	21	2588	41	353	0.285	1.874E-97	38	751	760	-2588	-21	2568	2588	0
445233975	-1	681	3.587E-194	1	6	2576	41	681	0.445	9.286E-209	54	885	893	-2576	-6	2571	2588	0
447977311	-1	698	2.736E-199	1	6	2576	41	698	0.453	1.888E-214	53	896	909	-2576	-6	2571	2588	0
449670496	-1	714	4.175E-204	1	0	2576	41	714	0.460	5.214E-220	54	894	901	-2576	0	2577	2588	0
449897608	-1	687	5.604E-196	1	6	2576	41	687	0.448	1.177E-210	54	885	893	-2576	-6	2571	2588	0
452991718	-1	516	1.677E-144	1	21	2588	41	516	0.364	3.408E-152	50	847	856	-2588	-21	2568	2588	0
453330268	-1	440	1.267E-121	1	24	2576	41	440	0.329	1.292E-126	70	866	876	-2576	-24	2553	2588	0
453456810	-1	408	5.443E-112	1	0	2576	41	408	0.311	1.065E-115	45	693	697	-2576	0	2577	2588	0
455183875	-1	469	2.361E-130	1	9	2588	41	469	0.341	1.672E-136	69	729	734	-2588	-9	2580	2588	0
455957737	-1	1325	0.000E+00	1	0	2588	41	1325	0.747	0.000E+00	17	892	900	-2588	0	2589	2588	0
455979788	-1	649	1.540E-184	1	6	2570	41	649	0.430	6.317E-198	54	882	905	-2570	-6	2565	2588	0
456711439	-1	312	4.313E-83	1	21	2576	41	312	0.265	1.025E-83	37	730	738	-2576	-21	2556	2588	0
458164641	-1	692	1.751E-197	1	6	2576	41	692	0.451	1.492E-212	53	896	909	-2576	-6	2571	2588	0
458492496	-1	692	1.751E-197	1	6	2576	41	692	0.451	1.092E-212	53	896	909	-2576	-6	2571	2588	0
458861658	-1	431	6.489E-119	1	24	2576	41	431	0.324	1.506E-123	43	677	687	-2576	-24	2553	2588	0
459133921	-1	681	3.587E-194	1	6	2576	41	681	0.445	9.286E-209	54	886	892	-2576	-6	2571	2588	0
459199270	-1	694	4.378E-198	1	6	2576	41	694	0.451	4.281E-213	53	896	909	-2576	-6	2571	2588	0
459642236	-1	1311	0.000E+00	1	0	2588	41	1311	0.749	0.000E+00	17	878	879	-2588	0	2589	2588	0
459824196	-1	686	1.121E-195	1	6	2576	41	686	0.448	2.198E-210	53	896	909	-2576	-6	2571	2588	0
460136936	-1	681	3.587E-194	1	6	2576	41	681	0.445	9.286E-209	53	896	909	-2576	-6	2571	2588	0
461124501	-1	712	1.670E-203	1	0	2576	41	712	0.459	2.484E-219	56	896	903	-2576	0	2577	2588	0
461925620	-1	693	8.756E-198	1	6	2576	41	693	0.451	7.991E-213	53	896	909	-2576	-6	2571	2588	0
462067133	-1	653	9.628E-186	1	6	2570	41	653	0.432	2.800E-199	54	882	934	-2570	-6	2565	2588	0
462158861	-1	678	2.869E-193	1	6	2576	41	678	0.444	8.245E-208	56	899	912	-2576	-6	2571	2588	0
462165720	-1	692	1.751E-197	1	6	2576	41	692	0.450	2.038E-212	53	896	909	-2576	-6	2571	2588	0
462822769	-1	685	2.242E-195	1	15	2576	41	685	0.448	5.603E-210	53	893	909	-2576	-15	2562	2588	0
463660464	-1	359	3.064E-97	1	21	2588	41	359	0.288	2.695E-99	38	751	760	-2588	-21	2568	2588	0
464730497	-1	716	1.044E-204	1	0	2576	41	716	0.462	8.006E-221	54	894	901	-2576	0	2577	2588	0
 