53542577	1	7844	248154157	1	7838
53542577	1	7844	175596578	1	7841
53542577	1	7844	53542577	1	7844
53542577	1	7844	277313877	1	7844
53542577	1	7844	298624275	1	7844
53542577	1	7844	127743965	1	7844
53542577	1	7844	129095601	1	7844
53542577	1	7844	233460725	1	7844
53542577	1	7844	216672114	1	7844
53542577	1	7844	445563414	1	7844
53542577	1	7844	88274489	1	7844
53542577	1	7844	88056185	1	7844
53542577	1	7844	98991043	1	7844
53542577	1	7844	327555802	1	7844
53542577	1	7844	393604651	1	7844
53542577	1	7844	315386996	1	7844
53542577	1	7844	88452244	1	7844
53542577	1	7844	416605988	1	7844
53542577	1	7844	257662119	1	7844
53542577	1	7844	344633663	1	7844
53542577	1	7844	196205862	1	7844
53542577	1	7844	313104441	1	7844
53542577	1	7844	262831611	1	7844
53542577	1	7844	458102552	1	7844
53542577	1	7844	393648222	1	7844
53542577	1	7844	190161891	1	7844
53542577	1	7844	335761033	1	7844
53542577	1	7844	15624898	1	7844
53542577	1	7844	379098390	1	7844
53542577	1	7844	12286871	1	7844
53542577	1	7844	463914222	1	7844
53542577	1	7844	389236468	1	7844
53542577	1	7844	146433787	1	7844
53542577	1	7844	44584164	1	7844
53542577	1	7844	24713524	1	7844
53542577	1	7844	291947136	1	7844
53542577	1	7844	277230136	1	7844
53542577	1	7844	155736584	1	7844
53542577	1	7844	214013374	1	7844
53542577	1	7844	358401942	1	7844
53542577	1	7844	161146866	1	7844
53542577	1	7844	127253969	1	7844
53542577	1	7844	248187410	1	7844
53542577	1	7844	24657500	1	7844
53542577	1	7844	189842323	1	7844
53542577	1	7844	277218727	1	7844
53542577	1	7844	364467400	1	7844
53542577	1	7844	433931670	1	7844
53542577	1	7844	152573309	1	7844
53542577	1	7844	277408029	1	7844
53542577	1	7844	248510481	1	7844
53542577	1	7844	408013057	1	7844
53542577	1	7844	451687231	1	7844
53542577	1	7844	204492982	1	7844
53542577	1	7844	430399761	1	7844
53542577	1	7844	233650288	1	7844
53542577	1	7844	146720619	1	7844
53542577	1	7844	44747378	1	7844
53542577	1	7844	320758025	1	7844
53542577	1	7844	159259132	1	7847
53542577	1	7844	377345293	1	7847
53542577	1	7844	271528777	1	7847
53542577	1	7844	112141860	1	7847
53542577	1	7844	189876559	1	7847
53542577	1	7844	361483581	1	7847
53542577	1	7844	132077228	1	7847
53542577	1	7844	292118155	1	7847
53542577	1	7844	344184305	1	7847
53542577	1	7844	379361141	1	7847
53542577	1	7844	68254231	1	7847
53542577	1	7844	299395959	1	7847
53542577	1	7844	117569445	1	7847
53542577	1	7844	81615352	1	7847
53542577	1	7844	84914852	1	7847
53542577	1	7844	170418825	1	7847
53542577	1	7844	457978807	1	7847
53542577	1	7844	269350672	1	7847
53542577	1	7844	333527370	1	7847
53542577	1	7844	219255029	1	7847
53542577	1	7844	127937660	1	7847
53542577	1	7844	387901942	1	7847
53542577	1	7844	125505851	1	7847
53542577	1	7844	292075774	1	7847
53542577	1	7844	138360693	1	7847
53542577	1	7844	160941247	1	7847
53542577	1	7844	189915253	1	7847
53542577	1	7844	414608832	1	7847
53542577	1	7844	233769924	1	7847
53542577	1	7844	306535623	1	7847
53542577	1	7844	36712905	1	7847
53542577	1	7844	146410147	1	7847
53542577	1	7844	364797400	1	7847
53542577	1	7844	437362989	1	7847
53542577	1	7844	240825626	1	7847
53542577	1	7844	44783459	1	7847
53542577	1	7844	68609549	1	7847
53542577	1	7844	186821703	1	7847
53542577	1	7844	286240772	1	7847
53542577	1	7844	248048003	1	7847
53542577	1	7844	393536602	1	7847
53542577	1	7844	44687758	1	7847
53542577	1	7844	204604388	1	7847
53542577	1	7844	436110663	1	7847
53542577	1	7844	140542915	1	7847
53542577	1	7844	68205403	1	7847
53542577	1	7844	320778963	1	7847
53542577	1	7844	146646316	1	7847
53542577	1	7844	277120528	1	7847
53542577	1	7844	73847959	1	7847
53542577	1	7844	943127	1	7847
53542577	1	7844	219065312	1	7847
53542577	1	7844	190174982	1	7847
53542577	1	7844	346572294	1	7847
53542577	1	7844	95991134	1	7847
53542577	1	7844	155644936	1	7847
53542577	1	7844	138052838	1	7847
53542577	1	7844	259264448	1	7847
53542577	1	7844	190211967	1	7847
53542577	1	7844	219294622	1	7847
53542577	1	7844	415754284	1	7847
53542577	1	7844	101313173	1	7847
53542577	1	7844	125114188	1	7847
53542577	1	7844	356688509	1	7847
53542577	1	7844	25858601	1	7847
53542577	1	7844	210763639	1	7847
53542577	1	7844	84149035	1	7847
53542577	1	7844	169149401	1	7847
53542577	1	7844	197045289	1	7847
53542577	1	7844	348929605	1	7847
53542577	1	7844	130199626	1	7847
53542577	1	7844	262916299	1	7847
53542577	1	7844	30350131	1	7847
53542577	1	7844	204882059	1	7847
53542577	1	7844	450488567	1	7847
53542577	1	7844	146496884	1	7847
53542577	1	7844	332466205	1	7847
53542577	1	7844	400330171	1	7847
53542577	1	7844	152482883	1	7847
53542577	1	7844	277166288	1	7847
53542577	1	7844	24923359	1	7847
53542577	1	7844	128655573	1	7847
53542577	1	7844	319306816	1	7847
53542577	1	7844	422564823	1	7847
53542577	1	7844	44749070	1	7847
53542577	1	7844	52353287	1	7847
53542577	1	7844	306142920	1	7847
53542577	1	7844	95709123	1	7847
53542577	1	7844	146377872	1	7847
53542577	1	7844	219326852	1	7847
53542577	1	7844	376308344	1	7847
53542577	1	7844	450715991	1	7847
53542577	1	7844	393473964	1	7847
53542577	1	7844	291809682	1	7847
53542577	1	7844	185539683	1	7847
53542577	1	7844	350204030	1	7847
53542577	1	7844	462981153	1	7847
53542577	1	7844	422729138	1	7847
53542577	1	7844	204588367	1	7847
53542577	1	7844	1239742	1	7847
53542577	1	7844	146302504	1	7847
53542577	1	7844	102751111	1	7847
53542577	1	7844	113127639	1	7847
53542577	1	7844	287312768	1	7847
53542577	1	7844	53522010	1	7847
53542577	1	7844	146551464	1	7847
53542577	1	7844	73975130	1	7847
53542577	1	7844	219073609	1	7847
53542577	1	7844	114362003	1	7847
53542577	1	7844	40222607	1	7847
53542577	1	7844	88292837	1	7847
53542577	1	7844	183376332	1	7847
53542577	1	7844	408166441	1	7847
53542577	1	7844	23323946	1	7847
53542577	1	7844	437552227	1	7847
53542577	1	7844	449894252	1	7847
53542577	1	7844	117632941	1	7847
53542577	1	7844	225452942	1	7847
53542577	1	7844	73628259	1	7847
53542577	1	7844	130605284	1	7847
53542577	1	7844	153475595	1	7847
53542577	1	7844	59303418	1	7847
53542577	1	7844	335657452	1	7847
53542577	1	7844	80851694	1	7847
53542577	1	7844	157425457	1	7847
53542577	1	7844	189901780	1	7847
53542577	1	7844	117415764	1	7847
53542577	1	7844	115440454	1	7847
53542577	1	7844	117540822	1	7847
53542577	1	7844	239570637	1	7847
53542577	1	7844	54481620	1	7847
53542577	1	7844	345720601	1	7847
53542577	1	7844	834700	1	7847
53542577	1	7844	111675051	1	7847
53542577	1	7844	217970320	1	7847
53542577	1	7844	59316927	1	7847
53542577	1	7844	117242455	1	7847
53542577	1	7844	229963046	1	7847
53542577	1	7844	157001139	1	7847
53542577	1	7844	393774761	1	7847
53542577	1	7844	15847339	1	7847
53542577	1	7844	393604907	1	7847
53542577	1	7844	408146155	1	7847
53542577	1	7844	430586387	1	7847
53542577	1	7844	422654354	1	7847
53542577	1	7844	402558443	1	7847
53542577	1	7844	379319016	1	7847
53542577	1	7844	248380711	1	7847
53542577	1	7844	173265662	1	7847
53542577	1	7844	306269913	1	7847
53542577	1	7844	98953279	1	7847
53542577	1	7844	233642620	1	7847
53542577	1	7844	379100690	1	7847
53542577	1	7844	389344047	1	7847
53542577	1	7844	186580382	1	7847
53542577	1	7844	287040677	1	7847
53542577	1	7844	390510658	1	7847
53542577	1	7844	214345355	1	7847
53542577	1	7844	24653700	1	7847
53542577	1	7844	445246125	1	7847
53542577	1	7844	219242368	1	7847
53542577	1	7844	59288667	1	7847
53542577	1	7844	40464125	1	7847
53542577	1	7844	255841983	1	7847
53542577	1	7844	84031703	1	7847
53542577	1	7844	349984283	1	7847
53542577	1	7844	242619821	1	7847
53542577	1	7844	408345715	1	7847
53542577	1	7844	349990979	1	7847
53542577	1	7844	160810088	1	7847
53542577	1	7844	341907356	1	7847
53542577	1	7844	88182040	1	7847
53542577	1	7844	437397202	1	7847
53542577	1	7844	215985869	1	7853
53542577	1	7844	315787180	1	7853
53542577	1	7844	37802699	1	7853
53542577	1	7844	161132300	1	7853
53542577	1	7844	451963793	1	7853
53542577	1	7844	66996571	1	7853
53542577	1	7844	386740402	1	7853
53542577	1	7844	359296077	1	7853
53542577	1	7844	22420902	1	7853
53542577	1	7844	435622674	1	7853
53542577	1	7844	345799202	1	7853
53542577	1	7844	316093376	1	7853
53542577	1	7844	161105955	1	7853
53542577	1	7844	451884392	1	7853
53542577	1	7844	449184893	1	7853
53542577	1	7844	103044209	1	7853
53542577	1	7844	335524334	1	7853
53542577	1	7844	422591217	1	7853
53542577	1	7844	289715705	1	7853
53542577	1	7844	1251296	1	7853
53542577	1	7844	408332151	1	7853
53542577	1	7844	59033417	1	7853
53542577	1	7844	95404591	1	7853
53542577	1	7844	173487845	1	7853
53542577	1	7844	306384896	1	7853
53542577	1	7844	350295344	1	7853
53542577	1	7844	29891845	1	7853
53542577	1	7844	226222976	1	7853
53542577	1	7844	262701631	1	7853
53542577	1	7844	262551347	1	7853
53542577	1	7844	418093989	1	7853
53542577	1	7844	42099700	1	7853
53542577	1	7844	175782648	1	7853
53542577	1	7844	277178540	1	7853
53542577	1	7844	44484178	1	7853
53542577	1	7844	188882851	1	7853
53542577	1	7844	88033198	1	7853
53542577	1	7844	67674232	1	7853
53542577	1	7844	335305878	1	7853
53542577	1	7844	277139784	1	7853
53542577	1	7844	85870294	1	7853
53542577	1	7844	328666876	1	7853
53542577	1	7844	306422048	1	7853
53542577	1	7844	335677077	1	7853
53542577	1	7844	112511585	1	7853
53542577	1	7844	146643509	1	7853
53542577	1	7844	30315445	1	7853
53542577	1	7844	88395572	1	7853
53542577	1	7844	233554131	1	7853
53542577	1	7844	364618475	1	7853
53542577	1	7844	359280675	1	7853
53542577	1	7844	218968547	1	7853
53542577	1	7844	189952463	1	7853
53542577	1	7844	117533228	1	7853
53542577	1	7844	437446041	1	7853
53542577	1	7844	434728734	1	7853
53542577	1	7844	44839844	1	7853
53542577	1	7844	350173839	1	7853
53542577	1	7844	212805898	1	7853
53542577	1	7844	464081957	1	7853
53542577	1	7844	277445960	1	7853
53542577	1	7844	403740404	1	7853
53542577	1	7844	246202986	1	7853
53542577	1	7844	446894485	1	7853
53542577	1	7844	189873844	1	7853
53542577	1	7844	30304613	1	7853
53542577	1	7844	275055408	1	7853
53542577	1	7844	364752283	1	7853
53542577	1	7844	318352027	1	7856
53542577	1	7844	364410366	1	7856
53542577	1	7844	175780334	1	7856
53542577	1	7844	349816251	1	7856
53542577	1	7844	421578778	1	7856
53542577	1	7844	335718874	1	7856
53542577	1	7844	327365014	1	7856
53542577	1	7844	297676975	1	7856
53542577	1	7844	404120933	1	7856
53542577	1	7844	262737413	1	7856
53542577	1	7844	219110495	1	7856
53542577	1	7844	25236935	1	7856
53542577	1	7844	248023017	1	7856
53542577	1	7844	457935455	1	7856
53542577	1	7844	301679193	1	7856
53542577	1	7844	302361158	1	7856
53542577	1	7844	155417929	1	7856
53542577	1	7844	422474838	1	7856
53542577	1	7844	85069883	1	7856
53542577	1	7844	103020858	1	7856
53542577	1	7844	360741166	1	7856
53542577	1	7844	94184525	1	7856
53542577	1	7844	246826283	1	7856
53542577	1	7844	127194747	1	7856
53542577	1	7844	131731063	1	7856
53542577	1	7844	428461157	1	7856
53542577	1	7844	465269007	1	7856
53542577	1	7844	183673156	1	7856
53542577	1	7844	374743185	1	7856
53542577	1	7844	447601936	1	7856
53542577	1	7844	359132462	1	7859
53542577	1	7844	379376052	1	7859
53542577	1	7844	350073657	1	7859
53542577	1	7844	331251881	1	7859
53542577	1	7844	80416706	1	7979
53542577	1	7844	361021585	1	7979
53542577	1	7844	407982356	1	7979
53542577	1	7844	277076438	1	7979
53542577	1	7844	88256862	1	7979
53542577	1	7844	157354580	1	7979
53542577	1	7844	449827643	1	7979
53542577	1	7844	420214727	1	7979
53542577	1	7844	435288610	1	7979
53542577	1	7844	291905890	1	7979
53542577	1	7844	51393241	1	7979
53542577	1	7844	373478576	1	7979
53542577	1	7844	129498711	1	7979
53542577	1	7844	240971321	1	7979
53542577	1	7844	451802131	1	7979
53542577	1	7844	44552319	1	7979
53542577	1	7844	262754813	1	7979
53542577	1	7844	233621027	1	7979
53542577	1	7844	388778749	1	7979
53542577	1	7844	140352986	1	7979
53542577	1	7844	125330095	1	7979
53542577	1	7844	269035133	1	7979
53542577	1	7844	457651129	1	7979
53542577	1	7844	262827684	1	7979
53542577	1	7844	299529613	1	7979
53542577	1	7844	39717915	1	7979
53542577	1	7844	458572045	1	7982
53542577	1	7844	384825798	1	8088
53542577	1	7844	67648103	1	8088
53542577	1	7844	219187655	1	8091
53542577	1	7844	146479908	1	8091
53542577	1	7844	44724129	1	8091
53542577	1	7844	306207257	1	8094
53542577	1	7844	154766220	1	8094
53542577	1	7844	417860388	1	8094
53542577	1	7844	321139579	1	8094
53542577	1	7844	333037395	1	8094
53542577	1	7844	98332150	1	8094
53542577	1	7844	38186967	1	8094
53542577	1	7844	88393328	1	8094
53542577	1	7844	40853940	1	8094
53542577	1	7844	66850450	1	8094
53542577	1	7844	335257657	1	8094
53542577	1	7844	358923551	1	8094
53542577	1	7844	137918570	1	8094
53542577	1	7844	87152961	1	8097
53542577	1	7844	360982172	1	8097
53542577	1	7844	50614632	1	8097
53542577	1	7844	370680955	1	8097
53542577	1	7844	350200586	1	8097
53542577	1	7844	335407128	1	8097
53542577	1	7844	9905069	1	8097
53542577	1	7844	258194982	1	8097
53542577	1	7844	257063378	1	8100
53542577	1	7844	12187693	1	8100
53542577	1	7844	403404481	1	8100
53542577	1	7844	437157966	1	8100
53542577	1	7844	415869191	1	8100
53542577	1	7844	86009450	1	8100
53542577	1	7844	85652623	1	8103
53542577	1	7844	290161934	1	8103
53542577	1	7844	291812553	1	8103
53542577	1	7844	418212904	1	8103
53542577	1	7844	306224678	1	8103
53542577	1	7844	345580156	1	8103
53542577	1	7844	327474461	1	8103
53542577	1	7844	376871376	1	8103
53542577	1	7844	29068040	1	8103
53542577	1	7844	415606595	1	8103
53542577	1	7844	460795272	1	8103
53542577	1	7844	73863973	1	8103
53542577	1	7844	30127875	1	8103
53542577	1	7844	44669855	1	8103
53542577	1	7844	420618070	1	8103
53542577	1	7844	73558165	1	8103
53542577	1	7844	173856246	1	8103
53542577	1	7844	15601976	1	8103
53542577	1	7844	390588345	1	8103
53542577	1	7844	88470656	1	8103
53542577	1	7844	269076480	1	8103
53542577	1	7844	257422678	1	8103
53542577	1	7844	306677458	1	8103
53542577	1	7844	88253362	1	8103
53542577	1	7844	262757723	1	8103
53542577	1	7844	447689106	1	8103
53542577	1	7844	331428183	1	8103
53542577	1	7844	29884300	1	8103
53542577	1	7844	306557656	1	8103
53542577	1	7844	245762544	1	8103
53542577	1	7844	393858273	1	8103
53542577	1	7844	283730656	1	8103
53542577	1	7844	30039397	1	8103
53542577	1	7844	88443634	1	8103
53542577	1	7844	144392689	1	8103
53542577	1	7844	139503067	1	8103
53542577	1	7844	11970825	1	8103
53542577	1	7844	15512928	1	8103
53542577	1	7844	458340943	1	8103
53542577	1	7844	299460741	1	8103
53542577	1	7844	86656089	1	8103
53542577	1	7844	326888556	1	8103
53542577	1	7844	117635193	1	8103
53542577	1	7844	277576103	1	8103
53542577	1	7844	316954176	1	8103
53542577	1	7844	1204920	1	8103
53542577	1	7844	430700896	1	8103
53542577	1	7844	283896858	1	8103
53542577	1	7844	185476785	1	8103
53542577	1	7844	181727946	1	8103
53542577	1	7844	233533692	1	8103
53542577	1	7844	195612843	1	8103
53542577	1	7844	393505050	1	8103
53542577	1	7844	217474608	1	8106
53542577	1	7844	230691648	1	8106
53542577	1	7844	22901553	1	8115
53542577	1	7844	290090094	1	8115
53542577	1	7844	82143774	1	8115
53542577	1	7844	348785716	1	8115
53542577	1	7844	15712626	1	8115
53542577	1	7844	245480725	1	8118
53542577	1	7844	204864050	1	8118
53542577	1	7844	228178500	1	8118
53542577	1	7844	350265788	1	8118
53542577	1	7844	400955626	1	8118
53542577	1	7844	408060821	1	8118
53542577	1	7844	389355980	1	8118
53542577	1	7844	437125322	1	8118
53542577	1	7844	261180693	1	8118
53542577	1	7844	154753410	1	8118
53542577	1	7844	320729009	1	8118
53542577	1	7844	82417149	1	8118
53542577	1	7844	159475575	1	8118
53542577	1	7844	84233391	1	8118
53542577	1	7844	88519401	1	8118
53542577	1	7844	306353470	1	8118
53542577	1	7844	130881128	1	8118
53542577	1	7844	415510782	1	8118
53542577	1	7844	329565254	1	8118
53542577	1	7844	393901170	1	8118
53542577	1	7844	422985598	1	8118
53542577	1	7844	30235536	1	8118
53542577	1	7844	404375538	1	8118
53542577	1	7844	228194529	1	8118
53542577	1	7844	292023192	1	8127
53542577	1	7844	291963843	1	8127
53542577	1	7844	422557783	1	8127
53542577	1	7844	399881543	1	8127
53542577	1	7844	348269601	1	8127
53542577	1	7844	314095816	1	8127
53542577	1	7844	88461718	1	8127
53542577	1	7844	11315064	1	8127
53542577	1	7844	374333567	1	8127
53542577	1	7844	233609507	1	8127
53542577	1	7844	97536165	1	8127
53542577	1	7844	391541461	1	8127
53542577	1	7844	451675630	1	8127
53542577	1	7844	233533720	1	8127
53542577	1	7844	42430759	1	8130
53542577	1	7844	88468586	1	8130
53542577	1	7844	215326223	1	8130
53542577	1	7844	15485308	1	8130
53542577	1	7844	55977593	1	8130
53542577	1	7844	114297980	1	8130
53542577	1	7844	346204036	1	8130
53542577	1	7844	270409169	1	8130
53542577	1	7844	15841313	1	8130
53542577	1	7844	52380076	1	8130
53542577	1	7844	145005538	1	8130
53542577	1	7844	233893438	1	8130
53542577	1	7844	291997969	1	8130
53542577	1	7844	364402894	1	8130
53542577	1	7844	204542824	1	8130
53542577	1	7844	144704002	1	8130
53542577	1	7844	219158156	1	8130
53542577	1	7844	146359910	1	8130
53542577	1	7844	233640857	1	8130
53542577	1	7844	66183211	1	8130
53542577	1	7844	233914398	1	8130
53542577	1	7844	289660465	1	8130
53542577	1	7844	262796953	1	8130
53542577	1	7844	393705683	1	8130
53542577	1	7844	335707067	1	8130
53542577	1	7844	204558601	1	8130
53542577	1	7844	437328386	1	8130
53542577	1	7844	15515982	1	8130
53542577	1	7844	196725567	1	8130
53542577	1	7844	197700991	1	8130
53542577	1	7844	181930542	1	8130
53542577	1	7844	27981368	1	8130
53542577	1	7844	199286352	1	8130
53542577	1	7844	452021112	1	8130
53542577	1	7844	195568305	1	8130
53542577	1	7844	195802048	1	8130
53542577	1	7844	183683574	1	8133
53542577	1	7844	190015201	1	8133
53542577	1	7844	451885255	1	8133
53542577	1	7844	190180648	1	8133
53542577	1	7844	248070168	1	8133
53542577	1	7844	9963671	1	8133
53542577	1	7844	292125993	1	8133
53542577	1	7844	346139850	1	8133
53542577	1	7844	117536327	1	8133
53542577	1	7844	59051793	1	8133
53542577	1	7844	110681252	1	8136
53542577	1	7844	12376393	1	8139
53542577	1	7844	362933713	1	8148
53542577	1	7844	247982096	1	8166
53542577	1	7844	15564693	1	8166
53542577	1	7844	403728221	1	8166
53542577	1	7844	64582927	1	8172
53542577	1	7844	364687185	1	8211
53542577	1	7844	364566180	1	8301
53542577	1	7844	117580191	1	8328
53542577	1	7844	190010799	1	8352
53542577	1	7844	161216955	1	8355
53542577	1	7844	227234538	1	8355
53542577	1	7844	131838116	1	8355
53542577	1	7844	188561227	1	8373
53542577	1	7844	210054194	1	8373
53542577	1	7844	189892392	1	8418
53542577	1	7844	925406	1	8580
53542577	1	7844	117162486	1	8721
53542577	1	7844	204710256	1	8721
53542577	1	7844	15757303	1	8754
53542577	1	7844	1151976	1	8796
102927595	1	10139	102927595	1	10139
102927595	1	10139	44508516	1	10139
262703035	1	14744	239234167	1	14744
262703035	1	14744	262703035	1	14744
262703035	1	14744	384756530	1	14744
262703035	1	14744	268137467	1	14744
262703035	1	14744	392102652	1	14744
262703035	1	14744	160881958	1	14744
373879599	-1	46	373879599	-1	46
373879599	-1	46	59765730	-1	46
373879599	-1	46	45564875	-1	46
373879599	-1	46	249003863	-1	46
373879599	-1	46	357727902	-1	46
373879599	-1	46	172765966	-1	46
373879599	-1	46	112014539	-1	46
373879599	-1	46	301300776	-1	46
373879599	-1	46	306873875	-1	46
373879599	-1	46	423508093	-1	46
373879599	-1	46	278117178	-1	46
373879599	-1	46	394148084	-1	46
373879599	-1	46	126892387	-1	46
373879599	-1	46	351030458	-1	46
373879599	-1	46	408897692	-1	46
373879599	-1	46	249038925	-1	46
373879599	-1	46	205557320	-1	46
373879599	-1	46	321927673	-1	46
373879599	-1	46	292420155	-1	46
373879599	-1	46	56305436	-1	46
373879599	-1	46	330646579	-1	46
373879599	-1	46	346210658	-1	46
373879599	-1	46	117808067	-1	46
373879599	-1	46	218137549	-1	46
373879599	-1	46	117917594	-1	46
373879599	-1	46	176435281	-1	46
373879599	-1	46	205400801	-1	46
373879599	-1	46	234717887	-1	46
373879599	-1	46	306979752	-1	46
373879599	-1	46	452729172	-1	46
373879599	-1	46	79930929	-1	46
373879599	-1	46	371774433	-1	46
373879599	-1	46	146999712	-1	46
373879599	-1	46	89044475	-1	46
373879599	-1	46	360604144	-1	46
373879599	-1	46	103325353	-1	46
373879599	-1	46	248881187	-1	46
373879599	-1	46	337111072	-1	46
373879599	-1	46	204730537	-1	46
373879599	-1	46	190590609	-1	46
373879599	-1	46	372352640	-1	49
373879599	-1	46	408062471	-1	49
373879599	-1	46	146315750	-1	49
373879599	-1	46	405902186	-1	49
373879599	-1	46	74631625	-1	49
373879599	-1	46	219914097	-1	49
373879599	-1	46	220162159	-1	49
373879599	-1	46	59658036	-1	49
373879599	-1	46	307412639	-1	49
373879599	-1	46	380055378	-1	49
373879599	-1	46	205427007	-1	49
373879599	-1	46	74717554	-1	49
373879599	-1	46	45415127	-1	49
373879599	-1	46	230042090	-1	49
373879599	-1	46	463959399	-1	49
373879599	-1	46	1919823	-1	49
373879599	-1	46	205085763	-1	49
373879599	-1	46	263241263	-1	49
373879599	-1	46	74344132	-1	49
373879599	-1	46	118246785	-1	49
373879599	-1	46	74180310	-1	49
373879599	-1	46	147264972	-1	49
373879599	-1	46	292318972	-1	49
373879599	-1	46	6943913	-1	49
373879599	-1	46	175575441	-1	49
373879599	-1	46	202004466	-1	49
373879599	-1	46	421412688	-1	49
373879599	-1	46	117845884	-1	49
373879599	-1	46	409023234	-1	49
373879599	-1	46	60101675	-1	49
373879599	-1	46	45424358	-1	49
373879599	-1	46	263238695	-1	49
373879599	-1	46	464585148	-1	49
373879599	-1	46	16254860	-1	49
373879599	-1	46	115033109	-1	49
373879599	-1	46	31023323	-1	49
373879599	-1	46	394449594	-1	49
373879599	-1	46	190578156	-1	49
373879599	-1	46	350697414	-1	49
373879599	-1	46	336053568	-1	49
373879599	-1	46	263806475	-1	49
373879599	-1	46	248805963	-1	49
373879599	-1	46	74377969	-1	49
373879599	-1	46	278148125	-1	49
373879599	-1	46	45487179	-1	49
373879599	-1	46	162016104	-1	49
373879599	-1	46	452386152	-1	49
373879599	-1	46	234263964	-1	49
373879599	-1	46	161554701	-1	49
373879599	-1	46	365139791	-1	49
373879599	-1	46	7021028	-1	49
373879599	-1	46	59642408	-1	49
373879599	-1	46	450802812	-1	49
373879599	-1	46	30597213	-1	49
373879599	-1	46	452766570	-1	49
373879599	-1	46	132526922	-1	49
373879599	-1	46	132435977	-1	49
373879599	-1	46	1892998	-1	49
373879599	-1	46	219940014	-1	49
373879599	-1	46	234660397	-1	49
373879599	-1	46	438219788	-1	49
373879599	-1	46	452294686	-1	49
373879599	-1	46	409171872	-1	49
373879599	-1	46	394217655	-1	49
373879599	-1	46	394630485	-1	49
373879599	-1	46	16551497	-1	49
373879599	-1	46	89253995	-1	49
373879599	-1	46	176082963	-1	49
373879599	-1	46	45657552	-1	49
373879599	-1	46	301884780	-1	49
373879599	-1	46	348448132	-1	49
373879599	-1	46	350798151	-1	49
373879599	-1	46	306965091	-1	49
373879599	-1	46	278071867	-1	49
373879599	-1	46	30741966	-1	49
373879599	-1	46	60151474	-1	49
373879599	-1	46	277917465	-1	49
373879599	-1	46	88750631	-1	49
373879599	-1	46	292459960	-1	49
373879599	-1	46	394527213	-1	49
373879599	-1	46	403331651	-1	49
373879599	-1	46	248887728	-1	49
373879599	-1	46	313171879	-1	49
373879599	-1	46	365083239	-1	49
373879599	-1	46	1935393	-1	49
373879599	-1	46	89030448	-1	49
373879599	-1	46	263503484	-1	49
373879599	-1	46	9228026	-1	49
373879599	-1	46	45365317	-1	49
373879599	-1	46	74740920	-1	49
373879599	-1	46	278269583	-1	49
373879599	-1	46	394558767	-1	49
373879599	-1	46	118344706	-1	49
373879599	-1	46	283702026	-1	49
373879599	-1	46	307204828	-1	49
373879599	-1	46	351050472	-1	49
373879599	-1	46	205337718	-1	49
373879599	-1	46	176492474	-1	49
373879599	-1	46	103456931	-1	49
373879599	-1	46	385916462	-1	49
373879599	-1	46	423381513	-1	49
373879599	-1	46	307392097	-1	49
373879599	-1	46	197903958	-1	49
373879599	-1	46	277818351	-1	49
373879599	-1	46	307137755	-1	49
373879599	-1	46	321385855	-1	49
373879599	-1	46	321892031	-1	49
373879599	-1	46	132820931	-1	49
373879599	-1	46	1470773	-1	49
373879599	-1	46	45243091	-1	49
373879599	-1	46	154085549	-1	49
373879599	-1	46	205170804	-1	49
373879599	-1	46	147362804	-1	49
373879599	-1	46	263334530	-1	49
373879599	-1	46	333231230	-1	49
373879599	-1	46	348630284	-1	49
373879599	-1	46	101574688	-1	49
373879599	-1	46	1535667	-1	49
373879599	-1	46	190548014	-1	49
373879599	-1	46	205527913	-1	49
373879599	-1	46	307277809	-1	49
373879599	-1	46	379622320	-1	49
373879599	-1	46	452734760	-1	49
373879599	-1	46	255248528	-1	49
373879599	-1	46	205559758	-1	49
373879599	-1	46	7049371	-1	49
373879599	-1	46	146924476	-1	49
373879599	-1	46	365502206	-1	49
373879599	-1	46	307128189	-1	49
373879599	-1	46	394647460	-1	49
373879599	-1	46	191025344	-1	49
373879599	-1	46	360445180	-1	49
373879599	-1	46	389245782	-1	49
373879599	-1	46	419899696	-1	49
373879599	-1	46	146957349	-1	49
373879599	-1	46	190576529	-1	49
373879599	-1	46	74720597	-1	49
373879599	-1	46	103547714	-1	49
373879599	-1	46	161595171	-1	49
373879599	-1	46	234336813	-1	49
373879599	-1	46	255897284	-1	49
373879599	-1	46	452427280	-1	49
373879599	-1	46	45152266	-1	49
373879599	-1	46	89169913	-1	49
373879599	-1	46	103466454	-1	49
373879599	-1	46	205471612	-1	49
373879599	-1	46	248682499	-1	49
373879599	-1	46	249013521	-1	49
373879599	-1	46	350532761	-1	49
373879599	-1	46	30895913	-1	49
373879599	-1	46	39400430	-1	49
373879599	-1	46	74433824	-1	49
373879599	-1	46	88868176	-1	49
373879599	-1	46	147325865	-1	49
373879599	-1	46	176446118	-1	49
373879599	-1	46	205052967	-1	49
373879599	-1	46	234379540	-1	49
373879599	-1	46	350478932	-1	49
373879599	-1	46	379683157	-1	49
373879599	-1	46	408802050	-1	49
373879599	-1	46	409124918	-1	49
373879599	-1	46	409143755	-1	49
373879599	-1	46	1341	-1	49
373879599	-1	46	30856349	-1	49
373879599	-1	46	176461120	-1	49
373879599	-1	46	278193997	-1	49
373879599	-1	46	321532854	-1	49
373879599	-1	46	350549041	-1	49
373879599	-1	46	437776039	-1	49
373879599	-1	46	118191937	-1	49
373879599	-1	46	118372845	-1	49
373879599	-1	46	147326301	-1	49
373879599	-1	46	350595105	-1	49
373879599	-1	46	394219831	-1	49
373879599	-1	46	423642917	-1	49
373879599	-1	46	452529829	-1	49
373879599	-1	46	452729470	-1	49
373879599	-1	46	30818791	-1	49
373879599	-1	46	359581592	-1	49
373879599	-1	46	380026705	-1	49
373879599	-1	46	437900086	-1	49
373879599	-1	46	446658266	-1	49
373879599	-1	46	25543218	-1	49
373879599	-1	46	45529224	-1	49
373879599	-1	46	88886019	-1	49
373879599	-1	46	365596739	-1	49
373879599	-1	46	394174097	-1	49
373879599	-1	46	42998479	-1	49
373879599	-1	46	74181524	-1	49
373879599	-1	46	132674538	-1	49
373879599	-1	46	147283803	-1	49
373879599	-1	46	190880523	-1	49
373879599	-1	46	219759177	-1	49
373879599	-1	46	248807982	-1	49
373879599	-1	46	336243269	-1	49
373879599	-1	46	423493470	-1	49
373879599	-1	46	438011194	-1	49
373879599	-1	46	156136604	-1	49
373879599	-1	46	161703007	-1	49
373879599	-1	46	176306348	-1	49
373879599	-1	46	205312830	-1	49
373879599	-1	46	234411413	-1	49
373879599	-1	46	248943431	-1	49
373879599	-1	46	138302736	-1	49
373879599	-1	46	176429885	-1	49
373879599	-1	46	203287891	-1	49
373879599	-1	46	205380444	-1	49
373879599	-1	46	45350334	-1	49
373879599	-1	46	59700673	-1	49
373879599	-1	46	89196961	-1	49
373879599	-1	46	278103405	-1	49
373879599	-1	46	336514781	-1	49
373879599	-1	46	176239237	-1	49
373879599	-1	46	205614082	-1	49
373879599	-1	46	234134033	-1	49
373879599	-1	46	278314763	-1	49
373879599	-1	46	336219793	-1	49
373879599	-1	46	16082561	-1	49
373879599	-1	46	74749988	-1	49
373879599	-1	46	103589584	-1	49
373879599	-1	46	103823497	-1	49
373879599	-1	46	307308671	-1	49
373879599	-1	46	1839973	-1	49
373879599	-1	46	98000880	-1	49
373879599	-1	46	103393220	-1	49
373879599	-1	46	161461986	-1	49
373879599	-1	46	173945657	-1	49
373879599	-1	46	190795434	-1	49
373879599	-1	46	365468863	-1	49
373879599	-1	46	408674408	-1	49
373879599	-1	46	438192470	-1	49
373879599	-1	46	86811971	-1	49
373879599	-1	46	118057697	-1	49
373879599	-1	46	161575061	-1	49
373879599	-1	46	176283921	-1	49
373879599	-1	46	234380603	-1	49
373879599	-1	46	243075389	-1	49
373879599	-1	46	292638627	-1	49
373879599	-1	46	103824754	-1	49
373879599	-1	46	132680671	-1	49
373879599	-1	46	423257597	-1	49
373879599	-1	46	16139630	-1	49
373879599	-1	46	216014312	-1	49
373879599	-1	46	234198637	-1	49
373879599	-1	46	292433068	-1	49
373879599	-1	46	16477948	-1	49
373879599	-1	46	103328080	-1	49
373879599	-1	46	263285315	-1	49
373879599	-1	46	220033885	-1	49
373879599	-1	46	365450699	-1	49
373879599	-1	46	30619769	-1	49
373879599	-1	46	16487713	-1	49
373879599	-1	46	59997600	-1	49
373879599	-1	46	74579619	-1	49
373879599	-1	46	394134177	-1	49
373879599	-1	46	147180179	-1	49
373879599	-1	46	184072366	-1	49
373879599	-1	46	190923694	-1	49
373879599	-1	46	452660079	-1	49
373879599	-1	46	225572231	-1	49
373879599	-1	46	423730644	-1	49
373879599	-1	46	176369063	-1	49
373879599	-1	46	190827738	-1	49
373879599	-1	46	103390380	-1	49
373879599	-1	46	321725784	-1	49
373879599	-1	46	103796625	-1	49
373879599	-1	46	292801893	-1	49
373879599	-1	46	306862128	-1	49
373879599	-1	46	161725667	-1	49
373879599	-1	46	278014330	-1	49
373879599	-1	46	54415149	-1	49
373879599	-1	46	449469647	-1	49
373879599	-1	46	409327320	-1	49
373879599	-1	46	88791206	-1	49
373879599	-1	46	263517709	-1	49
373879599	-1	46	176040433	-1	49
373879599	-1	46	74578752	-1	49
373879599	-1	46	118073912	-1	49
373879599	-1	46	161940716	-1	49
373879599	-1	46	249177377	-1	49
373879599	-1	46	409211616	-1	49
373879599	-1	46	234339156	-1	49
373879599	-1	46	74583507	-1	49
373879599	-1	46	30970471	-1	49
373879599	-1	46	118239237	-1	49
373879599	-1	46	379845969	-1	49
373879599	-1	46	45482438	-1	49
373879599	-1	46	117806900	-1	49
373879599	-1	46	423592421	-1	49
373879599	-1	46	292533874	-1	49
373879599	-1	46	301683170	-1	52
373879599	-1	46	346214140	-1	52
373879599	-1	46	400671950	-1	52
373879599	-1	46	437146630	-1	55
373879599	-1	46	1570439	-1	55
373879599	-1	46	16110384	-1	55
373879599	-1	46	176067880	-1	55
373879599	-1	46	176503521	-1	55
373879599	-1	46	411084917	-1	58
373879599	-1	46	397551936	-1	58
373879599	-1	46	161836043	-1	61
373879599	-1	46	147432643	-1	61
373879599	-1	46	307251557	-1	61
373879599	-1	46	176425389	-1	61
373879599	-1	46	234585492	-1	61
373879599	-1	46	132866201	-1	64
373879599	-1	46	307364820	-1	64
373879599	-1	46	292474773	-1	64
373879599	-1	46	409201744	-1	67
373879599	-1	46	268801705	-1	67
373879599	-1	46	2017587	-1	67
373879599	-1	46	161500236	-1	67
373879599	-1	46	331885291	-1	67
373879599	-1	46	16562244	-1	67
373879599	-1	46	278310301	-1	67
373879599	-1	46	319254286	-1	67
373879599	-1	46	45567213	-1	67
373879599	-1	46	278103822	-1	67
373879599	-1	46	307227914	-1	67
373879599	-1	46	313098470	-1	67
373879599	-1	46	234740226	-1	67
373879599	-1	46	421447184	-1	67
373879599	-1	46	365485678	-1	67
373879599	-1	46	278129551	-1	67
373879599	-1	46	408716024	-1	67
373879599	-1	46	380118573	-1	67
373879599	-1	46	335957367	-1	67
373879599	-1	46	307172486	-1	67
373879599	-1	46	452295636	-1	67
373879599	-1	46	423655421	-1	67
373879599	-1	46	30633015	-1	67
373879599	-1	46	132667656	-1	67
373879599	-1	46	83275953	-1	67
373879599	-1	46	321467158	-1	67
373879599	-1	46	791978	-1	70
373879599	-1	46	350898867	-1	70
373879599	-1	46	117816975	-1	70
373879599	-1	46	234352350	-1	70
373879599	-1	46	388871484	-1	70
373879599	-1	46	117156035	-1	70
373879599	-1	46	379139016	-1	70
373879599	-1	46	451610590	-1	70
373879599	-1	46	350729782	-1	70
373879599	-1	46	171322427	-1	70
373879599	-1	46	336536186	-1	70
373879599	-1	46	406482230	-1	70
373879599	-1	46	132853366	-1	70
373879599	-1	46	45619228	-1	70
373879599	-1	46	321799973	-1	70
373879599	-1	46	248026446	-1	70
373879599	-1	46	88071099	-1	70
373879599	-1	46	277109954	-1	70
373879599	-1	46	349819473	-1	70
373879599	-1	46	59836760	-1	70
373879599	-1	46	82887549	-1	70
373879599	-1	46	315025373	-1	70
373879599	-1	46	219796482	-1	70
373879599	-1	46	59833913	-1	70
373879599	-1	46	74398713	-1	70
373879599	-1	46	364318506	-1	73
373879599	-1	46	117156745	-1	73
373879599	-1	46	146237126	-1	73
373879599	-1	46	44448768	-1	73
373879599	-1	46	204401818	-1	73
373879599	-1	46	407989090	-1	73
373879599	-1	46	32223324	-1	73
373879599	-1	46	286139623	-1	73
373879599	-1	46	49842141	-1	73
373879599	-1	46	76856378	-1	73
373879599	-1	46	63363259	-1	73
373879599	-1	46	206155348	-1	73
373879599	-1	46	320706996	-1	73
373879599	-1	46	131696429	-1	73
373879599	-1	46	102610715	-1	73
373879599	-1	46	335514927	-1	73
373879599	-1	46	88014249	-1	73
373879599	-1	46	175266736	-1	73
373879599	-1	46	408098471	-1	73
373879599	-1	46	422533722	-1	73
373879599	-1	46	437301044	-1	73
373879599	-1	46	131679397	-1	73
373879599	-1	46	393559005	-1	73
373879599	-1	46	103030450	-1	73
373879599	-1	46	117112930	-1	73
373879599	-1	46	262529385	-1	73
373879599	-1	46	277254464	-1	73
373879599	-1	46	437213505	-1	73
373879599	-1	46	175277102	-1	73
373879599	-1	46	291766242	-1	73
373879599	-1	46	160769377	-1	73
373879599	-1	46	349930847	-1	73
373879599	-1	46	262552163	-1	73
373879599	-1	46	73512947	-1	73
373879599	-1	46	131810588	-1	73
373879599	-1	46	175433049	-1	73
373879599	-1	46	306151391	-1	73
373879599	-1	46	437489743	-1	73
373879599	-1	46	335421156	-1	73
373879599	-1	46	204819928	-1	73
373879599	-1	46	393428252	-1	73
373879599	-1	46	219087020	-1	73
373879599	-1	46	335278964	-1	73
373879599	-1	46	88214171	-1	73
373879599	-1	46	364318936	-1	73
373879599	-1	46	102725570	-1	73
373879599	-1	46	190220264	-1	73
373879599	-1	46	233444595	-1	73
373879599	-1	46	248142468	-1	73
373879599	-1	46	262930460	-1	73
373879599	-1	46	320738276	-1	73
373879599	-1	46	160776804	-1	73
373879599	-1	46	204402725	-1	73
373879599	-1	46	277254997	-1	73
373879599	-1	46	451752648	-1	73
373879599	-1	46	160923779	-1	73
373879599	-1	46	58978531	-1	73
373879599	-1	46	407976607	-1	73
373879599	-1	46	335250066	-1	73
373879599	-1	46	189978403	-1	73
373879599	-1	46	340264299	-1	73
373879599	-1	46	35060160	-1	73
373879599	-1	46	4822945	-1	73
373879599	-1	46	240361232	-1	73
373879599	-1	46	40274939	-1	73
373879599	-1	46	107806231	-1	73
373879599	-1	46	360318563	-1	73
373879599	-1	46	260082330	-1	73
373879599	-1	46	435610302	-1	73
373879599	-1	46	279320774	-1	73
373879599	-1	46	366309364	-1	73
373879599	-1	46	111830723	-1	73
373879599	-1	46	290481399	-1	73
373879599	-1	46	202278935	-1	73
373879599	-1	46	337998319	-1	73
373879599	-1	46	218890710	-1	73
373879599	-1	46	204413707	-1	73
373879599	-1	46	248171769	-1	73
373879599	-1	46	30049247	-1	73
373879599	-1	46	219086893	-1	73
373879599	-1	46	233599520	-1	73
373879599	-1	46	437488905	-1	73
373879599	-1	46	44588554	-1	73
373879599	-1	46	73498579	-1	73
373879599	-1	46	1057818	-1	73
373879599	-1	46	364596380	-1	73
373879599	-1	46	163176992	-1	76
373879599	-1	46	407970148	-1	76
373879599	-1	46	16992571	-1	79
373879599	-1	46	146492341	-1	82
373879599	-1	46	118259868	-1	82
373879599	-1	46	379157212	-1	100
373879599	-1	46	19527164	-1	109
373879599	-1	46	379748736	-1	148
373879599	-1	46	423612620	-1	148
373879599	-1	46	1731639	-1	154
373879599	-1	46	459001307	-1	154
373879599	-1	46	292839693	-1	175
373879599	-1	46	74608654	-1	193
373879599	-1	46	131846074	-1	193
373879599	-1	46	277080930	-1	193
373879599	-1	46	15513422	-1	193
373879599	-1	46	768160	-1	193
373879599	-1	46	88017615	-1	193
373879599	-1	46	320679206	-1	193
373879599	-1	46	437012585	-1	193
373879599	-1	46	161012942	-1	193
373879599	-1	46	364364726	-1	193
373879599	-1	46	408219268	-1	193
373879599	-1	46	378905063	-1	193
373879599	-1	46	437072722	-1	193
373879599	-1	46	335222298	-1	193
373879599	-1	46	146195592	-1	193
373879599	-1	46	248171396	-1	193
373879599	-1	46	277255192	-1	193
373879599	-1	46	422670278	-1	193
373879599	-1	46	364305229	-1	193
373879599	-1	46	1600510	-1	193
373879599	-1	46	102756509	-1	193
373879599	-1	46	437038675	-1	193
373879599	-1	46	58956192	-1	193
373879599	-1	46	277227675	-1	193
373879599	-1	46	335246765	-1	193
373879599	-1	46	15477124	-1	193
373879599	-1	46	408096014	-1	193
373879599	-1	46	131812022	-1	193
373879599	-1	46	378886347	-1	193
373879599	-1	46	437053387	-1	193
373879599	-1	46	806582	-1	193
373879599	-1	46	16360323	-1	193
373879599	-1	46	437809236	-1	193
373879599	-1	46	176230403	-1	193
373879599	-1	46	380100095	-1	193
373879599	-1	46	138173051	-1	193
373879599	-1	46	321825894	-1	193
373879599	-1	46	249013204	-1	193
373879599	-1	46	393596438	-1	193
373879599	-1	46	117264428	-1	193
373879599	-1	46	335260277	-1	193
373879599	-1	46	422638072	-1	193
373879599	-1	46	118123037	-1	193
373879599	-1	46	350740091	-1	193
373879599	-1	46	117298689	-1	193
373879599	-1	46	8813819	-1	196
373879599	-1	46	292778145	-1	196
373879599	-1	46	379017563	-1	196
373879599	-1	46	205105306	-1	196
373879599	-1	46	292552998	-1	346
373879599	-1	46	364511567	-1	349
373879599	-1	46	464424849	-1	379
373879599	-1	46	30820695	-1	679
373879599	-1	46	219647803	-1	865
373879599	-1	46	221713930	-1	919
373879599	-1	46	89178308	-1	1998
373879599	-1	46	379759500	-1	1998
373879599	-1	46	205403878	-1	2004
373879599	-1	46	45259727	-1	2016
373879599	-1	46	161902544	-1	2016
373879599	-1	46	277965099	-1	2016
373879599	-1	46	219713219	-1	2016
373879599	-1	46	350618239	-1	2016
240450305	-1	3759	240450305	-1	3759
240450305	-1	3759	102566760	-1	3762
240450305	-1	3759	59371761	-1	3765
240450305	-1	3759	42853565	-1	4888
240450305	-1	3759	175296585	-1	4897
186703213	-1	9763	186703213	-1	9763
186703213	-1	9763	88150202	-1	9898
186703213	-1	9763	400691726	-1	9898
186703213	-1	9763	30239562	-1	9898
186703213	-1	9763	82108664	-1	9898
186703213	-1	9763	393440060	-1	9898
186703213	-1	9763	406776529	-1	9898
186703213	-1	9763	231476340	-1	9898
186703213	-1	9763	28148760	-1	9898
186703213	-1	9763	213104778	-1	9898
186703213	-1	9763	173505578	-1	9898
186703213	-1	9763	175674970	-1	9898
186703213	-1	9763	335630825	-1	9898
186703213	-1	9763	88424457	-1	9898
186703213	-1	9763	199934857	-1	9898
186703213	-1	9763	334079540	-1	9898
186703213	-1	9763	335578768	-1	9898
186703213	-1	9763	73720652	-1	9898
186703213	-1	9763	30314981	-1	9898
186703213	-1	9763	464193639	-1	9898
186703213	-1	9763	15697484	-1	9898
186703213	-1	9763	435242029	-1	9898
186703213	-1	9763	408445760	-1	9898
186703213	-1	9763	85749424	-1	9898
186703213	-1	9763	385665115	-1	9898
186703213	-1	9763	69098132	-1	9898
186703213	-1	9763	15567483	-1	9898
186703213	-1	9763	247076524	-1	9898
186703213	-1	9763	408415664	-1	9898
186703213	-1	9763	262828995	-1	9898
186703213	-1	9763	128233549	-1	9898
186703213	-1	9763	289087984	-1	9898
186703213	-1	9763	299702241	-1	9898
186703213	-1	9763	13534554	-1	9898
186703213	-1	9763	170326260	-1	9898
186703213	-1	9763	146672616	-1	9898
186703213	-1	9763	139747483	-1	9898
186703213	-1	9763	108288038	-1	9898
186703213	-1	9763	413687004	-1	9898
186703213	-1	9763	357001805	-1	9898
186703213	-1	9763	457351411	-1	9898
186703213	-1	9763	123003698	-1	9898
186703213	-1	9763	457672589	-1	9898
186703213	-1	9763	446822566	-1	9898
186703213	-1	9763	297083887	-1	9898
186703213	-1	9763	185647815	-1	9898
186703213	-1	9763	24264604	-1	9898
186703213	-1	9763	180895423	-1	9898
186703213	-1	9763	167286919	-1	9898
186703213	-1	9763	195646559	-1	9898
186703213	-1	9763	253756615	-1	9898
186703213	-1	9763	459216367	-1	9898
186703213	-1	9763	319081033	-1	9898
186703213	-1	9763	28901568	-1	9898
186703213	-1	9763	198293885	-1	9898
186703213	-1	9763	210073173	-1	9898
186703213	-1	9763	413654346	-1	9898
186703213	-1	9763	137387498	-1	9898
186703213	-1	9763	246766440	-1	9898
186703213	-1	9763	355487194	-1	9898
186703213	-1	9763	442737675	-1	9898
186703213	-1	9763	457279510	-1	9898
186703213	-1	9763	70766487	-1	9898
186703213	-1	9763	51462351	-1	9898
186703213	-1	9763	123476963	-1	9898
186703213	-1	9763	373895662	-1	9898
186703213	-1	9763	433168472	-1	9898
186703213	-1	9763	141791937	-1	9898
186703213	-1	9763	316656653	-1	9898
186703213	-1	9763	73787401	-1	9898
186703213	-1	9763	291709953	-1	9898
186703213	-1	9763	215916713	-1	9898
186703213	-1	9763	253953690	-1	9898
186703213	-1	9763	101225423	-1	9898
186703213	-1	9763	38622051	-1	9898
186703213	-1	9763	137375714	-1	9898
186703213	-1	9763	370044108	-1	9898
186703213	-1	9763	253802371	-1	9898
186703213	-1	9763	40569795	-1	9898
186703213	-1	9763	44928715	-1	9898
186703213	-1	9763	181000360	-1	9898
186703213	-1	9763	268282367	-1	9898
186703213	-1	9763	166554653	-1	9898
186703213	-1	9763	432603156	-1	9898
186703213	-1	9763	464206053	-1	9898
186703213	-1	9763	228699986	-1	9898
186703213	-1	9763	253606652	-1	9898
186703213	-1	9763	93874986	-1	9898
186703213	-1	9763	282859781	-1	9898
186703213	-1	9763	210337508	-1	9898
186703213	-1	9763	316459043	-1	9898
186703213	-1	9763	350194762	-1	9898
186703213	-1	9763	335553763	-1	9898
186703213	-1	9763	14011398	-1	9898
186703213	-1	9763	408464213	-1	9898
186703213	-1	9763	277530758	-1	9898
186703213	-1	9763	67974431	-1	9898
186703213	-1	9763	231162978	-1	9898
186703213	-1	9763	39755673	-1	9898
186703213	-1	9763	42498592	-1	9898
186703213	-1	9763	158557049	-1	9898
186703213	-1	9763	450179550	-1	9898
186703213	-1	9763	219025761	-1	9898
186703213	-1	9763	219026541	-1	9898
186703213	-1	9763	38163981	-1	9898
186703213	-1	9763	262769094	-1	9898
186703213	-1	9763	364531144	-1	9898
186703213	-1	9763	44648810	-1	9898
186703213	-1	9763	73591917	-1	9898
186703213	-1	9763	59393079	-1	9898
186703213	-1	9763	291649524	-1	9898
186703213	-1	9763	30361092	-1	9898
186703213	-1	9763	233945148	-1	9898
186703213	-1	9763	393420461	-1	9898
186703213	-1	9763	262977077	-1	9898
186703213	-1	9763	200509479	-1	9898
186703213	-1	9763	393753891	-1	9898
186703213	-1	9763	246328218	-1	9898
186703213	-1	9763	73950531	-1	9898
186703213	-1	9763	320934094	-1	9898
186703213	-1	9763	437328760	-1	9898
186703213	-1	9763	316457916	-1	9898
186703213	-1	9763	30031807	-1	9898
186703213	-1	9763	377719984	-1	9898
186703213	-1	9763	335594197	-1	9898
186703213	-1	9763	437510892	-1	9898
186703213	-1	9763	190319506	-1	9898
186703213	-1	9763	286231139	-1	9898
186703213	-1	9763	415029916	-1	9898
186703213	-1	9763	23391191	-1	9898
186703213	-1	9763	37899768	-1	9898
186703213	-1	9763	422625777	-1	9898
186703213	-1	9763	15740752	-1	9898
186703213	-1	9763	364838985	-1	9898
186703213	-1	9763	431899421	-1	9898
186703213	-1	9763	860899	-1	9898
186703213	-1	9763	23390397	-1	9898
186703213	-1	9763	451673009	-1	9898
186703213	-1	9763	161081230	-1	9898
186703213	-1	9763	364502960	-1	9898
186703213	-1	9763	423011803	-1	9898
186703213	-1	9763	451641337	-1	9898
186703213	-1	9763	59018009	-1	9898
186703213	-1	9763	199080919	-1	9898
186703213	-1	9763	432873630	-1	9898
186703213	-1	9763	99832272	-1	9898
186703213	-1	9763	168393715	-1	9898
186703213	-1	9763	356243155	-1	9898
186703213	-1	9763	167346323	-1	9898
186703213	-1	9763	15418219	-1	9898
186703213	-1	9763	30261667	-1	9898
186703213	-1	9763	172997712	-1	9898
186703213	-1	9763	291793784	-1	9898
186703213	-1	9763	88105159	-1	9898
186703213	-1	9763	260806122	-1	9898
186703213	-1	9763	59109668	-1	9898
186703213	-1	9763	175599532	-1	9898
186703213	-1	9763	343563938	-1	9898
186703213	-1	9763	210733097	-1	9898
186703213	-1	9763	30059104	-1	9898
186703213	-1	9763	204510083	-1	9898
186703213	-1	9763	126253887	-1	9898
186703213	-1	9763	233428561	-1	9898
186703213	-1	9763	146642373	-1	9898
186703213	-1	9763	437474084	-1	9898
186703213	-1	9763	371488742	-1	9898
186703213	-1	9763	183499432	-1	9898
186703213	-1	9763	199761900	-1	9898
186703213	-1	9763	306221968	-1	9898
186703213	-1	9763	55675707	-1	9898
186703213	-1	9763	443355034	-1	9898
186703213	-1	9763	93841259	-1	9898
186703213	-1	9763	143245623	-1	9898
186703213	-1	9763	50029618	-1	9898
186703213	-1	9763	79176681	-1	9898
186703213	-1	9763	428083714	-1	9898
186703213	-1	9763	70757939	-1	9898
186703213	-1	9763	183614208	-1	9898
186703213	-1	9763	457334554	-1	9898
186703213	-1	9763	126227810	-1	9898
186703213	-1	9763	335658928	-1	9898
186703213	-1	9763	268001185	-1	9898
186703213	-1	9763	101409547	-1	9898
186703213	-1	9763	158574425	-1	9898
186703213	-1	9763	437174306	-1	9898
186703213	-1	9763	30052987	-1	9898
186703213	-1	9763	233644688	-1	9898
186703213	-1	9763	277270527	-1	9898
186703213	-1	9763	58999838	-1	9901
186703213	-1	9763	375239939	-1	9901
186703213	-1	9763	391053655	-1	9901
186703213	-1	9763	318327449	-1	9901
186703213	-1	9763	30301835	-1	9901
186703213	-1	9763	112190329	-1	9901
186703213	-1	9763	335366512	-1	9901
186703213	-1	9763	407990952	-1	9901
186703213	-1	9763	391748468	-1	9901
186703213	-1	9763	275061295	-1	9901
186703213	-1	9763	292036392	-1	9901
186703213	-1	9763	131876491	-1	9901
186703213	-1	9763	146394168	-1	9901
186703213	-1	9763	259161301	-1	9901
186703213	-1	9763	333856017	-1	9901
186703213	-1	9763	44892385	-1	9901
186703213	-1	9763	88100733	-1	9901
186703213	-1	9763	6999851	-1	9901
186703213	-1	9763	22594587	-1	9901
186703213	-1	9763	364613774	-1	9901
186703213	-1	9763	96385520	-1	9901
186703213	-1	9763	379030047	-1	9901
186703213	-1	9763	168967622	-1	9901
186703213	-1	9763	277055503	-1	9901
186703213	-1	9763	242389856	-1	9904
186703213	-1	9763	372618232	-1	9904
186703213	-1	9763	1303246	-1	9904
186703213	-1	9763	378906486	-1	9904
186703213	-1	9763	15310038	-1	9904
186703213	-1	9763	129702897	-1	9904
186703213	-1	9763	8101312	-1	9904
186703213	-1	9763	240631168	-1	9904
186703213	-1	9763	246690057	-1	9904
186703213	-1	9763	9719228	-1	9904
186703213	-1	9763	306379454	-1	9904
186703213	-1	9763	348925275	-1	9904
186703213	-1	9763	262677076	-1	9904
186703213	-1	9763	146344833	-1	9904
186703213	-1	9763	15634926	-1	9904
186703213	-1	9763	391396754	-1	9907
186703213	-1	9763	437549684	-1	9907
186703213	-1	9763	172816523	-1	9907
186703213	-1	9763	306554670	-1	9907
186703213	-1	9763	317708165	-1	9907
186703213	-1	9763	422715412	-1	9907
186703213	-1	9763	137329908	-1	9907
186703213	-1	9763	312095094	-1	9907
186703213	-1	9763	442701637	-1	9907
186703213	-1	9763	20912424	-1	9907
186703213	-1	9763	166434820	-1	9907
186703213	-1	9763	224647146	-1	9907
186703213	-1	9763	297207513	-1	9907
186703213	-1	9763	355521587	-1	9907
186703213	-1	9763	311850867	-1	9907
186703213	-1	9763	218968626	-1	9907
186703213	-1	9763	417863954	-1	9907
186703213	-1	9763	146715182	-1	9907
186703213	-1	9763	254958840	-1	9907
186703213	-1	9763	215254761	-1	9907
186703213	-1	9763	403356970	-1	9907
186703213	-1	9763	431912818	-1	9907
186703213	-1	9763	248166975	-1	9907
186703213	-1	9763	36818795	-1	9907
186703213	-1	9763	115905882	-1	9907
186703213	-1	9763	246817620	-1	9907
186703213	-1	9763	269236493	-1	9907
186703213	-1	9763	113784719	-1	9907
186703213	-1	9763	263019346	-1	9907
186703213	-1	9763	460799596	-1	9907
186703213	-1	9763	12063943	-1	9907
186703213	-1	9763	408446365	-1	9907
186703213	-1	9763	200889659	-1	9907
186703213	-1	9763	358802336	-1	9907
186703213	-1	9763	88229782	-1	9907
186703213	-1	9763	13345456	-1	9907
186703213	-1	9763	291711331	-1	9907
186703213	-1	9763	181710684	-1	9907
186703213	-1	9763	212691730	-1	9907
186703213	-1	9763	7622644	-1	9907
186703213	-1	9763	458299255	-1	9907
186703213	-1	9763	158184395	-1	9907
186703213	-1	9763	291787862	-1	9907
186703213	-1	9763	54503529	-1	9907
186703213	-1	9763	416552917	-1	9907
186703213	-1	9763	44910681	-1	9907
186703213	-1	9763	143538024	-1	9907
186703213	-1	9763	289075587	-1	9907
186703213	-1	9763	289528988	-1	9907
186703213	-1	9763	99806378	-1	9910
186703213	-1	9763	341856483	-1	9910
186703213	-1	9763	393604579	-1	9910
186703213	-1	9763	160817873	-1	9910
186703213	-1	9763	284167580	-1	9910
186703213	-1	9763	335334705	-1	9910
186703213	-1	9763	244889507	-1	9910
186703213	-1	9763	460779225	-1	9910
186703213	-1	9763	110470486	-1	9910
186703213	-1	9763	132142123	-1	9910
186703213	-1	9763	248102712	-1	9910
186703213	-1	9763	306543435	-1	9910
186703213	-1	9763	156773701	-1	9910
186703213	-1	9763	175490192	-1	9913
186703213	-1	9763	393610270	-1	9913
186703213	-1	9763	335445509	-1	9913
186703213	-1	9763	224717044	-1	9913
186703213	-1	9763	88117632	-1	9913
186703213	-1	9763	297898728	-1	9913
186703213	-1	9763	422501464	-1	9913
186703213	-1	9763	12550419	-1	9913
186703213	-1	9763	211568582	-1	9916
186703213	-1	9763	88204101	-1	9916
186703213	-1	9763	388497324	-1	9916
186703213	-1	9763	44509411	-1	9916
186703213	-1	9763	30378785	-1	9916
186703213	-1	9763	452084120	-1	9916
186703213	-1	9763	331257840	-1	9916
186703213	-1	9763	204396498	-1	9916
186703213	-1	9763	231513439	-1	9916
186703213	-1	9763	385569939	-1	9916
186703213	-1	9763	330434689	-1	9916
186703213	-1	9763	422773025	-1	9916
186703213	-1	9763	202731318	-1	9916
186703213	-1	9763	379228600	-1	9916
186703213	-1	9763	54397636	-1	9916
186703213	-1	9763	284886566	-1	9916
186703213	-1	9763	97253793	-1	9916
186703213	-1	9763	204470539	-1	9916
186703213	-1	9763	262614676	-1	9916
186703213	-1	9763	378947620	-1	9916
186703213	-1	9763	88479727	-1	9916
186703213	-1	9763	219329925	-1	9916
186703213	-1	9763	451996156	-1	9916
186703213	-1	9763	335663268	-1	9916
186703213	-1	9763	88457188	-1	9916
186703213	-1	9763	200625161	-1	9916
186703213	-1	9763	379285107	-1	9916
186703213	-1	9763	256407769	-1	9916
186703213	-1	9763	15824829	-1	9916
186703213	-1	9763	335550793	-1	9916
186703213	-1	9763	173610195	-1	9916
186703213	-1	9763	288274015	-1	9916
186703213	-1	9763	225916265	-1	9916
186703213	-1	9763	103044073	-1	9916
186703213	-1	9763	350235720	-1	9916
186703213	-1	9763	248458378	-1	9916
186703213	-1	9763	291634526	-1	9916
186703213	-1	9763	219135823	-1	9916
186703213	-1	9763	97541732	-1	9916
186703213	-1	9763	335322160	-1	9916
186703213	-1	9763	102960741	-1	9916
186703213	-1	9763	123560100	-1	9916
186703213	-1	9763	146226931	-1	9916
186703213	-1	9763	44860251	-1	9916
186703213	-1	9763	314493454	-1	9916
186703213	-1	9763	387891017	-1	9916
186703213	-1	9763	160977489	-1	9916
186703213	-1	9763	24568009	-1	9916
186703213	-1	9763	204521614	-1	9916
186703213	-1	9763	88548076	-1	9916
186703213	-1	9763	130201677	-1	9916
186703213	-1	9763	175470520	-1	9916
186703213	-1	9763	435882225	-1	9916
186703213	-1	9763	378896402	-1	9916
186703213	-1	9763	422585121	-1	9919
186703213	-1	9763	117507179	-1	9919
186703213	-1	9763	364325775	-1	9919
186703213	-1	9763	335366727	-1	9919
186703213	-1	9763	464107354	-1	9919
186703213	-1	9763	416006723	-1	9919
186703213	-1	9763	342709425	-1	9919
186703213	-1	9763	125232262	-1	9919
186703213	-1	9763	292018138	-1	9919
186703213	-1	9763	22413538	-1	9919
186703213	-1	9763	66228854	-1	9919
186703213	-1	9763	85217826	-1	9919
186703213	-1	9763	216700511	-1	9919
186703213	-1	9763	277451067	-1	9919
186703213	-1	9763	277297872	-1	9919
186703213	-1	9763	335463791	-1	9919
186703213	-1	9763	138433350	-1	9919
186703213	-1	9763	400665440	-1	9919
186703213	-1	9763	39543510	-1	9919
186703213	-1	9763	375550013	-1	9919
186703213	-1	9763	334282408	-1	9919
186703213	-1	9763	335627585	-1	9919
186703213	-1	9763	429002987	-1	9919
186703213	-1	9763	88176223	-1	9922
186703213	-1	9763	290385679	-1	9922
186703213	-1	9763	431056726	-1	9922
186703213	-1	9763	146344911	-1	9922
186703213	-1	9763	277219253	-1	9922
186703213	-1	9763	248135395	-1	9922
186703213	-1	9763	291759972	-1	9922
186703213	-1	9763	349799639	-1	9922
186703213	-1	9763	408093467	-1	9922
186703213	-1	9763	131798545	-1	9925
186703213	-1	9763	298040557	-1	9925
186703213	-1	9763	166478244	-1	9925
186703213	-1	9763	15518602	-1	9925
186703213	-1	9763	88386237	-1	9925
186703213	-1	9763	212235212	-1	9925
186703213	-1	9763	102728132	-1	9925
186703213	-1	9763	146315185	-1	9925
186703213	-1	9763	422729278	-1	9925
186703213	-1	9763	364828147	-1	9925
186703213	-1	9763	156740699	-1	9925
186703213	-1	9763	217557463	-1	9925
186703213	-1	9763	44830770	-1	9925
186703213	-1	9763	233971409	-1	9928
186703213	-1	9763	204542928	-1	9928
186703213	-1	9763	358497203	-1	9928
186703213	-1	9763	330724437	-1	9928
186703213	-1	9763	391364841	-1	9928
186703213	-1	9763	88100233	-1	9928
186703213	-1	9763	343069181	-1	9928
186703213	-1	9763	199250741	-1	9934
186703213	-1	9763	190303863	-1	9934
186703213	-1	9763	243588946	-1	9934
186703213	-1	9763	269351435	-1	9934
186703213	-1	9763	189811528	-1	9934
186703213	-1	9763	170707402	-1	9934
186703213	-1	9763	131883223	-1	9934
186703213	-1	9763	156891870	-1	9934
186703213	-1	9763	59170916	-1	9934
186703213	-1	9763	146440035	-1	9934
186703213	-1	9763	364342067	-1	9934
186703213	-1	9763	312401864	-1	9934
186703213	-1	9763	459571033	-1	9934
186703213	-1	9763	347119715	-1	9934
186703213	-1	9763	67774519	-1	9934
186703213	-1	9763	217795688	-1	9934
186703213	-1	9763	242937710	-1	9934
186703213	-1	9763	253461418	-1	9934
186703213	-1	9763	129273581	-1	9934
186703213	-1	9763	144554862	-1	9934
186703213	-1	9763	30067874	-1	9934
186703213	-1	9763	390374584	-1	9937
186703213	-1	9763	204453185	-1	9937
186703213	-1	9763	160929252	-1	9937
186703213	-1	9763	59287589	-1	9937
186703213	-1	9763	401813118	-1	9937
186703213	-1	9763	44567879	-1	9937
186703213	-1	9763	219314357	-1	9937
186703213	-1	9763	393813177	-1	9937
186703213	-1	9763	196004526	-1	9937
186703213	-1	9763	30024298	-1	9937
186703213	-1	9763	391645693	-1	9937
186703213	-1	9763	132041192	-1	9937
186703213	-1	9763	269744174	-1	9937
186703213	-1	9763	331867415	-1	9937
186703213	-1	9763	190116546	-1	9937
186703213	-1	9763	131684990	-1	9937
186703213	-1	9763	350099976	-1	9937
186703213	-1	9763	212116213	-1	9940
186703213	-1	9763	233637819	-1	9940
186703213	-1	9763	291648923	-1	9940
186703213	-1	9763	451887062	-1	9940
186703213	-1	9763	27674942	-1	9940
186703213	-1	9763	173661060	-1	9940
186703213	-1	9763	187949522	-1	9940
186703213	-1	9763	262728933	-1	9940
186703213	-1	9763	88328607	-1	9940
186703213	-1	9763	39974202	-1	9940
186703213	-1	9763	59226921	-1	9940
186703213	-1	9763	183891310	-1	9940
186703213	-1	9763	422661322	-1	9940
186703213	-1	9763	355780639	-1	9940
186703213	-1	9763	181011877	-1	9940
186703213	-1	9763	195555382	-1	9940
186703213	-1	9763	457301501	-1	9940
186703213	-1	9763	145132027	-1	9940
186703213	-1	9763	464085668	-1	9940
186703213	-1	9763	10199325	-1	9940
186703213	-1	9763	393673154	-1	9940
186703213	-1	9763	117552021	-1	9940
186703213	-1	9763	44513244	-1	9940
186703213	-1	9763	875696	-1	9940
186703213	-1	9763	277165493	-1	9940
186703213	-1	9763	443184408	-1	9940
186703213	-1	9763	67160454	-1	9940
186703213	-1	9763	437447151	-1	9940
186703213	-1	9763	102834324	-1	9940
186703213	-1	9763	408391734	-1	9940
186703213	-1	9763	299420143	-1	9940
186703213	-1	9763	85160587	-1	9940
186703213	-1	9763	285461865	-1	9940
186703213	-1	9763	297460764	-1	9940
186703213	-1	9763	286781577	-1	9940
186703213	-1	9763	330184091	-1	9940
186703213	-1	9763	158386360	-1	9940
186703213	-1	9763	303500802	-1	9940
186703213	-1	9763	81528427	-1	9940
186703213	-1	9763	21529598	-1	9940
186703213	-1	9763	285836372	-1	9940
186703213	-1	9763	895878	-1	9940
186703213	-1	9763	422610778	-1	9940
186703213	-1	9763	204568307	-1	9940
186703213	-1	9763	350148305	-1	9940
186703213	-1	9763	219419043	-1	9940
186703213	-1	9763	131877742	-1	9940
186703213	-1	9763	117558318	-1	9943
186703213	-1	9763	190154710	-1	9943
186703213	-1	9763	458091330	-1	9946
186703213	-1	9763	389973052	-1	9946
186703213	-1	9763	231883237	-1	9946
186703213	-1	9763	379125205	-1	9946
186703213	-1	9763	125563161	-1	9946
186703213	-1	9763	233886664	-1	9946
186703213	-1	9763	8966261	-1	9946
186703213	-1	9763	259633275	-1	9946
186703213	-1	9763	363051464	-1	9946
186703213	-1	9763	175337265	-1	9946
186703213	-1	9763	364588320	-1	9961
186703213	-1	9763	287560002	-1	10009
186703213	-1	9763	393456853	-1	10084
186703213	-1	9763	335097154	-1	10093
186703213	-1	9763	422665942	-1	10096
186703213	-1	9763	131785799	-1	10099
186703213	-1	9763	403772105	-1	10120
186703213	-1	9763	69972732	-1	10126
186703213	-1	9763	447752772	-1	10126
186703213	-1	9763	259418751	-1	10126
186703213	-1	9763	321107217	-1	10132
186703213	-1	9763	175281397	-1	10135
186703213	-1	9763	347151119	-1	10138
186703213	-1	9763	422491358	-1	10147
186703213	-1	9763	408116661	-1	10147
186703213	-1	9763	82324024	-1	10147
186703213	-1	9763	117062106	-1	10159
186703213	-1	9763	233218177	-1	10159
186703213	-1	9763	364104653	-1	10159
186703213	-1	9763	102372016	-1	10159
186703213	-1	9763	276831230	-1	10159
186703213	-1	9763	131339647	-1	10159
186703213	-1	9763	189798608	-1	10159
186703213	-1	9763	160234640	-1	10159
186703213	-1	9763	320658815	-1	10159
186703213	-1	9763	1258783	-1	10174
186703213	-1	9763	86962171	-1	10204
186703213	-1	9763	364727017	-1	10225
186703213	-1	9763	131798497	-1	10225
186703213	-1	9763	437242511	-1	10225
186703213	-1	9763	73904780	-1	10225
186703213	-1	9763	393534097	-1	10228
186703213	-1	9763	364695838	-1	10267
186703213	-1	9763	73901675	-1	10333
186703213	-1	9763	59150968	-1	10420
186703213	-1	9763	243821315	-1	10426
186703213	-1	9763	59079484	-1	10432
 