117232168	1	2	117232168	1	2
160860598	1	18056	160860598	1	18056
160860598	1	18056	30076933	1	18086
160860598	1	18056	437448802	1	18124
160860598	1	18056	59030155	1	18202
160860598	1	18056	306260052	1	18202
175397227	1	30593	175397227	1	30593
175542013	1	31217	175542013	1	31217
175542013	1	31217	1262428	1	31256
108548815	-1	2116	67135102	-1	2095
108548815	-1	2116	399839004	-1	2095
108548815	-1	2116	30119282	-1	2098
108548815	-1	2116	299048284	-1	2098
108548815	-1	2116	66175816	-1	2098
108548815	-1	2116	161153964	-1	2098
108548815	-1	2116	117411356	-1	2101
108548815	-1	2116	335534451	-1	2101
108548815	-1	2116	306248581	-1	2104
108548815	-1	2116	102666901	-1	2104
108548815	-1	2116	23778596	-1	2104
108548815	-1	2116	356152290	-1	2104
108548815	-1	2116	451899799	-1	2104
108548815	-1	2116	30309610	-1	2104
108548815	-1	2116	317662804	-1	2104
108548815	-1	2116	154146282	-1	2104
108548815	-1	2116	102657926	-1	2104
108548815	-1	2116	241306017	-1	2104
108548815	-1	2116	204590401	-1	2104
108548815	-1	2116	143854524	-1	2104
108548815	-1	2116	363186466	-1	2104
108548815	-1	2116	183341628	-1	2104
108548815	-1	2116	84569698	-1	2104
108548815	-1	2116	56704613	-1	2104
108548815	-1	2116	273461323	-1	2104
108548815	-1	2116	416373471	-1	2104
108548815	-1	2116	429536935	-1	2104
108548815	-1	2116	190089013	-1	2104
108548815	-1	2116	422811736	-1	2104
108548815	-1	2116	68855166	-1	2104
108548815	-1	2116	204678478	-1	2104
108548815	-1	2116	198587181	-1	2104
108548815	-1	2116	316332895	-1	2104
108548815	-1	2116	7975471	-1	2104
108548815	-1	2116	15484637	-1	2104
108548815	-1	2116	408106709	-1	2104
108548815	-1	2116	462697095	-1	2104
108548815	-1	2116	360490272	-1	2104
108548815	-1	2116	226714902	-1	2104
108548815	-1	2116	117443946	-1	2104
108548815	-1	2116	159773770	-1	2104
108548815	-1	2116	30023990	-1	2104
108548815	-1	2116	414418295	-1	2104
108548815	-1	2116	399919728	-1	2104
108548815	-1	2116	360523389	-1	2104
108548815	-1	2116	159933969	-1	2104
108548815	-1	2116	283817822	-1	2104
108548815	-1	2116	204691507	-1	2104
108548815	-1	2116	350105745	-1	2104
108548815	-1	2116	144784730	-1	2104
108548815	-1	2116	321141723	-1	2104
108548815	-1	2116	393518944	-1	2104
108548815	-1	2116	321022641	-1	2104
108548815	-1	2116	29924377	-1	2104
108548815	-1	2116	448380371	-1	2104
108548815	-1	2116	182775762	-1	2107
108548815	-1	2116	218964019	-1	2107
108548815	-1	2116	132548787	-1	2107
108548815	-1	2116	379188707	-1	2107
108548815	-1	2116	344660586	-1	2107
108548815	-1	2116	240570404	-1	2107
108548815	-1	2116	370825430	-1	2110
108548815	-1	2116	94501487	-1	2113
108548815	-1	2116	314981973	-1	2113
108548815	-1	2116	393927747	-1	2113
108548815	-1	2116	146719890	-1	2113
108548815	-1	2116	10534625	-1	2113
108548815	-1	2116	80232753	-1	2113
108548815	-1	2116	305156225	-1	2113
108548815	-1	2116	51646577	-1	2113
108548815	-1	2116	161032080	-1	2113
108548815	-1	2116	127780852	-1	2113
108548815	-1	2116	138499130	-1	2113
108548815	-1	2116	127561418	-1	2113
108548815	-1	2116	415613992	-1	2113
108548815	-1	2116	371820421	-1	2113
108548815	-1	2116	373615163	-1	2113
108548815	-1	2116	415869865	-1	2113
108548815	-1	2116	461210731	-1	2113
108548815	-1	2116	40459069	-1	2113
108548815	-1	2116	102723076	-1	2113
108548815	-1	2116	137447240	-1	2113
108548815	-1	2116	241715889	-1	2113
108548815	-1	2116	73880541	-1	2113
108548815	-1	2116	30066310	-1	2113
108548815	-1	2116	437229331	-1	2113
108548815	-1	2116	291814643	-1	2113
108548815	-1	2116	378883600	-1	2113
108548815	-1	2116	393605817	-1	2113
108548815	-1	2116	108722774	-1	2113
108548815	-1	2116	285127659	-1	2113
108548815	-1	2116	40097822	-1	2113
108548815	-1	2116	437280661	-1	2113
108548815	-1	2116	126536902	-1	2113
108548815	-1	2116	335759920	-1	2113
108548815	-1	2116	146705709	-1	2116
108548815	-1	2116	169409529	-1	2116
108548815	-1	2116	30388360	-1	2116
108548815	-1	2116	117637749	-1	2116
108548815	-1	2116	175804570	-1	2116
108548815	-1	2116	94530350	-1	2116
108548815	-1	2116	431989575	-1	2116
108548815	-1	2116	161077686	-1	2116
108548815	-1	2116	204505394	-1	2116
108548815	-1	2116	196675008	-1	2116
108548815	-1	2116	376042032	-1	2116
108548815	-1	2116	100058548	-1	2116
108548815	-1	2116	248100755	-1	2116
108548815	-1	2116	225409634	-1	2116
108548815	-1	2116	186069751	-1	2116
108548815	-1	2116	13261446	-1	2116
108548815	-1	2116	94110889	-1	2116
108548815	-1	2116	459137798	-1	2116
108548815	-1	2116	113825038	-1	2116
108548815	-1	2116	348729154	-1	2116
108548815	-1	2116	68193232	-1	2116
108548815	-1	2116	433032638	-1	2116
108548815	-1	2116	429852185	-1	2116
108548815	-1	2116	225045330	-1	2116
108548815	-1	2116	154731776	-1	2116
108548815	-1	2116	390687189	-1	2116
108548815	-1	2116	364346590	-1	2116
108548815	-1	2116	44430120	-1	2116
108548815	-1	2116	359103094	-1	2116
108548815	-1	2116	21899101	-1	2116
108548815	-1	2116	40056242	-1	2116
108548815	-1	2116	386887933	-1	2116
108548815	-1	2116	96270355	-1	2116
108548815	-1	2116	14093128	-1	2116
108548815	-1	2116	403453334	-1	2116
108548815	-1	2116	268801803	-1	2116
108548815	-1	2116	108548815	-1	2116
108548815	-1	2116	8930653	-1	2116
108548815	-1	2116	275548508	-1	2116
108548815	-1	2116	73745277	-1	2116
108548815	-1	2116	73979331	-1	2116
108548815	-1	2116	275586363	-1	2116
108548815	-1	2116	113277277	-1	2116
108548815	-1	2116	88283799	-1	2116
108548815	-1	2116	190076769	-1	2116
108548815	-1	2116	117370512	-1	2116
108548815	-1	2116	376701754	-1	2116
108548815	-1	2116	153931416	-1	2116
108548815	-1	2116	190077532	-1	2116
108548815	-1	2116	277328498	-1	2116
108548815	-1	2116	248140220	-1	2116
108548815	-1	2116	437420297	-1	2116
108548815	-1	2116	417801597	-1	2116
108548815	-1	2116	393464410	-1	2116
108548815	-1	2116	277182378	-1	2116
108548815	-1	2116	190063343	-1	2116
108548815	-1	2116	108883087	-1	2116
108548815	-1	2116	303473734	-1	2116
108548815	-1	2116	242190018	-1	2116
108548815	-1	2116	13743267	-1	2116
108548815	-1	2116	185052158	-1	2116
108548815	-1	2116	451684378	-1	2116
108548815	-1	2116	44520193	-1	2116
108548815	-1	2116	277185520	-1	2116
108548815	-1	2116	306269042	-1	2116
108548815	-1	2116	306267071	-1	2116
108548815	-1	2116	204478428	-1	2116
108548815	-1	2116	306295344	-1	2116
108548815	-1	2116	248372642	-1	2116
108548815	-1	2116	186512203	-1	2116
108548815	-1	2116	408005471	-1	2116
108548815	-1	2116	24606116	-1	2116
108548815	-1	2116	190324348	-1	2116
108548815	-1	2116	299078462	-1	2116
108548815	-1	2116	360376480	-1	2116
108548815	-1	2116	84539390	-1	2116
108548815	-1	2116	98855613	-1	2116
108548815	-1	2116	109775746	-1	2116
108548815	-1	2116	226906106	-1	2116
108548815	-1	2116	389250506	-1	2116
108548815	-1	2116	299422518	-1	2116
108548815	-1	2116	355834847	-1	2116
108548815	-1	2116	42660407	-1	2116
108548815	-1	2116	315222070	-1	2116
108548815	-1	2116	261311625	-1	2116
108548815	-1	2116	390292788	-1	2116
108548815	-1	2116	126905691	-1	2116
108548815	-1	2116	67099693	-1	2116
108548815	-1	2116	166872043	-1	2116
108548815	-1	2116	362310318	-1	2116
108548815	-1	2116	357398579	-1	2116
108548815	-1	2116	450527946	-1	2116
108548815	-1	2116	240029125	-1	2116
108548815	-1	2116	360302115	-1	2116
108548815	-1	2116	451894181	-1	2116
108548815	-1	2116	171095495	-1	2116
108548815	-1	2116	36033042	-1	2116
108548815	-1	2116	196411794	-1	2116
108548815	-1	2116	391995694	-1	2116
108548815	-1	2116	306308164	-1	2116
108548815	-1	2116	379386095	-1	2116
108548815	-1	2116	848415	-1	2116
108548815	-1	2116	9126916	-1	2116
108548815	-1	2116	71616722	-1	2116
108548815	-1	2116	127166303	-1	2116
108548815	-1	2116	462294717	-1	2116
108548815	-1	2116	390391840	-1	2116
108548815	-1	2116	291734742	-1	2116
108548815	-1	2116	359111190	-1	2116
108548815	-1	2116	124692502	-1	2116
108548815	-1	2116	241748382	-1	2116
108548815	-1	2116	406760659	-1	2116
108548815	-1	2116	328018732	-1	2116
108548815	-1	2116	167076798	-1	2116
108548815	-1	2116	227631838	-1	2116
108548815	-1	2116	361168308	-1	2116
108548815	-1	2116	320887953	-1	2116
108548815	-1	2116	343576672	-1	2116
108548815	-1	2116	81758725	-1	2116
108548815	-1	2116	390670835	-1	2116
108548815	-1	2116	390517354	-1	2116
108548815	-1	2116	122782180	-1	2116
108548815	-1	2116	195488194	-1	2116
108548815	-1	2116	317731360	-1	2116
108548815	-1	2116	249211303	-1	2119
108548815	-1	2116	131895309	-1	2119
108548815	-1	2116	190300036	-1	2119
108548815	-1	2116	935885	-1	2122
108548815	-1	2116	117256427	-1	2128
108548815	-1	2116	233587100	-1	2128
108548815	-1	2116	451710262	-1	2128
108548815	-1	2116	189962793	-1	2128
108548815	-1	2116	131796305	-1	2128
108548815	-1	2116	72571864	-1	2134
108548815	-1	2116	291728158	-1	2146
108548815	-1	2116	73744533	-1	2146
108548815	-1	2116	262683821	-1	2146
108548815	-1	2116	40383552	-1	2158
108548815	-1	2116	7143357	-1	2158
108548815	-1	2116	258624068	-1	2158
108548815	-1	2116	444111182	-1	2161
108548815	-1	2116	204754112	-1	2164
108548815	-1	2116	217145585	-1	2173
108548815	-1	2116	247059608	-1	2185
108548815	-1	2116	402802156	-1	2197
108548815	-1	2116	401733293	-1	2197
108548815	-1	2116	301333520	-1	2203
108548815	-1	2116	332994638	-1	2203
108548815	-1	2116	233701600	-1	2206
108548815	-1	2116	262670692	-1	2209
108548815	-1	2116	230823669	-1	2215
108548815	-1	2116	300107182	-1	2215
108548815	-1	2116	143223875	-1	2221
108548815	-1	2116	242665466	-1	2224
108548815	-1	2116	373336527	-1	2233
108548815	-1	2116	364471535	-1	2239
108548815	-1	2116	68544682	-1	2242
108548815	-1	2116	131982662	-1	2242
108548815	-1	2116	451680905	-1	2245
108548815	-1	2116	212731006	-1	2284
108548815	-1	2116	451633002	-1	2287
108548815	-1	2116	318294981	-1	2290
108548815	-1	2116	44730814	-1	2320
108548815	-1	2116	189884015	-1	2320
108548815	-1	2116	15845679	-1	2323
108548815	-1	2116	233893308	-1	2332
108548815	-1	2116	408098258	-1	2341
108548815	-1	2116	59025642	-1	2341
108548815	-1	2116	1305447	-1	2389
108548815	-1	2116	437184327	-1	2392
108548815	-1	2116	189978999	-1	2392
108548815	-1	2116	160893283	-1	2404
108548815	-1	2116	160890562	-1	2425
108548815	-1	2116	88181229	-1	2425
108548815	-1	2116	393559239	-1	2425
108548815	-1	2116	146351332	-1	2425
108548815	-1	2116	59103224	-1	2425
108548815	-1	2116	29012487	-1	2434
108548815	-1	2116	341373774	-1	2455
108548815	-1	2116	320852426	-1	2479
108548815	-1	2116	15847203	-1	2494
108548815	-1	2116	68126978	-1	2503
108548815	-1	2116	263002269	-1	2506
108548815	-1	2116	1172799	-1	2509
108548815	-1	2116	260418006	-1	2515
108548815	-1	2116	315713426	-1	2569
108548815	-1	2116	73940971	-1	2587
108548815	-1	2116	277182605	-1	2596
108548815	-1	2116	932396	-1	2647
108548815	-1	2116	291765637	-1	2647
108548815	-1	2116	451834849	-1	2653
108548815	-1	2116	284323101	-1	2656
108548815	-1	2116	277325889	-1	2665
108548815	-1	2116	408185219	-1	2677
108548815	-1	2116	100521401	-1	2704
108548815	-1	2116	219055273	-1	2710
108548815	-1	2116	189978822	-1	2719
108548815	-1	2116	175306827	-1	2719
108548815	-1	2116	190344419	-1	2725
108548815	-1	2116	100650512	-1	2728
108548815	-1	2116	335558832	-1	2731
108548815	-1	2116	275032884	-1	2743
108548815	-1	2116	262643880	-1	2746
108548815	-1	2116	102724939	-1	2776
108548815	-1	2116	228087351	-1	2779
108548815	-1	2116	461696459	-1	2866
108548815	-1	2116	53088049	-1	2881
108548815	-1	2116	73598842	-1	2884
108548815	-1	2116	175434496	-1	2896
108548815	-1	2116	102724119	-1	2896
108548815	-1	2116	306311239	-1	2896
108548815	-1	2116	233598527	-1	2899
108548815	-1	2116	204627778	-1	2908
108548815	-1	2116	314612367	-1	2932
108548815	-1	2116	408469108	-1	2935
108548815	-1	2116	991607	-1	2935
108548815	-1	2116	408087025	-1	3052
108548815	-1	2116	195685455	-1	3103
108548815	-1	2116	146447964	-1	3103
108548815	-1	2116	393560977	-1	3103
108548815	-1	2116	408270104	-1	3106
108548815	-1	2116	219019132	-1	3115
108548815	-1	2116	15435085	-1	3115
108548815	-1	2116	320836019	-1	3124
108548815	-1	2116	204461077	-1	3124
108548815	-1	2116	88105445	-1	3181
108548815	-1	2116	88357492	-1	3187
108548815	-1	2116	1107164	-1	3199
108548815	-1	2116	88142470	-1	3202
108548815	-1	2116	422728143	-1	3205
108548815	-1	2116	233588729	-1	3223
108548815	-1	2116	408087734	-1	3229
108548815	-1	2116	160890610	-1	3277
108548815	-1	2116	74012852	-1	3292
108548815	-1	2116	175393898	-1	3295
108548815	-1	2116	1171903	-1	3334
108548815	-1	2116	146522514	-1	3337
108548815	-1	2116	131982238	-1	3358
108548815	-1	2116	190087702	-1	3361
108548815	-1	2116	451726404	-1	3370
108548815	-1	2116	248315391	-1	3370
108548815	-1	2116	935130	-1	3388
108548815	-1	2116	248099215	-1	3391
108548815	-1	2116	262785480	-1	3412
108548815	-1	2116	262597990	-1	3415
108548815	-1	2116	59472139	-1	3463
108548815	-1	2116	258379065	-1	3466
108548815	-1	2116	437354864	-1	3472
108548815	-1	2116	335350937	-1	3490
108548815	-1	2116	160894936	-1	3490
108548815	-1	2116	306308336	-1	3490
108548815	-1	2116	189963393	-1	3490
108548815	-1	2116	233772683	-1	3499
108548815	-1	2116	408102319	-1	3505
108548815	-1	2116	447657294	-1	3511
108548815	-1	2116	321022591	-1	3523
108548815	-1	2116	219234121	-1	3526
108548815	-1	2116	172563506	-1	3562
108548815	-1	2116	262620827	-1	3562
108548815	-1	2116	364474749	-1	3568
108548815	-1	2116	160889486	-1	3571
108548815	-1	2116	248127668	-1	3577
108548815	-1	2116	320846791	-1	3589
108548815	-1	2116	451826682	-1	3589
108548815	-1	2116	88057465	-1	3601
108548815	-1	2116	437091024	-1	3610
108548815	-1	2116	335694204	-1	3613
108548815	-1	2116	408101348	-1	3625
108548815	-1	2116	262681627	-1	3634
108548815	-1	2116	204503851	-1	3640
108548815	-1	2116	335567674	-1	3640
108548815	-1	2116	451727646	-1	3646
108548815	-1	2116	437236126	-1	3646
108548815	-1	2116	262680989	-1	3646
108548815	-1	2116	138624899	-1	3652
108548815	-1	2116	189974620	-1	3652
108548815	-1	2116	219061787	-1	3652
108548815	-1	2116	73603806	-1	3652
108548815	-1	2116	37659882	-1	3664
108548815	-1	2116	219062131	-1	3667
108548815	-1	2116	248315416	-1	3667
108548815	-1	2116	59101884	-1	3679
108548815	-1	2116	457440462	-1	3685
108548815	-1	2116	73642810	-1	3688
108548815	-1	2116	127780267	-1	3763
108548815	-1	2116	44557319	-1	3766
108548815	-1	2116	30020300	-1	3766
108548815	-1	2116	15477572	-1	3766
108548815	-1	2116	233601752	-1	3766
108548815	-1	2116	320756446	-1	3766
108548815	-1	2116	451720540	-1	3772
108548815	-1	2116	233672244	-1	3778
108548815	-1	2116	303541667	-1	3781
108548815	-1	2116	219059407	-1	3793
108548815	-1	2116	160894162	-1	3793
108548815	-1	2116	893419	-1	3793
108548815	-1	2116	30021243	-1	3796
108548815	-1	2116	88539558	-1	3817
108548815	-1	2116	934826	-1	3823
108548815	-1	2116	233601072	-1	3823
108548815	-1	2116	59104023	-1	3823
108548815	-1	2116	349840136	-1	3823
108548815	-1	2116	152060478	-1	3826
108548815	-1	2116	393661330	-1	3835
108548815	-1	2116	44733254	-1	3850
108548815	-1	2116	56673464	-1	3850
108548815	-1	2116	228111989	-1	3856
108548815	-1	2116	408099791	-1	3871
108548815	-1	2116	422548722	-1	3880
108548815	-1	2116	335393856	-1	3904
108548815	-1	2116	214500795	-1	3907
108548815	-1	2116	393556049	-1	3913
271551758	-1	6794	256637859	-1	6264
271551758	-1	6794	233649885	-1	6294
271551758	-1	6794	320898581	-1	6294
271551758	-1	6794	406578177	-1	6309
271551758	-1	6794	306466362	-1	6557
271551758	-1	6794	335331364	-1	6566
271551758	-1	6794	110952604	-1	6566
271551758	-1	6794	284383816	-1	6575
271551758	-1	6794	317882524	-1	6575
271551758	-1	6794	460559396	-1	6575
271551758	-1	6794	271551758	-1	6794
271551758	-1	6794	401595568	-1	6794
271551758	-1	6794	306421623	-1	6794
271551758	-1	6794	131923581	-1	6794
271551758	-1	6794	204630761	-1	6794
271551758	-1	6794	233715368	-1	6794
271551758	-1	6794	350047968	-1	6794
271551758	-1	6794	437295949	-1	6794
271551758	-1	6794	102840730	-1	6794
271551758	-1	6794	146465290	-1	6794
271551758	-1	6794	233714087	-1	6794
271551758	-1	6794	364589425	-1	6794
271551758	-1	6794	175549638	-1	6794
271551758	-1	6794	452016255	-1	6794
271551758	-1	6794	114371764	-1	6794
271551758	-1	6794	124440175	-1	6794
271551758	-1	6794	417825818	-1	6794
271551758	-1	6794	435293532	-1	6794
271551758	-1	6794	460237946	-1	6794
271551758	-1	6794	298749813	-1	6794
271551758	-1	6794	355869024	-1	6794
271551758	-1	6794	306422646	-1	6794
271551758	-1	6794	204630928	-1	6794
271551758	-1	6794	186732505	-1	6794
271551758	-1	6794	262799348	-1	6794
271551758	-1	6794	262797940	-1	6794
271551758	-1	6794	1049745	-1	6794
271551758	-1	6794	393670709	-1	6794
271551758	-1	6794	30133463	-1	6794
271551758	-1	6794	102839440	-1	6794
271551758	-1	6794	437298089	-1	6794
271551758	-1	6794	59216791	-1	6794
271551758	-1	6794	183625860	-1	6794
271551758	-1	6794	393601975	-1	6794
88470462	-1	6935	88470462	-1	6935
88470462	-1	6935	30305227	-1	6935
88470462	-1	6935	277511320	-1	6935
88470462	-1	6935	103012565	-1	6935
88470462	-1	6935	452010654	-1	6935
88470462	-1	6935	248427735	-1	6935
88470462	-1	6935	372827950	-1	6935
88470462	-1	6935	346790928	-1	6935
88470462	-1	6935	414813198	-1	6935
88470462	-1	6935	142113312	-1	6935
88470462	-1	6935	228747150	-1	6935
88470462	-1	6935	27997201	-1	6935
88470462	-1	6935	385681981	-1	6935
88470462	-1	6935	391216866	-1	6935
88470462	-1	6935	345685871	-1	6935
88470462	-1	6935	169953317	-1	6935
88470462	-1	6935	405094214	-1	6935
88470462	-1	6935	7327160	-1	6935
88470462	-1	6935	199500260	-1	6935
88470462	-1	6935	364760722	-1	6935
88470462	-1	6935	422676414	-1	6935
88470462	-1	6935	422756129	-1	6935
88470462	-1	6935	262799198	-1	6935
88470462	-1	6935	298320568	-1	6935
88470462	-1	6935	364587701	-1	6935
88470462	-1	6935	313900548	-1	6935
88470462	-1	6935	44847091	-1	6935
88470462	-1	6935	146637672	-1	6935
88470462	-1	6935	350218897	-1	6935
88470462	-1	6935	132096032	-1	6935
88470462	-1	6935	262969838	-1	6935
88470462	-1	6935	306593715	-1	6935
88470462	-1	6935	248198358	-1	6935
88470462	-1	6935	233867628	-1	6935
88470462	-1	6935	15762342	-1	6935
88470462	-1	6935	204676358	-1	6935
88470462	-1	6935	408258629	-1	6935
88470462	-1	6935	44718636	-1	6935
88470462	-1	6935	248302261	-1	6935
88470462	-1	6935	291924545	-1	6935
88470462	-1	6935	30176598	-1	6935
88470462	-1	6935	360724693	-1	6935
88470462	-1	6935	452009905	-1	6935
88470462	-1	6935	102841185	-1	6935
88470462	-1	6935	88343472	-1	6935
88470462	-1	6935	117425249	-1	6935
88470462	-1	6935	175475782	-1	6935
88470462	-1	6935	161179743	-1	6938
88470462	-1	6935	44719031	-1	6938
88470462	-1	6935	277385265	-1	6938
88470462	-1	6935	88471503	-1	6953
88470462	-1	6935	15762635	-1	6953
88470462	-1	6935	248428546	-1	6953
88470462	-1	6935	379303083	-1	6953
88470462	-1	6935	66074217	-1	6971
88470462	-1	6935	349861918	-1	6983
88470462	-1	6935	161179098	-1	6983
88470462	-1	6935	233959883	-1	6983
88470462	-1	6935	103018641	-1	7046
88470462	-1	6935	393421569	-1	7061
88470462	-1	6935	378980819	-1	7073
313238801	-1	12626	312433831	-1	12593
313238801	-1	12626	347384297	-1	12593
313238801	-1	12626	80378779	-1	12593
313238801	-1	12626	447008228	-1	12593
313238801	-1	12626	277339452	-1	12596
313238801	-1	12626	334295601	-1	12602
313238801	-1	12626	364587499	-1	12611
313238801	-1	12626	213959990	-1	12614
313238801	-1	12626	232600551	-1	12614
313238801	-1	12626	15761130	-1	12614
313238801	-1	12626	204539318	-1	12614
313238801	-1	12626	422663730	-1	12614
313238801	-1	12626	59125225	-1	12614
313238801	-1	12626	402776396	-1	12617
313238801	-1	12626	213316200	-1	12617
313238801	-1	12626	330338220	-1	12617
313238801	-1	12626	404266559	-1	12617
313238801	-1	12626	393843549	-1	12617
313238801	-1	12626	112300719	-1	12623
313238801	-1	12626	211928772	-1	12623
313238801	-1	12626	391208928	-1	12623
313238801	-1	12626	318321133	-1	12623
313238801	-1	12626	15590362	-1	12623
313238801	-1	12626	335505606	-1	12623
313238801	-1	12626	408213656	-1	12623
313238801	-1	12626	231759021	-1	12626
313238801	-1	12626	15762471	-1	12626
313238801	-1	12626	167311387	-1	12626
313238801	-1	12626	333099154	-1	12626
313238801	-1	12626	7652450	-1	12626
313238801	-1	12626	393671903	-1	12626
313238801	-1	12626	161007858	-1	12626
313238801	-1	12626	59214768	-1	12626
313238801	-1	12626	219171899	-1	12626
313238801	-1	12626	408212289	-1	12626
313238801	-1	12626	408214064	-1	12626
313238801	-1	12626	30132281	-1	12626
313238801	-1	12626	73757806	-1	12626
313238801	-1	12626	102839131	-1	12626
313238801	-1	12626	248257494	-1	12626
313238801	-1	12626	277338099	-1	12626
313238801	-1	12626	277338552	-1	12626
313238801	-1	12626	350048178	-1	12626
313238801	-1	12626	161007505	-1	12626
313238801	-1	12626	190091107	-1	12626
313238801	-1	12626	335505871	-1	12626
313238801	-1	12626	15590849	-1	12626
313238801	-1	12626	30133010	-1	12626
313238801	-1	12626	175549723	-1	12626
313238801	-1	12626	313238801	-1	12626
313238801	-1	12626	391539972	-1	12626
313238801	-1	12626	289296481	-1	12626
313238801	-1	12626	333994664	-1	12626
313238801	-1	12626	446131230	-1	12626
313238801	-1	12626	437295703	-1	12626
313238801	-1	12626	102840830	-1	12626
313238801	-1	12626	44675076	-1	12626
313238801	-1	12626	291880920	-1	12626
313238801	-1	12626	248089666	-1	12626
313238801	-1	12626	102643809	-1	12629
313238801	-1	12626	190256348	-1	12629
313238801	-1	12626	128590531	-1	12635
313238801	-1	12626	15592435	-1	12635
313238801	-1	12626	27901498	-1	12656
313238801	-1	12626	59366222	-1	12659
313238801	-1	12626	452015112	-1	12671
313238801	-1	12626	422754143	-1	15204
313238801	-1	12626	30131511	-1	15207
313238801	-1	12626	131923308	-1	15207
313238801	-1	12626	451838279	-1	15222
313238801	-1	12626	204630912	-1	15222
313238801	-1	12626	175549447	-1	15222
313238801	-1	12626	393672484	-1	15222
313238801	-1	12626	1050707	-1	15222
313238801	-1	12626	190089774	-1	15222
313238801	-1	12626	44675134	-1	15222
313238801	-1	12626	408363445	-1	15222
313238801	-1	12626	190090526	-1	15222
313238801	-1	12626	73666133	-1	15222
313238801	-1	12626	350048694	-1	15222
313238801	-1	12626	379129876	-1	15222
313238801	-1	12626	316727312	-1	15228
313238801	-1	12626	15519574	-1	15228
313238801	-1	12626	408260387	-1	15228
313238801	-1	12626	248255483	-1	15231
313238801	-1	12626	451771435	-1	15234
313238801	-1	12626	422801129	-1	15240
313238801	-1	12626	81689732	-1	15243
313238801	-1	12626	30266718	-1	15243
313238801	-1	12626	393802619	-1	15243
313238801	-1	12626	59216598	-1	15249
313238801	-1	12626	15592298	-1	15249
313238801	-1	12626	131923888	-1	15249
313238801	-1	12626	277340037	-1	15249
313238801	-1	12626	364589390	-1	15252
313238801	-1	12626	59191977	-1	15255
313238801	-1	12626	117383206	-1	15255
313238801	-1	12626	1048921	-1	15255
313238801	-1	12626	364588353	-1	15255
313238801	-1	12626	227718134	-1	15264
313238801	-1	12626	248300993	-1	15264
313238801	-1	12626	408212223	-1	15264
313238801	-1	12626	56996353	-1	15270
313238801	-1	12626	452010065	-1	15276
313238801	-1	12626	335505160	-1	15279
313238801	-1	12626	88299392	-1	15285
313238801	-1	12626	146636553	-1	15288
313238801	-1	12626	277511906	-1	15288
313238801	-1	12626	422927506	-1	15288
313238801	-1	12626	306398479	-1	15288
313238801	-1	12626	190262538	-1	15288
313238801	-1	12626	44673420	-1	15291
313238801	-1	12626	364587859	-1	15291
313238801	-1	12626	30134089	-1	15291
313238801	-1	12626	437295447	-1	15291
313238801	-1	12626	408213624	-1	15291
313238801	-1	12626	364588026	-1	15291
313238801	-1	12626	131859928	-1	15291
313238801	-1	12626	248256711	-1	15291
313238801	-1	12626	451838859	-1	15291
313238801	-1	12626	161157365	-1	15291
313238801	-1	12626	88298533	-1	15291
313238801	-1	12626	204632094	-1	15291
313238801	-1	12626	131923748	-1	15291
313238801	-1	12626	204781716	-1	15294
313238801	-1	12626	388270863	-1	15294
313238801	-1	12626	175549257	-1	15297
313238801	-1	12626	1049800	-1	15300
313238801	-1	12626	393672768	-1	15309
313238801	-1	12626	1049194	-1	15324
313238801	-1	12626	13409699	-1	15324
313238801	-1	12626	143604340	-1	15324
313238801	-1	12626	88195743	-1	15324
313238801	-1	12626	248186134	-1	15327
313238801	-1	12626	175548195	-1	15336
313238801	-1	12626	44673239	-1	15339
313238801	-1	12626	114214427	-1	15339
313238801	-1	12626	73928819	-1	15345
313238801	-1	12626	292053011	-1	15345
313238801	-1	12626	408385793	-1	15351
313238801	-1	12626	292053096	-1	15354
313238801	-1	12626	131924396	-1	15354
313238801	-1	12626	239531024	-1	15354
313238801	-1	12626	88298631	-1	15354
313238801	-1	12626	318109792	-1	15357
313238801	-1	12626	320719778	-1	15357
313238801	-1	12626	218938270	-1	15357
160857451	-1	20000	160857451	-1	20000
160857451	-1	20000	29702306	-1	20000
160857451	-1	20000	160446811	-1	20000
160857451	-1	20000	155486585	-1	20000
160857451	-1	20000	189270224	-1	20000
160857451	-1	20000	247684532	-1	20000
160857451	-1	20000	276844479	-1	20000
160857451	-1	20000	392906310	-1	20000
160857451	-1	20000	348401258	-1	20003
160857451	-1	20000	184926251	-1	20003
160857451	-1	20000	420705775	-1	20003
160857451	-1	20000	437324407	-1	20003
160857451	-1	20000	204303779	-1	20003
160857451	-1	20000	306057868	-1	20003
160857451	-1	20000	422146169	-1	20003
160857451	-1	20000	704314	-1	20003
160857451	-1	20000	131487769	-1	20003
160857451	-1	20000	146026619	-1	20003
160857451	-1	20000	335031299	-1	20003
160857451	-1	20000	203811453	-1	20003
160857451	-1	20000	291065085	-1	20003
160857451	-1	20000	462370	-1	20003
160857451	-1	20000	316674074	-1	20003
160857451	-1	20000	378555620	-1	20003
160857451	-1	20000	58573102	-1	20003
160857451	-1	20000	422358787	-1	20003
160857451	-1	20000	262287891	-1	20003
160857451	-1	20000	131526953	-1	20003
160857451	-1	20000	233203254	-1	20003
160857451	-1	20000	276980577	-1	20003
160857451	-1	20000	291371403	-1	20003
160857451	-1	20000	44163164	-1	20003
160857451	-1	20000	422244322	-1	20003
160857451	-1	20000	335402870	-1	20003
160857451	-1	20000	42926437	-1	20003
160857451	-1	20000	305626437	-1	20003
160857451	-1	20000	222085	-1	20003
160857451	-1	20000	87638501	-1	20003
160857451	-1	20000	393380609	-1	20003
160857451	-1	20000	291321523	-1	20003
160857451	-1	20000	87681829	-1	20003
160857451	-1	20000	436769733	-1	20003
160857451	-1	20000	334694323	-1	20003
160857451	-1	20000	160473701	-1	20003
160857451	-1	20000	29551615	-1	20003
160857451	-1	20000	73339029	-1	20003
160857451	-1	20000	29400140	-1	20003
160857451	-1	20000	29779517	-1	20003
160857451	-1	20000	291180144	-1	20003
160857451	-1	20000	15229754	-1	20003
160857451	-1	20000	73145220	-1	20003
160857451	-1	20000	102425129	-1	20003
160857451	-1	20000	363810379	-1	20003
160857451	-1	20000	117080000	-1	20003
160857451	-1	20000	102481135	-1	20003
160857451	-1	20000	110991163	-1	20003
160857451	-1	20000	43848129	-1	20003
160857451	-1	20000	232881884	-1	20003
160857451	-1	20000	407602232	-1	20003
160857451	-1	20000	436701488	-1	20003
160857451	-1	20000	111946547	-1	20003
160857451	-1	20000	102493970	-1	20003
160857451	-1	20000	87677360	-1	20003
160857451	-1	20000	378771762	-1	20003
160857451	-1	20000	632009	-1	20003
160857451	-1	20000	170678794	-1	20003
160857451	-1	20000	297784725	-1	20003
160857451	-1	20000	262469357	-1	20003
160857451	-1	20000	146121926	-1	20003
160857451	-1	20000	58576389	-1	20003
160857451	-1	20000	14946443	-1	20003
160857451	-1	20000	72921382	-1	20003
160857451	-1	20000	232912095	-1	20003
160857451	-1	20000	73888654	-1	20003
160857451	-1	20000	306552061	-1	20003
160857451	-1	20000	131428678	-1	20003
160857451	-1	20000	203966184	-1	20003
160857451	-1	20000	436832028	-1	20003
160857451	-1	20000	233334472	-1	20003
160857451	-1	20000	233056801	-1	20003
160857451	-1	20000	358934	-1	20003
160857451	-1	20000	536778	-1	20003
160857451	-1	20000	131520563	-1	20003
160857451	-1	20000	233268872	-1	20003
160857451	-1	20000	422310890	-1	20003
160857451	-1	20000	379376633	-1	20003
160857451	-1	20000	175106305	-1	20003
160857451	-1	20000	160693978	-1	20003
160857451	-1	20000	218383584	-1	20003
160857451	-1	20000	37101944	-1	20003
160857451	-1	20000	102357855	-1	20003
160857451	-1	20000	291298428	-1	20003
160857451	-1	20000	364049670	-1	20003
160857451	-1	20000	407816908	-1	20003
160857451	-1	20000	349274811	-1	20003
160857451	-1	20000	362382482	-1	20003
160857451	-1	20000	437543565	-1	20003
160857451	-1	20000	59463630	-1	20003
160857451	-1	20000	189471204	-1	20003
160857451	-1	20000	407412540	-1	20003
160857451	-1	20000	407597886	-1	20003
160857451	-1	20000	407585147	-1	20003
160857451	-1	20000	29513841	-1	20003
160857451	-1	20000	58383190	-1	20003
160857451	-1	20000	72924744	-1	20003
160857451	-1	20000	87681747	-1	20003
160857451	-1	20000	102210094	-1	20003
160857451	-1	20000	363969132	-1	20003
160857451	-1	20000	160576702	-1	20003
160857451	-1	20000	276824222	-1	20003
160857451	-1	20000	189471315	-1	20003
160857451	-1	20000	15276591	-1	20003
160857451	-1	20000	233120043	-1	20003
160857451	-1	20000	314888522	-1	20003
160857451	-1	20000	375075577	-1	20003
160857451	-1	20000	218742370	-1	20003
160857451	-1	20000	247634880	-1	20003
160857451	-1	20000	349251199	-1	20003
160857451	-1	20000	392849055	-1	20003
160857451	-1	20000	436915333	-1	20003
160857451	-1	20000	254900121	-1	20003
160857451	-1	20000	301576561	-1	20003
160857451	-1	20000	174724159	-1	20003
160857451	-1	20000	145712688	-1	20003
160857451	-1	20000	8371349	-1	20003
160857451	-1	20000	320569319	-1	20003
160857451	-1	20000	43839540	-1	20003
160857451	-1	20000	116775267	-1	20003
160857451	-1	20000	276551495	-1	20003
160857451	-1	20000	391650812	-1	20003
160857451	-1	20000	131082726	-1	20003
160857451	-1	20000	145660679	-1	20003
160857451	-1	20000	160604432	-1	20003
160857451	-1	20000	171449091	-1	20003
160857451	-1	20000	202802534	-1	20003
160857451	-1	20000	305658652	-1	20003
160857451	-1	20000	12935278	-1	20003
160857451	-1	20000	40688919	-1	20003
160857451	-1	20000	65271731	-1	20003
160857451	-1	20000	256598776	-1	20003
160857451	-1	20000	345985433	-1	20003
160857451	-1	20000	306048265	-1	20003
160857451	-1	20000	320489279	-1	20003
160857451	-1	20000	334839321	-1	20003
160857451	-1	20000	407551167	-1	20003
160857451	-1	20000	451055598	-1	20003
160857451	-1	20000	189307308	-1	20003
160857451	-1	20000	218331057	-1	20003
160857451	-1	20000	305871205	-1	20003
160857451	-1	20000	320118937	-1	20003
160857451	-1	20000	233408329	-1	20003
160857451	-1	20000	203866226	-1	20003
160857451	-1	20000	364114483	-1	20003
160857451	-1	20000	436499283	-1	20003
160857451	-1	20000	145951686	-1	20003
160857451	-1	20000	204154750	-1	20003
160857451	-1	20000	218760896	-1	20003
160857451	-1	20000	234171	-1	20003
160857451	-1	20000	87944513	-1	20003
160857451	-1	20000	451492189	-1	20003
160857451	-1	20000	613230	-1	20003
160857451	-1	20000	44364242	-1	20003
160857451	-1	20000	58559946	-1	20003
160857451	-1	20000	68313418	-1	20003
160857451	-1	20000	72952662	-1	20003
160857451	-1	20000	363851692	-1	20003
160857451	-1	20000	363906908	-1	20003
160857451	-1	20000	436051336	-1	20003
160857451	-1	20000	146069873	-1	20003
160857451	-1	20000	270371824	-1	20003
160857451	-1	20000	416060452	-1	20003
160857451	-1	20000	84530030	-1	20003
160857451	-1	20000	257781383	-1	20003
160857451	-1	20000	262175589	-1	20003
160857451	-1	20000	283356773	-1	20003
160857451	-1	20000	291121672	-1	20003
160857451	-1	20000	364174112	-1	20003
160857451	-1	20000	15199217	-1	20003
160857451	-1	20000	29868534	-1	20003
160857451	-1	20000	73920739	-1	20003
160857451	-1	20000	103004395	-1	20003
160857451	-1	20000	247660140	-1	20003
160857451	-1	20000	349783853	-1	20003
160857451	-1	20000	378867349	-1	20003
160857451	-1	20000	393835447	-1	20003
160857451	-1	20000	393835740	-1	20003
160857451	-1	20000	407765860	-1	20003
160857451	-1	20000	407844335	-1	20003
160857451	-1	20000	131409241	-1	20003
160857451	-1	20000	393835834	-1	20003
160857451	-1	20000	72932305	-1	20003
160857451	-1	20000	103004081	-1	20003
160857451	-1	20000	161170233	-1	20003
160857451	-1	20000	116677672	-1	20003
160857451	-1	20000	233878324	-1	20003
160857451	-1	20000	247450516	-1	20003
160857451	-1	20000	320497047	-1	20003
160857451	-1	20000	145646170	-1	20003
160857451	-1	20000	199417585	-1	20003
160857451	-1	20000	451479443	-1	20003
160857451	-1	20000	117085459	-1	20003
160857451	-1	20000	400363080	-1	20003
160857451	-1	20000	378711609	-1	20009
160857451	-1	20000	898178	-1	20009
160857451	-1	20000	183124229	-1	20150
160857451	-1	20000	436912441	-1	20150
160857451	-1	20000	102261815	-1	20150
160857451	-1	20000	451603911	-1	20150
160857451	-1	20000	145972856	-1	20165
160857451	-1	20000	403616787	-1	20165
160857451	-1	20000	436558224	-1	20165
160857451	-1	20000	276733588	-1	20165
160857451	-1	20000	96411637	-1	20165
160857451	-1	20000	116624233	-1	20165
160857451	-1	20000	407480346	-1	20165
160857451	-1	20000	28901769	-1	20165
160857451	-1	20000	440521747	-1	20165
160857451	-1	20000	196048959	-1	20165
160857451	-1	20000	233847069	-1	20165
160857451	-1	20000	116787540	-1	20165
160857451	-1	20000	501168	-1	20165
160857451	-1	20000	451248408	-1	20165
160857451	-1	20000	116850763	-1	20165
160857451	-1	20000	174926611	-1	20165
160857451	-1	20000	14974140	-1	20165
160857451	-1	20000	212759598	-1	20165
160857451	-1	20000	272315848	-1	20165
160857451	-1	20000	320212041	-1	20165
160857451	-1	20000	349357505	-1	20165
160857451	-1	20000	349498031	-1	20165
160857451	-1	20000	320260055	-1	20165
160857451	-1	20000	218651170	-1	20267
160857451	-1	20000	131455620	-1	20267
160857451	-1	20000	349722817	-1	20267
160857451	-1	20000	102344825	-1	20267
160857451	-1	20000	262480946	-1	20267
160857451	-1	20000	233012194	-1	20267
160857451	-1	20000	276735953	-1	20270
160857451	-1	20000	451233946	-1	20273
160857451	-1	20000	160451255	-1	20273
160857451	-1	20000	413453925	-1	20276
160857451	-1	20000	160585441	-1	20279
160857451	-1	20000	422328335	-1	20279
160857451	-1	20000	160215781	-1	20282
160857451	-1	20000	73240376	-1	20282
160857451	-1	20000	218635673	-1	20282
160857451	-1	20000	349617177	-1	20282
160857451	-1	20000	116769187	-1	20282
160857451	-1	20000	189378954	-1	20282
160857451	-1	20000	145663160	-1	20282
160857451	-1	20000	116957320	-1	20282
160857451	-1	20000	232940968	-1	20282
160857451	-1	20000	306066891	-1	20291
160857451	-1	20000	218755296	-1	20291
160857451	-1	20000	392830973	-1	20291
160857451	-1	20000	407619063	-1	20291
160857451	-1	20000	379311058	-1	20294
160857451	-1	20000	1230026	-1	20294
160857451	-1	20000	203957155	-1	20294
160857451	-1	20000	44131326	-1	20294
160857451	-1	20000	430443642	-1	20294
160857451	-1	20000	145874576	-1	20294
160857451	-1	20000	451164267	-1	20294
160857451	-1	20000	80776226	-1	20294
160857451	-1	20000	189255517	-1	20294
160857451	-1	20000	214396872	-1	20294
160857451	-1	20000	320189614	-1	20294
160857451	-1	20000	175180420	-1	20294
160857451	-1	20000	247683266	-1	20294
160857451	-1	20000	262085520	-1	20294
160857451	-1	20000	407670644	-1	20294
160857451	-1	20000	436854187	-1	20294
160857451	-1	20000	430921338	-1	20294
160857451	-1	20000	204068373	-1	20294
160857451	-1	20000	204229694	-1	20294
160857451	-1	20000	102603901	-1	20294
160857451	-1	20000	364351706	-1	20294
160857451	-1	20000	73479621	-1	20294
160857451	-1	20000	233485445	-1	20294
160857451	-1	20000	422476642	-1	20294
160857451	-1	20000	116850326	-1	20294
160857451	-1	20000	391067788	-1	20294
160857451	-1	20000	407550570	-1	20294
160857451	-1	20000	320467839	-1	20294
160857451	-1	20000	15067344	-1	20294
160857451	-1	20000	347201996	-1	20294
160857451	-1	20000	448970789	-1	20294
160857451	-1	20000	393055783	-1	20294
160857451	-1	20000	335669239	-1	20294
160857451	-1	20000	451575052	-1	20294
160857451	-1	20000	29514432	-1	20294
160857451	-1	20000	102416723	-1	20294
160857451	-1	20000	145632651	-1	20294
160857451	-1	20000	174931654	-1	20294
160857451	-1	20000	320347647	-1	20294
160857451	-1	20000	334889214	-1	20294
160857451	-1	20000	291601699	-1	20294
160857451	-1	20000	364428234	-1	20294
160857451	-1	20000	451219933	-1	20294
160857451	-1	20000	262321367	-1	20294
160857451	-1	20000	276587044	-1	20294
160857451	-1	20000	457876	-1	20294
160857451	-1	20000	87993039	-1	20294
160857451	-1	20000	262281244	-1	20294
160857451	-1	20000	291136507	-1	20294
160857451	-1	20000	378538530	-1	20294
160857451	-1	20000	349708029	-1	20294
160857451	-1	20000	145659351	-1	20294
160857451	-1	20000	73167987	-1	20294
160857451	-1	20000	335044516	-1	20294
160857451	-1	20000	451194386	-1	20294
160857451	-1	20000	189605326	-1	20294
160857451	-1	20000	291332362	-1	20294
160857451	-1	20000	305951121	-1	20294
160857451	-1	20000	306144789	-1	20294
160857451	-1	20000	422501	-1	20294
160857451	-1	20000	131419263	-1	20294
160857451	-1	20000	161170339	-1	20294
160857451	-1	20000	284043565	-1	20294
160857451	-1	20000	29869147	-1	20294
160857451	-1	20000	218463739	-1	20294
160857451	-1	20000	363784444	-1	20300
160857451	-1	20000	407764259	-1	20303
160857451	-1	20000	276706215	-1	20324
160857451	-1	20000	218731150	-1	20324
160857451	-1	20000	145656192	-1	20324
160857451	-1	20000	667683	-1	20324
160857451	-1	20000	102020508	-1	20327
160857451	-1	20000	189519535	-1	20327
160857451	-1	20000	262032743	-1	20327
160857451	-1	20000	306113209	-1	20327
160857451	-1	20000	116681388	-1	20327
160857451	-1	20000	334985222	-1	20327
160857451	-1	20000	29464644	-1	20327
160857451	-1	20000	407557775	-1	20327
160857451	-1	20000	820082	-1	20327
160857451	-1	20000	44447300	-1	20327
160857451	-1	20000	364033396	-1	20354
160857451	-1	20000	335111034	-1	20357
160857451	-1	20000	363988550	-1	20372
160857451	-1	20000	73229281	-1	20372
160857451	-1	20000	174839058	-1	20372
160857451	-1	20000	378801699	-1	20372
160857451	-1	20000	58475746	-1	20372
160857451	-1	20000	174811837	-1	20372
160857451	-1	20000	175251528	-1	20372
160857451	-1	20000	58604721	-1	20372
160857451	-1	20000	204660705	-1	20372
160857451	-1	20000	321128310	-1	20372
160857451	-1	20000	334879219	-1	20372
160857451	-1	20000	334812940	-1	20372
160857451	-1	20000	58586510	-1	20372
160857451	-1	20000	117110913	-1	20372
160857451	-1	20000	218852919	-1	20372
160857451	-1	20000	978094	-1	20372
160857451	-1	20000	131546731	-1	20372
160857451	-1	20000	451378275	-1	20372
160857451	-1	20000	422184405	-1	20378
160857451	-1	20000	102036600	-1	20453
160857451	-1	20000	436494713	-1	20453
160857451	-1	20000	364439326	-1	20453
160857451	-1	20000	233193979	-1	20453
160857451	-1	20000	58505298	-1	20453
160857451	-1	20000	73685808	-1	20453
160857451	-1	20000	190019102	-1	20453
160857451	-1	20000	408143015	-1	20453
160857451	-1	20000	59144215	-1	20453
160857451	-1	20000	305998288	-1	20456
160857451	-1	20000	204224088	-1	20706
306271573	-1	22140	306271573	-1	22140
229883913	-1	28257	51308063	-1	28251
229883913	-1	28257	204583446	-1	28251
229883913	-1	28257	59323175	-1	28251
229883913	-1	28257	291764646	-1	28251
229883913	-1	28257	170771680	-1	28254
229883913	-1	28257	229883913	-1	28257
229883913	-1	28257	57753814	-1	28257
229883913	-1	28257	27067556	-1	28257
229883913	-1	28257	29902535	-1	28257
229883913	-1	28257	262568853	-1	28257
229883913	-1	28257	117489122	-1	28257
229883913	-1	28257	320891316	-1	28257
229883913	-1	28257	277244709	-1	28257
229883913	-1	28257	44733423	-1	28257
229883913	-1	28257	248318871	-1	28257
229883913	-1	28257	408399868	-1	28257
229883913	-1	28257	350107931	-1	28257
229883913	-1	28257	190992198	-1	33575
229883913	-1	28257	327093593	-1	33581
229883913	-1	28257	372508430	-1	33581
229883913	-1	28257	13197751	-1	33584
229883913	-1	28257	131859604	-1	33584
229883913	-1	28257	363228082	-1	33587
229883913	-1	28257	7459052	-1	33587
229883913	-1	28257	132112822	-1	33587
229883913	-1	28257	350236794	-1	33587
229883913	-1	28257	435744153	-1	33611
229883913	-1	28257	386150112	-1	33620
229883913	-1	28257	146574564	-1	33620
229883913	-1	28257	233462701	-1	33620
229883913	-1	28257	219096498	-1	33620
229883913	-1	28257	45128093	-1	33623
229883913	-1	28257	248997295	-1	33623
229883913	-1	28257	15407050	-1	33623
229883913	-1	28257	394416422	-1	33632
229883913	-1	28257	911116	-1	33635
229883913	-1	28257	422865732	-1	33650
229883913	-1	28257	350869689	-1	33674
229883913	-1	28257	190912356	-1	33674
190096110	-1	35965	190096110	-1	35965
190096110	-1	35965	146472641	-1	35971
190096110	-1	35965	117136877	-1	35974
190096110	-1	35965	146352790	-1	35974
190096110	-1	35965	364345086	-1	35974
190096110	-1	35965	379045948	-1	35989
190096110	-1	35965	306194957	-1	35992
190096110	-1	35965	73520879	-1	35995
190096110	-1	35965	30048681	-1	35995
190096110	-1	35965	407988056	-1	35995
190096110	-1	35965	393589421	-1	36001
190096110	-1	35965	204761062	-1	36004
190096110	-1	35965	233847187	-1	36004
190096110	-1	35965	277224137	-1	36004
190096110	-1	35965	233571354	-1	36007
190096110	-1	35965	349929808	-1	36007
190096110	-1	35965	335429343	-1	36007
190096110	-1	35965	422680277	-1	36007
190096110	-1	35965	117111370	-1	36007
190096110	-1	35965	349818720	-1	36007
190096110	-1	35965	15347895	-1	36007
190096110	-1	35965	437304403	-1	36007
190096110	-1	35965	378900377	-1	36007
190096110	-1	35965	146469383	-1	36007
190096110	-1	35965	821816	-1	36007
190096110	-1	35965	437487410	-1	36007
190096110	-1	35965	88136013	-1	36007
190096110	-1	35965	408050029	-1	36007
190096110	-1	35965	451671604	-1	36007
190096110	-1	35965	29968599	-1	36007
190096110	-1	35965	131652741	-1	36007
190096110	-1	35965	378848779	-1	36007
190096110	-1	35965	15766299	-1	36007
190096110	-1	35965	277412077	-1	36007
190096110	-1	35965	131639499	-1	36007
190096110	-1	35965	291610786	-1	36010
190096110	-1	35965	175278865	-1	36010
190096110	-1	35965	30016459	-1	36010
190096110	-1	35965	335389778	-1	36031
190096110	-1	35965	379014987	-1	36031
 