222085	1	170	2.404E-40	2	1095	1668	28	136	0.694	1.412E-33	73	167	226	1095	1382	288	1059	1415
222085	1	170	2.404E-40	2	1095	1668	33	55	0.776	9.179E-07	190	222	226	1570	1668	99	1522	1671
234171	1	174	1.503E-41	2	1095	1668	28	139	0.706	1.545E-34	73	167	231	1095	1382	288	1059	1415
234171	1	174	1.503E-41	2	1095	1668	33	56	0.792	3.523E-07	190	222	231	1570	1668	99	1522	1671
457876	1	174	1.503E-41	2	1095	1668	28	138	0.705	2.120E-34	76	170	234	1095	1382	288	1059	1415
457876	1	174	1.503E-41	2	1095	1668	33	57	0.797	2.561E-07	193	225	234	1570	1668	99	1522	1671
501168	1	175	7.514E-42	2	1095	1668	28	139	0.706	1.545E-34	75	169	238	1095	1382	288	1059	1415
501168	1	175	7.514E-42	2	1095	1668	33	57	0.802	1.861E-07	192	224	238	1570	1668	99	1522	1671
613230	1	169	4.809E-40	2	1092	1671	28	135	0.683	3.645E-33	75	170	229	1092	1382	291	1059	1415
613230	1	169	4.809E-40	2	1092	1671	33	55	0.761	6.670E-07	193	226	229	1570	1671	102	1522	1671
704314	1	175	7.514E-42	2	1095	1668	28	140	0.713	4.364E-35	72	166	225	1095	1382	288	1059	1415
704314	1	175	7.514E-42	2	1095	1668	33	56	0.792	3.523E-07	189	221	225	1570	1668	99	1522	1671
898178	1	397	1.115E-108	4	0	1671	1	66	0.999	9.332E-11	0	29	222	0	89	90	0	116
898178	1	397	1.115E-108	4	0	1671	28	216	0.901	1.416E-61	52	165	222	1062	1382	321	1059	1415
898178	1	397	1.115E-108	4	0	1671	29	48	0.989	1.067E-03	166	187	222	1441	1506	66	1252	1506
898178	1	397	1.115E-108	4	0	1671	33	85	1.000	2.848E-17	188	221	222	1570	1671	102	1522	1671
1014597	1	69	6.096E-10	1	7724	8053	162	69	0.363	9.095E-10	1	101	117	7724	8053	330	7634	8113
1162427	-1	154	1.576E-35	2	12518	13552	625	95	0.418	3.800E-18	128	253	376	-13552	-13178	375	13741	13145
1162427	-1	154	1.576E-35	2	12518	13552	635	59	0.321	2.149E-07	253	364	376	-12751	-12518	234	12766	12485
1226139	-1	58	1.248E-06	1	12157	12366	640	58	0.440	2.424E-07	39	108	132	-12366	-12157	210	12366	12142
1270117	-1	90	2.907E-16	1	13190	13495	625	90	0.464	2.940E-16	0	102	179	-13495	-13190	306	13741	13145
6429960	1	85	9.302E-15	1	7640	8062	162	85	0.354	4.684E-15	64	195	201	7640	8062	423	7634	8113
6665881	1	86	4.651E-15	1	7640	8062	162	86	0.358	1.339E-15	56	187	193	7640	8062	423	7634	8113
12935278	1	167	1.924E-39	2	1095	1668	28	135	0.689	3.645E-33	75	169	228	1095	1382	288	1059	1415
12935278	1	167	1.924E-39	2	1095	1668	33	53	0.755	3.292E-06	192	224	228	1570	1668	99	1522	1671
14974140	1	175	7.514E-42	2	1095	1506	28	140	0.701	4.364E-35	71	168	204	1095	1388	294	1059	1415
14974140	1	175	7.514E-42	2	1095	1506	29	36	0.737	2.768E+01	167	188	204	1441	1506	66	1252	1506
15199217	1	164	1.539E-38	2	1092	1668	28	128	0.654	7.857E-31	60	155	213	1092	1382	291	1059	1415
15199217	1	164	1.539E-38	2	1092	1668	33	57	0.802	1.861E-07	178	210	213	1570	1668	99	1522	1671
15276591	1	166	3.847E-39	2	1095	1671	28	127	0.654	2.028E-30	82	176	235	1095	1382	288	1059	1415
15276591	1	166	3.847E-39	2	1095	1671	33	60	0.821	1.451E-08	199	232	235	1570	1671	102	1522	1671
15836260	1	72	7.620E-11	1	7643	8062	162	72	0.317	1.028E-10	90	226	233	7643	8062	420	7634	8113
20970751	1	86	4.651E-15	1	7640	8062	162	86	0.357	1.831E-15	80	211	217	7640	8062	423	7634	8113
21521074	1	159	4.924E-37	1	7640	7996	162	159	0.664	7.093E-41	29	147	149	7640	7996	357	7634	8113
29513841	1	177	1.878E-42	2	1095	1506	28	143	0.711	6.550E-36	73	170	227	1095	1388	294	1059	1415
29513841	1	177	1.878E-42	2	1095	1506	29	35	0.721	5.219E+01	169	190	227	1441	1506	66	1252	1506
29514432	1	239	4.073E-61	4	6	1668	1	38	0.553	4.859E-01	4	36	225	6	101	96	0	116
29514432	1	239	4.073E-61	4	6	1668	28	139	0.694	1.545E-34	71	168	225	1095	1388	294	1059	1415
29514432	1	239	4.073E-61	4	6	1668	29	37	0.768	7.778E+00	167	188	225	1441	1506	66	1252	1506
29514432	1	239	4.073E-61	4	6	1668	33	57	0.807	1.353E-07	189	221	225	1570	1668	99	1522	1671
29551615	1	179	4.696E-43	2	1092	1668	28	141	0.709	3.181E-35	78	173	251	1092	1382	291	1059	1415
29551615	1	179	4.696E-43	2	1092	1668	33	59	0.828	3.776E-08	196	228	251	1570	1668	99	1522	1671
29702306	1	171	1.202E-40	3	6	1668	1	39	0.653	1.854E-01	7	34	227	6	89	84	0	116
29702306	1	171	1.202E-40	3	6	1668	28	136	0.696	1.029E-33	74	168	227	1095	1382	288	1059	1415
29702306	1	171	1.202E-40	3	6	1668	33	55	0.771	1.263E-06	191	223	227	1570	1668	99	1522	1671
29736813	1	158	9.848E-37	3	9	1671	1	37	0.530	9.241E-01	0	33	296	9	89	81	0	116
29736813	1	158	9.848E-37	3	9	1671	28	123	0.678	4.784E-29	71	158	296	1092	1358	267	1059	1415
29736813	1	158	9.848E-37	3	9	1671	33	60	0.816	1.995E-08	186	219	296	1570	1671	102	1522	1671
29868534	1	172	6.011E-41	2	1092	1668	28	139	0.704	8.212E-35	48	143	203	1092	1382	291	1059	1415
29868534	1	172	6.011E-41	2	1092	1668	33	54	0.766	1.738E-06	166	198	203	1570	1668	99	1522	1671
29891703	1	86	4.651E-15	1	7640	8053	162	86	0.364	1.339E-15	19	147	163	7640	8053	414	7634	8113
30121846	-1	89	5.813E-16	1	13175	13600	625	89	0.363	5.467E-16	49	191	218	-13600	-13175	426	13741	13145
35749958	1	87	2.325E-15	1	7640	8062	162	87	0.362	5.232E-16	56	187	193	7640	8062	423	7634	8113
37101944	1	166	3.847E-39	2	1095	1668	28	131	0.671	8.598E-32	73	167	225	1095	1382	288	1059	1415
37101944	1	166	3.847E-39	2	1095	1668	33	56	0.792	3.523E-07	190	222	225	1570	1668	99	1522	1671
44268543	1	167	1.924E-39	2	1095	1668	28	133	0.682	1.291E-32	78	172	254	1095	1382	288	1059	1415
44268543	1	167	1.924E-39	2	1095	1668	33	55	0.771	1.263E-06	195	227	254	1570	1668	99	1522	1671
44364242	1	172	6.011E-41	2	1092	1671	28	135	0.685	2.657E-33	78	173	233	1092	1382	291	1059	1415
44364242	1	172	6.011E-41	2	1092	1671	33	58	0.791	9.832E-08	196	229	233	1570	1671	102	1522	1671
44428634	1	186	3.669E-45	3	923	1668	24	36	0.437	3.730E+00	70	109	259	923	1048	126	920	1060
44428634	1	186	3.669E-45	3	923	1668	28	121	0.622	2.323E-28	106	200	259	1092	1382	291	1059	1415
44428634	1	186	3.669E-45	3	923	1668	33	53	0.755	3.292E-06	223	255	259	1570	1668	99	1522	1671
44662141	-1	59	6.242E-07	1	12518	12703	635	59	0.486	4.051E-07	38	99	124	-12703	-12518	186	12766	12485
50289890	1	80	2.977E-13	1	7640	7993	162	80	0.384	1.999E-13	42	155	172	7640	7993	354	7634	8113
50290215	1	88	1.163E-15	1	7640	8062	162	88	0.364	2.796E-16	51	182	188	7640	8062	423	7634	8113
58377414	1	206	3.499E-51	3	1095	1668	28	124	0.627	1.351E-29	74	172	232	1095	1391	297	1059	1415
58377414	1	206	3.499E-51	3	1095	1668	29	34	0.743	7.167E+01	167	187	232	1444	1506	63	1252	1506
58377414	1	206	3.499E-51	3	1095	1668	33	52	0.735	1.181E-05	188	220	232	1570	1668	99	1522	1671
58383190	1	177	1.878E-42	2	1095	1506	28	140	0.699	5.986E-35	73	170	227	1095	1388	294	1059	1415
58383190	1	177	1.878E-42	2	1095	1506	29	38	0.776	5.663E+00	169	190	227	1441	1506	66	1252	1506
58559946	1	175	7.514E-42	2	1095	1668	28	138	0.691	2.907E-34	73	169	231	1095	1388	294	1059	1415
58559946	1	175	7.514E-42	2	1095	1668	33	56	0.792	3.523E-07	190	222	231	1570	1668	99	1522	1671
58576389	1	167	1.924E-39	3	6	1668	1	39	0.647	2.556E-01	7	34	226	6	89	84	0	116
58576389	1	167	1.924E-39	3	6	1668	28	134	0.678	9.408E-33	72	167	226	1092	1382	291	1059	1415
58576389	1	167	1.924E-39	3	6	1668	33	51	0.729	1.626E-05	190	222	226	1570	1668	99	1522	1671
58725521	1	136	4.131E-30	2	9	1382	1	39	0.674	1.854E-01	9	35	233	9	89	81	0	116
58725521	1	136	4.131E-30	2	9	1382	28	135	0.691	2.657E-33	75	169	233	1095	1382	288	1059	1415
59100552	1	182	5.870E-44	3	923	1668	24	43	0.505	1.588E-02	97	136	288	923	1048	126	920	1060
59100552	1	182	5.870E-44	3	923	1668	28	119	0.672	1.128E-27	135	220	288	1098	1358	261	1059	1415
59100552	1	182	5.870E-44	3	923	1668	33	51	0.729	1.626E-05	252	284	288	1570	1668	99	1522	1671
59463630	1	172	6.011E-41	2	1095	1668	28	139	0.708	1.126E-34	74	168	229	1095	1382	288	1059	1415
59463630	1	172	6.011E-41	2	1095	1668	33	54	0.760	2.392E-06	191	223	229	1570	1668	99	1522	1671
65271731	1	167	1.924E-39	2	1095	1668	28	135	0.689	3.645E-33	75	169	228	1095	1382	288	1059	1415
65271731	1	167	1.924E-39	2	1095	1668	33	53	0.755	3.292E-06	192	224	228	1570	1668	99	1522	1671
65394890	-1	87	2.325E-15	1	13211	13540	625	87	0.431	2.576E-15	41	141	180	-13540	-13211	330	13741	13145
68313418	1	169	4.809E-40	2	1092	1671	28	135	0.683	3.645E-33	75	170	229	1092	1382	291	1059	1415
68313418	1	169	4.809E-40	2	1092	1671	33	55	0.761	6.670E-07	193	226	229	1570	1671	102	1522	1671
72478311	1	230	2.085E-58	3	1092	1671	28	136	0.690	1.029E-33	80	175	236	1092	1382	291	1059	1415
72478311	1	230	2.085E-58	3	1092	1671	29	38	0.826	3.001E+00	177	197	236	1444	1506	63	1252	1506
72478311	1	230	2.085E-58	3	1092	1671	33	54	0.741	2.392E-06	198	231	236	1570	1671	102	1522	1671
72921382	1	139	5.163E-31	2	6	1388	1	36	0.536	3.346E+00	7	38	226	6	101	96	0	116
72921382	1	139	5.163E-31	2	6	1388	28	136	0.680	1.937E-33	73	169	226	1095	1388	294	1059	1415
72924744	1	177	1.878E-42	2	1095	1506	28	140	0.701	4.364E-35	73	170	227	1095	1388	294	1059	1415
72924744	1	177	1.878E-42	2	1095	1506	29	38	0.776	5.663E+00	169	190	227	1441	1506	66	1252	1506
72932305	1	170	2.404E-40	2	1095	1668	28	135	0.691	2.657E-33	77	171	251	1095	1382	288	1059	1415
72932305	1	170	2.404E-40	2	1095	1668	33	56	0.792	3.523E-07	194	226	251	1570	1668	99	1522	1671
72952662	1	169	4.809E-40	2	1092	1671	28	135	0.683	3.645E-33	75	170	229	1092	1382	291	1059	1415
72952662	1	169	4.809E-40	2	1092	1671	33	55	0.761	6.670E-07	193	226	229	1570	1671	102	1522	1671
73145220	1	147	2.017E-33	2	1095	1671	28	123	0.685	4.784E-29	74	160	232	1095	1358	264	1059	1415
73145220	1	147	2.017E-33	2	1095	1671	33	53	0.731	4.530E-06	191	224	232	1570	1671	102	1522	1671
73167987	1	169	4.809E-40	2	1095	1668	28	137	0.699	5.471E-34	75	169	234	1095	1382	288	1059	1415
73167987	1	169	4.809E-40	2	1095	1668	33	53	0.755	3.292E-06	192	224	234	1570	1668	99	1522	1671
73745780	-1	58	1.248E-06	1	12524	12703	635	58	0.493	7.636E-07	46	105	117	-12703	-12524	180	12766	12485
73769521	1	193	2.866E-47	3	920	1671	24	46	0.509	1.224E-03	43	86	236	920	1054	135	920	1060
73769521	1	193	2.866E-47	3	920	1671	28	120	0.607	5.997E-28	81	178	236	1092	1388	297	1059	1415
73769521	1	193	2.866E-47	3	920	1671	33	51	0.711	1.626E-05	199	232	236	1570	1671	102	1522	1671
73920739	1	172	6.011E-41	2	1092	1668	28	139	0.704	8.212E-35	48	143	203	1092	1382	291	1059	1415
73920739	1	172	6.011E-41	2	1092	1668	33	54	0.766	1.738E-06	166	198	203	1570	1668	99	1522	1671
74003299	-1	61	1.561E-07	1	12184	12366	640	61	0.510	1.902E-08	58	118	119	-12366	-12184	183	12366	12142
79262764	1	86	4.651E-15	1	7640	8062	162	86	0.358	1.339E-15	57	192	198	7640	8062	423	7634	8113
79264162	1	87	2.325E-15	1	7640	8062	162	87	0.362	5.232E-16	109	240	246	7640	8062	423	7634	8113
80776226	1	179	4.696E-43	2	1092	1668	28	143	0.721	3.481E-36	72	167	245	1092	1382	291	1059	1415
80776226	1	179	4.696E-43	2	1092	1668	33	57	0.807	1.353E-07	190	222	245	1570	1668	99	1522	1671
82072009	-1	88	1.163E-15	1	13214	13738	625	88	0.315	1.016E-15	120	279	325	-13738	-13214	525	13741	13145
82145238	1	165	7.694E-39	3	33	1671	1	35	0.701	4.617E+00	18	40	241	33	101	69	0	116
82145238	1	165	7.694E-39	3	33	1671	28	131	0.666	8.598E-32	76	171	241	1092	1382	291	1059	1415
82145238	1	165	7.694E-39	3	33	1671	33	54	0.746	1.738E-06	194	227	241	1570	1671	102	1522	1671
84530030	1	158	9.848E-37	2	1092	1668	28	126	0.647	2.782E-30	75	170	230	1092	1382	291	1059	1415
84530030	1	158	9.848E-37	2	1092	1668	33	53	0.755	3.292E-06	193	225	230	1570	1668	99	1522	1671
87492585	1	171	1.202E-40	2	1095	1668	28	136	0.680	1.937E-33	59	155	214	1095	1388	294	1059	1415
87492585	1	171	1.202E-40	2	1095	1668	33	54	0.760	2.392E-06	176	208	214	1570	1668	99	1522	1671
87681747	1	177	1.878E-42	2	1095	1506	28	140	0.699	5.986E-35	73	170	227	1095	1388	294	1059	1415
87681747	1	177	1.878E-42	2	1095	1506	29	38	0.776	5.663E+00	169	190	227	1441	1506	66	1252	1506
87681829	1	141	1.291E-31	2	3	1388	1	37	0.538	1.275E+00	5	37	226	3	101	99	0	116
87681829	1	141	1.291E-31	2	3	1388	28	137	0.681	5.471E-34	72	169	226	1092	1388	297	1059	1415
87855266	1	169	4.809E-40	2	1095	1668	28	132	0.677	3.331E-32	78	172	250	1095	1382	288	1059	1415
87855266	1	169	4.809E-40	2	1095	1668	33	58	0.812	9.832E-08	195	227	250	1570	1668	99	1522	1671
87938095	1	168	9.618E-40	2	1095	1668	28	134	0.684	9.408E-33	77	171	249	1095	1382	288	1059	1415
87938095	1	168	9.618E-40	2	1095	1668	33	55	0.771	1.263E-06	194	226	249	1570	1668	99	1522	1671
87944513	1	172	6.011E-41	2	1095	1668	28	138	0.703	2.907E-34	76	170	235	1095	1382	288	1059	1415
87944513	1	172	6.011E-41	2	1095	1668	33	55	0.771	1.263E-06	193	225	235	1570	1668	99	1522	1671
87993039	1	172	6.011E-41	2	1095	1668	28	139	0.708	1.126E-34	75	169	233	1095	1382	288	1059	1415
87993039	1	172	6.011E-41	2	1095	1668	33	54	0.760	2.392E-06	192	224	233	1570	1668	99	1522	1671
88177085	-1	87	2.325E-15	1	13184	13462	625	87	0.484	3.511E-15	11	104	179	-13462	-13184	279	13741	13145
88177489	-1	62	7.803E-08	1	12160	12351	640	62	0.497	1.007E-08	41	104	116	-12351	-12160	192	12366	12142
96411637	1	180	2.348E-43	2	1092	1506	28	144	0.723	2.538E-36	67	162	221	1092	1382	291	1059	1415
96411637	1	180	2.348E-43	2	1092	1506	29	35	0.729	3.801E+01	163	184	221	1441	1506	66	1252	1506
102116417	1	165	7.694E-39	2	1095	1668	28	133	0.680	1.770E-32	77	171	249	1095	1382	288	1059	1415
102116417	1	165	7.694E-39	2	1095	1668	33	53	0.750	4.530E-06	194	226	249	1570	1668	99	1522	1671
102210094	1	167	1.924E-39	2	1095	1671	28	130	0.668	1.618E-31	77	171	231	1095	1382	288	1059	1415
102210094	1	167	1.924E-39	2	1095	1671	33	58	0.791	9.832E-08	194	227	231	1570	1671	102	1522	1671
102211118	1	169	4.809E-40	2	1092	1671	28	135	0.683	3.645E-33	75	170	229	1092	1382	291	1059	1415
102211118	1	169	4.809E-40	2	1092	1671	33	55	0.761	6.670E-07	193	226	229	1570	1671	102	1522	1671
102214187	1	130	2.644E-28	2	18	1358	1	34	0.574	1.213E+01	11	38	195	18	101	84	0	116
102214187	1	130	2.644E-28	2	18	1358	28	129	0.713	4.176E-31	73	159	195	1095	1358	264	1059	1415
102261815	1	134	1.652E-29	2	6	1367	1	41	0.678	5.134E-02	5	32	223	6	89	84	0	116
102261815	1	134	1.652E-29	2	6	1367	28	130	0.680	1.618E-31	71	164	223	1095	1367	273	1059	1415
102344825	1	172	6.011E-41	3	24	1506	1	40	0.815	1.345E-01	19	40	231	24	89	66	0	116
102344825	1	172	6.011E-41	3	24	1506	28	131	0.685	6.268E-32	79	172	231	1095	1367	273	1059	1415
102344825	1	172	6.011E-41	3	24	1506	29	37	0.760	1.068E+01	173	194	231	1441	1506	66	1252	1506
102357855	1	168	9.618E-40	2	1095	1668	28	132	0.678	2.428E-32	71	165	223	1095	1382	288	1059	1415
102357855	1	168	9.618E-40	2	1095	1668	33	57	0.807	1.353E-07	188	220	223	1570	1668	99	1522	1671
102678862	-1	94	1.817E-17	1	13247	13537	625	94	0.503	1.318E-17	6	102	106	-13537	-13247	291	13741	13145
102718030	-1	86	4.651E-15	1	13184	13462	625	86	0.482	4.786E-15	11	104	178	-13462	-13184	279	13741	13145
102807277	1	68	1.219E-09	1	7724	8053	162	68	0.357	3.157E-09	1	101	117	7724	8053	330	7634	8113
103004081	1	171	1.202E-40	2	1092	1668	28	139	0.704	8.212E-35	48	143	203	1092	1382	291	1059	1415
103004081	1	171	1.202E-40	2	1092	1668	33	53	0.755	3.292E-06	166	198	203	1570	1668	99	1522	1671
103004395	1	172	6.011E-41	2	1092	1668	28	139	0.704	8.212E-35	48	143	203	1092	1382	291	1059	1415
103004395	1	172	6.011E-41	2	1092	1668	33	54	0.766	1.738E-06	166	198	203	1570	1668	99	1522	1671
103071076	1	70	3.048E-10	1	7640	8062	162	70	0.310	4.880E-10	118	255	265	7640	8062	423	7634	8113
108359322	1	74	1.905E-11	1	7640	8068	162	74	0.320	1.583E-11	23	165	174	7640	8068	429	7634	8113
108456084	1	87	2.325E-15	1	7640	8062	162	87	0.362	5.232E-16	56	184	190	7640	8062	423	7634	8113
108858131	1	102	7.097E-20	1	7727	8062	162	102	0.482	4.761E-21	0	110	126	7727	8062	336	7634	8113
112441035	1	163	3.078E-38	2	1092	1668	28	130	0.660	2.219E-31	75	170	256	1092	1382	291	1059	1415
112441035	1	163	3.078E-38	2	1092	1668	33	54	0.766	1.738E-06	193	225	256	1570	1668	99	1522	1671
116677672	1	165	7.694E-39	2	1092	1668	28	132	0.671	3.331E-32	75	170	258	1092	1382	291	1059	1415
116677672	1	165	7.694E-39	2	1092	1668	33	54	0.766	1.738E-06	193	225	258	1570	1668	99	1522	1671
116762099	1	91	1.453E-16	2	1441	1668	29	36	0.737	2.768E+01	45	66	103	1441	1506	66	1252	1506
116762099	1	91	1.453E-16	2	1441	1668	33	54	0.766	1.738E-06	67	99	103	1570	1668	99	1522	1671
116770244	1	163	3.078E-38	2	1092	1668	28	129	0.659	3.044E-31	75	170	257	1092	1382	291	1059	1415
116770244	1	163	3.078E-38	2	1092	1668	33	55	0.781	6.670E-07	193	225	257	1570	1668	99	1522	1671
116787540	1	173	3.006E-41	2	1095	1668	28	139	0.708	1.126E-34	80	174	254	1095	1382	288	1059	1415
116787540	1	173	3.006E-41	2	1095	1668	33	55	0.781	6.670E-07	197	229	254	1570	1668	99	1522	1671
116954581	1	169	4.809E-40	2	1095	1668	28	135	0.689	3.645E-33	77	171	237	1095	1382	288	1059	1415
116954581	1	169	4.809E-40	2	1095	1668	33	55	0.776	9.179E-07	194	226	237	1570	1668	99	1522	1671
117489645	-1	93	3.633E-17	1	13184	13570	625	93	0.400	3.346E-17	25	154	184	-13570	-13184	387	13741	13145
122998800	1	85	9.302E-15	1	7640	8062	162	85	0.354	4.684E-15	6	137	143	7640	8062	423	7634	8113
123026014	1	82	7.441E-14	1	7646	8062	162	82	0.350	3.062E-14	63	192	198	7646	8062	417	7634	8113
131245773	1	170	2.404E-40	2	1092	1668	28	136	0.688	1.412E-33	77	172	250	1092	1382	291	1059	1415
131245773	1	170	2.404E-40	2	1092	1668	33	55	0.771	1.263E-06	195	227	250	1570	1668	99	1522	1671
131409241	1	165	7.694E-39	2	1092	1671	28	130	0.662	1.618E-31	80	175	235	1092	1382	291	1059	1415
131409241	1	165	7.694E-39	2	1092	1671	33	56	0.771	3.523E-07	198	231	235	1570	1671	102	1522	1671
131455620	1	176	3.757E-42	3	0	1506	1	41	0.639	5.134E-02	0	29	219	0	89	90	0	116
131455620	1	176	3.757E-42	3	0	1506	28	136	0.707	1.412E-33	67	160	219	1095	1367	273	1059	1415
131455620	1	176	3.757E-42	3	0	1506	29	34	0.713	7.167E+01	161	182	219	1441	1506	66	1252	1506
139323468	1	77	2.381E-12	1	7640	8062	162	77	0.331	1.781E-12	114	251	258	7640	8062	423	7634	8113
145632651	1	245	6.364E-63	4	6	1668	1	41	0.595	3.725E-02	4	36	225	6	101	96	0	116
145632651	1	245	6.364E-63	4	6	1668	28	142	0.708	1.233E-35	71	168	225	1095	1388	294	1059	1415
145632651	1	245	6.364E-63	4	6	1668	29	36	0.752	1.467E+01	167	188	225	1441	1506	66	1252	1506
145632651	1	245	6.364E-63	4	6	1668	33	58	0.812	9.832E-08	189	221	225	1570	1668	99	1522	1671
145660679	1	171	1.202E-40	2	1095	1668	28	139	0.710	8.212E-35	74	168	227	1095	1382	288	1059	1415
145660679	1	171	1.202E-40	2	1095	1668	33	53	0.755	3.292E-06	191	223	227	1570	1668	99	1522	1671
145712688	1	179	4.696E-43	2	1095	1506	28	143	0.725	4.775E-36	73	168	227	1095	1382	288	1059	1415
145712688	1	179	4.696E-43	2	1095	1506	29	35	0.751	5.219E+01	170	190	227	1444	1506	63	1252	1506
145874576	1	140	2.582E-31	2	3	1388	1	37	0.538	1.275E+00	5	37	226	3	101	99	0	116
145874576	1	140	2.582E-31	2	3	1388	28	136	0.678	1.029E-33	72	169	226	1092	1388	297	1059	1415
146025315	1	166	3.847E-39	2	1092	1671	28	132	0.669	4.569E-32	72	167	226	1092	1382	291	1059	1415
146025315	1	166	3.847E-39	2	1092	1671	33	55	0.761	6.670E-07	190	223	226	1570	1671	102	1522	1671
146115889	1	174	1.503E-41	2	1095	1668	28	138	0.705	2.120E-34	74	168	232	1095	1382	288	1059	1415
146115889	1	174	1.503E-41	2	1095	1668	33	57	0.807	1.353E-07	191	223	232	1570	1668	99	1522	1671
146212681	1	72	7.620E-11	1	7724	8053	162	72	0.373	1.028E-10	1	101	128	7724	8053	330	7634	8113
146451585	-1	87	2.325E-15	1	13211	13573	625	87	0.401	3.511E-15	20	140	154	-13573	-13211	363	13741	13145
146453858	-1	59	6.242E-07	1	12518	12739	635	59	0.429	2.149E-07	32	105	107	-12739	-12518	222	12766	12485
151844765	1	77	2.381E-12	1	7661	8062	162	77	0.343	1.781E-12	0	124	130	7661	8062	402	7634	8113
154963133	1	89	5.813E-16	1	7640	8062	162	89	0.367	1.494E-16	84	215	221	7640	8062	423	7634	8113
160464151	1	172	6.011E-41	2	1092	1668	28	136	0.688	1.412E-33	77	172	250	1092	1382	291	1059	1415
160464151	1	172	6.011E-41	2	1092	1668	33	57	0.797	2.561E-07	195	227	250	1570	1668	99	1522	1671
160576702	1	166	3.847E-39	2	1095	1671	28	129	0.664	3.044E-31	86	180	240	1095	1382	288	1059	1415
160576702	1	166	3.847E-39	2	1095	1671	33	58	0.791	9.832E-08	203	236	240	1570	1671	102	1522	1671
160592285	1	134	1.652E-29	1	1095	1382	28	134	0.684	9.408E-33	75	169	176	1095	1382	288	1059	1415
160693978	1	169	4.809E-40	2	1095	1668	28	134	0.685	6.858E-33	73	167	225	1095	1382	288	1059	1415
160693978	1	169	4.809E-40	2	1095	1668	33	56	0.786	4.848E-07	190	222	225	1570	1668	99	1522	1671
160703485	1	176	3.757E-42	3	27	1668	1	35	0.652	4.617E+00	12	36	236	27	101	75	0	116
160703485	1	176	3.757E-42	3	27	1668	28	139	0.704	8.212E-35	71	166	236	1092	1382	291	1059	1415
160703485	1	176	3.757E-42	3	27	1668	33	56	0.786	4.848E-07	189	221	236	1570	1668	99	1522	1671
160819371	-1	59	6.242E-07	1	12506	12703	635	59	0.465	2.950E-07	51	116	130	-12703	-12506	198	12766	12485
160857451	1	188	9.172E-46	2	1092	1668	28	153	0.762	1.767E-39	81	176	235	1092	1382	291	1059	1415
160857451	1	188	9.172E-46	2	1092	1668	33	56	0.786	4.848E-07	199	231	235	1570	1668	99	1522	1671
161019138	-1	93	3.633E-17	1	13172	13495	625	93	0.455	1.798E-17	0	109	178	-13495	-13172	324	13741	13145
161114742	-1	90	2.907E-16	1	13184	13570	625	90	0.392	2.155E-16	34	163	230	-13570	-13184	387	13741	13145
161170233	1	171	1.202E-40	2	1092	1668	28	138	0.695	3.988E-34	48	143	203	1092	1382	291	1059	1415
161170233	1	171	1.202E-40	2	1092	1668	33	54	0.766	1.738E-06	166	198	203	1570	1668	99	1522	1671
161170339	1	172	6.011E-41	2	1092	1668	28	139	0.704	8.212E-35	48	143	203	1092	1382	291	1059	1415
161170339	1	172	6.011E-41	2	1092	1668	33	54	0.766	1.738E-06	166	198	203	1570	1668	99	1522	1671
166622549	1	86	4.651E-15	1	7640	8062	162	86	0.357	1.831E-15	6	137	142	7640	8062	423	7634	8113
166624169	1	77	2.381E-12	1	7640	7993	162	77	0.374	1.781E-12	56	169	193	7640	7993	354	7634	8113
174724159	1	178	9.392E-43	2	1095	1668	28	138	0.703	2.907E-34	72	166	224	1095	1382	288	1059	1415
174724159	1	178	9.392E-43	2	1095	1668	33	61	0.859	5.574E-09	189	221	224	1570	1668	99	1522	1671
174764366	1	231	1.043E-58	3	1092	1668	28	137	0.680	7.504E-34	151	248	304	1092	1388	297	1059	1415
174764366	1	231	1.043E-58	3	1092	1668	29	37	0.760	1.068E+01	247	268	304	1441	1506	66	1252	1506
174764366	1	231	1.043E-58	3	1092	1668	33	57	0.797	2.561E-07	269	301	304	1570	1668	99	1522	1671
174926611	1	235	6.517E-60	3	1095	1668	28	145	0.723	7.168E-37	91	188	245	1095	1388	294	1059	1415
174926611	1	235	6.517E-60	3	1095	1668	29	34	0.705	9.841E+01	187	208	245	1441	1506	66	1252	1506
174926611	1	235	6.517E-60	3	1095	1668	33	56	0.786	4.848E-07	209	241	245	1570	1668	99	1522	1671
174931654	1	178	9.392E-43	3	27	1506	1	34	0.638	8.791E+00	12	36	204	27	101	75	0	116
174931654	1	178	9.392E-43	3	27	1506	28	142	0.709	8.985E-36	71	168	204	1095	1388	294	1059	1415
174931654	1	178	9.392E-43	3	27	1506	29	36	0.752	1.467E+01	167	188	204	1441	1506	66	1252	1506
175106305	1	173	3.006E-41	2	1095	1668	28	138	0.701	3.988E-34	73	167	225	1095	1382	288	1059	1415
175106305	1	173	3.006E-41	2	1095	1668	33	56	0.792	3.523E-07	190	222	225	1570	1668	99	1522	1671
175180420	1	183	2.935E-44	2	1092	1668	28	145	0.729	7.168E-37	72	167	247	1092	1382	291	1059	1415
175180420	1	183	2.935E-44	2	1092	1668	33	59	0.828	3.776E-08	190	222	247	1570	1668	99	1522	1671
175208135	1	168	9.618E-40	2	1092	1668	28	134	0.670	5.000E-33	75	172	234	1092	1388	297	1059	1415
175208135	1	168	9.618E-40	2	1092	1668	33	53	0.750	4.530E-06	193	225	234	1570	1668	99	1522	1671
175279088	1	169	4.809E-40	2	923	1388	24	44	0.495	8.365E-03	21	62	210	923	1054	132	920	1060
175279088	1	169	4.809E-40	2	923	1388	28	129	0.651	4.176E-31	58	153	210	1095	1388	294	1059	1415
175295630	1	73	3.810E-11	1	7724	8053	162	73	0.376	5.512E-11	1	101	118	7724	8053	330	7634	8113
175535961	-1	86	4.651E-15	1	13271	13591	625	86	0.435	6.524E-15	35	141	142	-13591	-13271	321	13741	13145
181055079	1	81	1.488E-13	1	7640	7993	162	81	0.390	5.724E-14	42	155	167	7640	7993	354	7634	8113
183463854	1	83	3.721E-14	1	7640	8077	162	83	0.340	2.239E-14	101	243	248	7640	8077	438	7634	8113
183963226	1	80	2.977E-13	1	7640	8062	162	80	0.341	1.462E-13	35	172	182	7640	8062	423	7634	8113
189255517	1	179	4.696E-43	2	1092	1668	28	143	0.721	3.481E-36	72	167	245	1092	1382	291	1059	1415
189255517	1	179	4.696E-43	2	1092	1668	33	57	0.807	1.353E-07	190	222	245	1570	1668	99	1522	1671
189307308	1	184	1.468E-44	2	1095	1668	28	147	0.728	2.777E-37	87	183	239	1095	1388	294	1059	1415
189307308	1	184	1.468E-44	2	1095	1668	33	56	0.786	4.848E-07	204	236	239	1570	1668	99	1522	1671
189471315	1	179	4.696E-43	2	1095	1506	28	142	0.708	1.233E-35	73	170	227	1095	1388	294	1059	1415
189471315	1	179	4.696E-43	2	1095	1506	29	38	0.776	5.663E+00	169	190	227	1441	1506	66	1252	1506
189477065	1	167	1.924E-39	2	1092	1671	28	133	0.674	1.770E-32	75	170	229	1092	1382	291	1059	1415
189477065	1	167	1.924E-39	2	1092	1671	33	55	0.761	6.670E-07	193	226	229	1570	1671	102	1522	1671
189545052	1	171	1.202E-40	2	1092	1668	28	135	0.683	3.645E-33	77	172	250	1092	1382	291	1059	1415
189545052	1	171	1.202E-40	2	1092	1668	33	57	0.797	2.561E-07	195	227	250	1570	1668	99	1522	1671
189605326	1	169	4.809E-40	2	1095	1668	28	135	0.689	3.645E-33	75	169	233	1095	1382	288	1059	1415
189605326	1	169	4.809E-40	2	1095	1668	33	55	0.771	1.263E-06	192	224	233	1570	1668	99	1522	1671
189667272	1	175	7.514E-42	2	1092	1668	28	139	0.700	1.545E-34	76	171	249	1092	1382	291	1059	1415
189667272	1	175	7.514E-42	2	1092	1668	33	57	0.802	1.861E-07	194	226	249	1570	1668	99	1522	1671
189837773	1	72	7.620E-11	1	7733	8002	162	72	0.434	7.528E-11	0	85	113	7733	8002	270	7634	8113
189909414	-1	87	2.325E-15	1	13187	13549	625	87	0.401	1.889E-15	111	232	239	-13549	-13187	363	13741	13145
189944259	-1	81	1.488E-13	1	13211	13504	625	81	0.447	1.960E-13	0	97	111	-13504	-13211	294	13741	13145
190078354	-1	83	3.721E-14	1	13211	13597	625	83	0.371	5.693E-14	52	180	249	-13597	-13211	387	13741	13145
190145738	-1	81	1.488E-13	1	13211	13540	625	81	0.410	1.960E-13	75	184	189	-13540	-13211	330	13741	13145
190147951	-1	59	6.242E-07	1	12160	12366	640	59	0.452	9.333E-08	55	123	125	-12366	-12160	207	12366	12142
190152092	-1	78	1.191E-12	2	12521	13501	625	83	0.455	7.756E-14	55	151	285	-13501	-13211	291	13741	13145
190152092	-1	78	1.191E-12	2	12521	13501	635	55	0.464	9.640E-06	213	273	285	-12703	-12521	183	12766	12485
190191795	-1	87	2.325E-15	1	13190	13492	625	87	0.455	3.511E-15	0	101	177	-13492	-13190	303	13741	13145
195595679	1	89	5.813E-16	1	7640	8062	162	89	0.366	2.044E-16	111	242	248	7640	8062	423	7634	8113
196048959	1	169	4.809E-40	2	1095	1668	28	135	0.691	2.657E-33	84	178	237	1095	1382	288	1059	1415
196048959	1	169	4.809E-40	2	1095	1668	33	55	0.771	1.263E-06	201	233	237	1570	1668	99	1522	1671
203841262	1	163	3.078E-38	2	1092	1671	28	127	0.648	2.028E-30	80	175	235	1092	1382	291	1059	1415
203841262	1	163	3.078E-38	2	1092	1671	33	57	0.786	1.353E-07	198	231	235	1570	1671	102	1522	1671
203866226	1	178	9.392E-43	3	6	1668	1	41	0.684	3.725E-02	7	34	227	6	89	84	0	116
203866226	1	178	9.392E-43	3	6	1668	28	137	0.698	7.504E-34	74	168	227	1095	1382	288	1059	1415
203866226	1	178	9.392E-43	3	6	1668	33	59	0.823	5.195E-08	191	223	227	1570	1668	99	1522	1671
203916405	1	200	2.239E-49	3	33	1382	1	33	0.767	4.407E+01	39	57	249	33	89	57	0	116
203916405	1	200	2.239E-49	3	33	1382	24	38	0.453	5.419E-01	58	98	249	920	1048	129	920	1060
203916405	1	200	2.239E-49	3	33	1382	28	130	0.666	2.219E-31	96	190	249	1095	1382	288	1059	1415
203966184	1	181	1.174E-43	2	1095	1668	28	145	0.721	9.832E-37	74	170	232	1095	1388	294	1059	1415
203966184	1	181	1.174E-43	2	1095	1668	33	55	0.781	6.670E-07	191	223	232	1570	1668	99	1522	1671
204154750	1	170	2.404E-40	2	1095	1668	28	136	0.696	1.029E-33	74	168	227	1095	1382	288	1059	1415
204154750	1	170	2.404E-40	2	1095	1668	33	55	0.776	9.179E-07	191	223	227	1570	1668	99	1522	1671
204450954	-1	102	7.097E-20	1	13172	13573	625	102	0.420	1.400E-20	24	158	263	-13573	-13172	402	13741	13145
204474079	-1	70	3.048E-10	1	12485	12703	635	70	0.492	3.001E-11	46	119	121	-12703	-12485	219	12766	12485
204641094	1	53	3.995E-05	1	1570	1668	33	53	0.750	4.530E-06	28	60	64	1570	1668	99	1522	1671
204676047	-1	96	4.542E-18	1	13187	13567	625	96	0.417	1.495E-18	0	127	216	-13567	-13187	381	13741	13145
214396872	1	179	4.696E-43	2	1092	1668	28	143	0.721	3.481E-36	72	167	245	1092	1382	291	1059	1415
214396872	1	179	4.696E-43	2	1092	1668	33	57	0.807	1.353E-07	190	222	245	1570	1668	99	1522	1671
214534035	1	169	4.809E-40	2	1092	1671	28	135	0.683	3.645E-33	75	170	229	1092	1382	291	1059	1415
214534035	1	169	4.809E-40	2	1092	1671	33	55	0.761	6.670E-07	193	226	229	1570	1671	102	1522	1671
218331057	1	137	2.065E-30	2	6	1382	1	39	0.647	2.556E-01	7	34	226	6	89	84	0	116
218331057	1	137	2.065E-30	2	6	1382	28	134	0.678	9.408E-33	72	167	226	1092	1382	291	1059	1415
218383584	1	171	1.202E-40	2	1095	1668	28	134	0.684	9.408E-33	75	169	228	1095	1382	288	1059	1415
218383584	1	171	1.202E-40	2	1095	1668	33	58	0.812	9.832E-08	192	224	228	1570	1668	99	1522	1671
218574136	1	164	1.539E-38	2	1092	1671	28	130	0.660	2.219E-31	77	172	252	1092	1382	291	1059	1415
218574136	1	164	1.539E-38	2	1092	1671	33	55	0.761	6.670E-07	195	228	252	1570	1671	102	1522	1671
218760896	1	165	7.694E-39	2	1092	1668	28	130	0.660	2.219E-31	76	171	231	1092	1382	291	1059	1415
218760896	1	165	7.694E-39	2	1092	1668	33	56	0.786	4.848E-07	194	226	231	1570	1668	99	1522	1671
218821399	1	174	1.503E-41	2	1092	1668	28	134	0.666	9.408E-33	74	171	239	1092	1388	297	1059	1415
218821399	1	174	1.503E-41	2	1092	1668	33	59	0.828	3.776E-08	192	224	239	1570	1668	99	1522	1671
218902264	1	169	4.809E-40	2	923	1388	24	44	0.495	8.365E-03	21	62	210	923	1054	132	920	1060
218902264	1	169	4.809E-40	2	923	1388	28	129	0.651	4.176E-31	58	153	210	1095	1388	294	1059	1415
219160694	-1	58	1.248E-06	1	12524	12703	635	58	0.493	7.636E-07	46	105	109	-12703	-12524	180	12766	12485
227501384	1	89	5.813E-16	1	7640	8062	162	89	0.366	2.044E-16	143	274	280	7640	8062	423	7634	8113
227664370	-1	64	1.951E-08	1	12518	12703	635	64	0.526	3.487E-09	37	98	119	-12703	-12518	186	12766	12485
230312778	1	277	1.482E-72	4	923	1671	24	45	0.505	3.199E-03	139	180	330	923	1054	132	920	1060
230312778	1	277	1.482E-72	4	923	1671	28	137	0.706	5.471E-34	177	270	330	1098	1382	285	1059	1415
230312778	1	277	1.482E-72	4	923	1671	29	37	0.801	7.778E+00	272	292	330	1444	1506	63	1252	1506
230312778	1	277	1.482E-72	4	923	1671	33	58	0.796	7.146E-08	293	326	330	1570	1671	102	1522	1671
231634155	-1	70	3.048E-10	1	12169	12366	640	70	0.534	2.394E-11	49	113	125	-12366	-12169	198	12366	12142
233033128	1	162	6.155E-38	2	1095	1668	28	124	0.624	2.542E-29	73	171	231	1095	1391	297	1059	1415
233033128	1	162	6.155E-38	2	1095	1668	33	52	0.735	1.181E-05	187	219	231	1570	1668	99	1522	1671
233056801	1	165	7.694E-39	2	1095	1671	28	126	0.652	2.782E-30	82	176	235	1095	1382	288	1059	1415
233056801	1	165	7.694E-39	2	1095	1671	33	60	0.821	1.451E-08	199	232	235	1570	1671	102	1522	1671
233120043	1	166	3.847E-39	2	1095	1671	28	127	0.654	2.028E-30	82	176	235	1095	1382	288	1059	1415
233120043	1	166	3.847E-39	2	1095	1671	33	60	0.821	1.451E-08	199	232	235	1570	1671	102	1522	1671
233268872	1	173	3.006E-41	3	3	1668	1	40	0.565	9.754E-02	4	37	306	3	101	99	0	116
233268872	1	173	3.006E-41	3	3	1668	28	134	0.675	5.000E-33	75	171	306	1095	1388	294	1059	1415
233268872	1	173	3.006E-41	3	3	1668	33	54	0.760	2.392E-06	192	224	306	1570	1668	99	1522	1671
233334472	1	180	2.348E-43	2	1095	1671	28	142	0.709	8.985E-36	73	169	228	1095	1388	294	1059	1415
233334472	1	180	2.348E-43	2	1095	1671	33	57	0.786	1.353E-07	190	223	228	1570	1671	102	1522	1671
233458871	1	94	1.817E-17	1	7640	8053	162	94	0.388	2.537E-18	130	258	274	7640	8053	414	7634	8113
233485445	1	207	1.749E-51	3	33	1382	1	32	0.758	6.086E+01	96	114	305	33	89	57	0	116
233485445	1	207	1.749E-51	3	33	1382	24	44	0.503	4.407E-03	116	157	305	923	1054	132	920	1060
233485445	1	207	1.749E-51	3	33	1382	28	134	0.687	5.000E-33	153	246	305	1095	1382	288	1059	1415
233600686	1	189	4.586E-46	3	923	1668	24	39	0.465	3.930E-01	113	152	302	923	1048	126	920	1060
233600686	1	189	4.586E-46	3	923	1668	28	121	0.622	2.323E-28	149	243	302	1092	1382	291	1059	1415
233600686	1	189	4.586E-46	3	923	1668	33	53	0.755	3.292E-06	266	298	302	1570	1668	99	1522	1671
233761183	1	74	1.905E-11	1	7640	8065	162	74	0.320	2.163E-11	80	218	223	7640	8065	426	7634	8113
233876722	1	85	9.302E-15	1	7640	7990	162	85	0.403	4.684E-15	37	149	181	7640	7990	351	7634	8113
233878324	1	169	4.809E-40	2	1092	1668	28	136	0.690	1.029E-33	48	143	203	1092	1382	291	1059	1415
233878324	1	169	4.809E-40	2	1092	1668	33	54	0.766	1.738E-06	166	198	203	1570	1668	99	1522	1671
246555057	-1	91	1.453E-16	1	13184	13549	625	91	0.412	8.495E-17	45	167	212	-13549	-13184	366	13741	13145
247435957	1	166	3.847E-39	2	1095	1668	28	133	0.680	1.770E-32	79	173	251	1095	1382	288	1059	1415
247435957	1	166	3.847E-39	2	1095	1668	33	54	0.766	1.738E-06	196	228	251	1570	1668	99	1522	1671
247554478	1	178	9.392E-43	2	1092	1506	28	143	0.717	6.550E-36	68	163	219	1092	1382	291	1059	1415
247554478	1	178	9.392E-43	2	1092	1506	29	34	0.735	9.841E+01	165	185	219	1444	1506	63	1252	1506
247660140	1	164	1.539E-38	2	1092	1668	28	128	0.654	7.857E-31	66	161	221	1092	1382	291	1059	1415
247660140	1	164	1.539E-38	2	1092	1668	33	57	0.802	1.861E-07	184	216	221	1570	1668	99	1522	1671
247683266	1	180	2.348E-43	2	1092	1668	28	143	0.721	3.481E-36	72	167	245	1092	1382	291	1059	1415
247683266	1	180	2.348E-43	2	1092	1668	33	58	0.817	7.146E-08	190	222	245	1570	1668	99	1522	1671
247684532	1	171	1.202E-40	2	1095	1668	28	136	0.696	1.029E-33	74	168	227	1095	1382	288	1059	1415
247684532	1	171	1.202E-40	2	1095	1668	33	56	0.786	4.848E-07	191	223	227	1570	1668	99	1522	1671
248004051	1	71	1.524E-10	1	7724	8053	162	71	0.369	2.618E-10	1	101	117	7724	8053	330	7634	8113
248416122	1	82	7.441E-14	1	7640	8053	162	82	0.352	3.062E-14	19	147	163	7640	8053	414	7634	8113
254111188	1	173	3.006E-41	1	7640	8077	162	173	0.602	8.329E-46	85	230	231	7640	8077	438	7634	8113
254900121	1	166	3.847E-39	2	1092	1668	28	134	0.679	6.858E-33	72	167	225	1092	1382	291	1059	1415
254900121	1	166	3.847E-39	2	1092	1668	33	53	0.750	4.530E-06	190	222	225	1570	1668	99	1522	1671
256365973	-1	60	3.121E-07	1	12157	12366	640	60	0.452	4.939E-08	49	118	125	-12366	-12157	210	12366	12142
256598776	1	167	1.924E-39	2	1095	1668	28	135	0.689	3.645E-33	75	169	228	1095	1382	288	1059	1415
256598776	1	167	1.924E-39	2	1095	1668	33	53	0.755	3.292E-06	192	224	228	1570	1668	99	1522	1671
257781383	1	158	9.848E-37	2	1092	1668	28	126	0.647	2.782E-30	75	170	230	1092	1382	291	1059	1415
257781383	1	158	9.848E-37	2	1092	1668	33	53	0.755	3.292E-06	193	225	230	1570	1668	99	1522	1671
259378371	1	71	1.524E-10	1	7712	8065	162	71	0.351	2.618E-10	35	147	152	7712	8065	354	7634	8113
261098811	1	71	1.524E-10	1	7664	8032	162	71	0.336	2.618E-10	0	125	132	7664	8032	369	7634	8113
262040512	1	175	7.514E-42	2	1092	1668	28	139	0.702	1.126E-34	76	171	249	1092	1382	291	1059	1415
262040512	1	175	7.514E-42	2	1092	1668	33	57	0.802	1.861E-07	194	226	249	1570	1668	99	1522	1671
262085520	1	176	3.757E-42	2	1095	1668	28	138	0.705	2.120E-34	77	171	249	1095	1382	288	1059	1415
262085520	1	176	3.757E-42	2	1095	1668	33	59	0.828	3.776E-08	194	226	249	1570	1668	99	1522	1671
262321367	1	233	2.607E-59	3	1095	1668	28	140	0.699	5.986E-35	71	168	225	1095	1388	294	1059	1415
262321367	1	233	2.607E-59	3	1095	1668	29	35	0.721	5.219E+01	167	188	225	1441	1506	66	1252	1506
262321367	1	233	2.607E-59	3	1095	1668	33	58	0.812	9.832E-08	189	221	225	1570	1668	99	1522	1671
262521820	-1	88	1.163E-15	1	13184	13495	625	88	0.451	1.016E-15	0	104	178	-13495	-13184	312	13741	13145
262554158	1	76	4.762E-12	1	7640	8062	162	76	0.328	4.544E-12	28	165	175	7640	8062	423	7634	8113
262784917	-1	58	1.248E-06	1	12521	12703	635	58	0.489	5.561E-07	15	75	84	-12703	-12521	183	12766	12485
262921237	-1	85	9.302E-15	1	13190	13495	625	85	0.445	1.212E-14	0	102	178	-13495	-13190	306	13741	13145
268930647	1	89	5.813E-16	1	7640	8101	162	89	0.345	1.494E-16	84	228	258	7640	8101	462	7634	8113
272315848	1	351	7.845E-95	4	0	1671	1	51	0.782	1.715E-05	1	30	223	0	89	90	0	116
272315848	1	351	7.845E-95	4	0	1671	28	202	0.848	1.234E-56	53	166	223	1062	1382	321	1059	1415
272315848	1	351	7.845E-95	4	0	1671	29	48	0.989	1.067E-03	167	188	223	1441	1506	66	1252	1506
272315848	1	351	7.845E-95	4	0	1671	33	68	0.927	1.802E-11	189	222	223	1570	1671	102	1522	1671
275892364	1	169	4.809E-40	2	1092	1671	28	135	0.683	3.645E-33	75	170	229	1092	1382	291	1059	1415
275892364	1	169	4.809E-40	2	1092	1671	33	55	0.761	6.670E-07	193	226	229	1570	1671	102	1522	1671
276587044	1	234	1.303E-59	3	1095	1668	28	140	0.699	5.986E-35	71	168	225	1095	1388	294	1059	1415
276587044	1	234	1.303E-59	3	1095	1668	29	36	0.752	1.467E+01	167	188	225	1441	1506	66	1252	1506
276587044	1	234	1.303E-59	3	1095	1668	33	58	0.812	9.832E-08	189	221	225	1570	1668	99	1522	1671
276733588	1	166	3.847E-39	2	1095	1668	28	131	0.671	8.598E-32	75	169	238	1095	1382	288	1059	1415
276733588	1	166	3.847E-39	2	1095	1668	33	56	0.786	4.848E-07	192	224	238	1570	1668	99	1522	1671
276801771	1	168	9.618E-40	2	1095	1668	28	134	0.684	9.408E-33	78	172	250	1095	1382	288	1059	1415
276801771	1	168	9.618E-40	2	1095	1668	33	55	0.776	9.179E-07	195	227	250	1570	1668	99	1522	1671
276844479	1	171	1.202E-40	2	1095	1668	28	136	0.696	1.029E-33	74	168	227	1095	1382	288	1059	1415
276844479	1	171	1.202E-40	2	1095	1668	33	56	0.786	4.848E-07	191	223	227	1570	1668	99	1522	1671
277275098	1	81	1.488E-13	1	7640	8074	162	81	0.337	7.825E-14	83	224	230	7640	8074	435	7634	8113
282719625	1	86	4.651E-15	1	7640	8062	162	86	0.357	1.831E-15	145	276	282	7640	8062	423	7634	8113
283356773	1	158	9.848E-37	2	1092	1668	28	126	0.647	2.782E-30	75	170	230	1092	1382	291	1059	1415
283356773	1	158	9.848E-37	2	1092	1668	33	53	0.755	3.292E-06	193	225	230	1570	1668	99	1522	1671
284043565	1	163	3.078E-38	2	1092	1668	28	128	0.655	5.728E-31	76	171	231	1092	1382	291	1059	1415
284043565	1	163	3.078E-38	2	1092	1668	33	56	0.792	3.523E-07	194	226	231	1570	1668	99	1522	1671
291298428	1	169	4.809E-40	2	1095	1668	28	132	0.677	3.331E-32	73	167	225	1095	1382	288	1059	1415
291298428	1	169	4.809E-40	2	1095	1668	33	58	0.812	9.832E-08	190	222	225	1570	1668	99	1522	1671
291601699	1	228	8.342E-58	3	1095	1668	28	139	0.710	8.212E-35	69	163	225	1095	1382	288	1059	1415
291601699	1	228	8.342E-58	3	1095	1668	29	34	0.743	7.167E+01	165	185	225	1444	1506	63	1252	1506
291601699	1	228	8.342E-58	3	1095	1668	33	53	0.745	6.235E-06	186	218	225	1570	1668	99	1522	1671
291870075	-1	83	3.721E-14	2	12518	13573	625	87	0.401	3.511E-15	59	179	324	-13573	-13211	363	13741	13145
291870075	-1	83	3.721E-14	2	12518	13573	635	60	0.516	1.140E-07	245	302	324	-12694	-12518	177	12766	12485
297387966	1	79	5.953E-13	1	7712	8062	162	79	0.382	5.105E-13	0	109	115	7712	8062	351	7634	8113
297784725	1	167	1.924E-39	2	1095	1668	28	135	0.689	3.645E-33	75	169	228	1095	1382	288	1059	1415
297784725	1	167	1.924E-39	2	1095	1668	33	53	0.755	3.292E-06	192	224	228	1570	1668	99	1522	1671
300049796	1	71	1.524E-10	1	7646	7990	162	71	0.359	1.917E-10	2	112	137	7646	7990	345	7634	8113
301576561	1	174	1.503E-41	3	12	1668	1	35	0.553	6.371E+00	18	47	241	12	101	90	0	116
301576561	1	174	1.503E-41	3	12	1668	28	136	0.696	1.029E-33	82	176	241	1095	1382	288	1059	1415
301576561	1	174	1.503E-41	3	12	1668	33	57	0.797	2.561E-07	199	231	241	1570	1668	99	1522	1671
305377762	1	155	7.879E-36	2	1095	1671	28	123	0.687	3.487E-29	52	138	213	1095	1358	264	1059	1415
305377762	1	155	7.879E-36	2	1095	1671	33	58	0.791	9.832E-08	166	199	213	1570	1671	102	1522	1671
305626437	1	172	6.011E-41	2	1095	1671	28	136	0.692	1.937E-33	73	167	226	1095	1382	288	1059	1415
305626437	1	172	6.011E-41	2	1095	1671	33	57	0.786	1.353E-07	190	223	226	1570	1671	102	1522	1671
305658652	1	175	7.514E-42	3	6	1671	1	39	0.647	2.556E-01	7	34	227	6	89	84	0	116
305658652	1	175	7.514E-42	3	6	1671	28	138	0.683	3.988E-34	73	170	227	1092	1388	297	1059	1415
305658652	1	175	7.514E-42	3	6	1671	33	54	0.741	2.392E-06	191	224	227	1570	1671	102	1522	1671
305926260	1	137	2.065E-30	2	6	1388	1	34	0.520	8.791E+00	5	36	250	6	101	96	0	116
305926260	1	137	2.065E-30	2	6	1388	28	136	0.680	1.937E-33	71	168	250	1095	1388	294	1059	1415
305930434	1	163	3.078E-38	3	9	1668	1	34	0.522	1.675E+01	8	37	225	9	101	93	0	116
305930434	1	163	3.078E-38	3	9	1668	28	130	0.660	2.219E-31	71	166	225	1092	1382	291	1059	1415
305930434	1	163	3.078E-38	3	9	1668	33	52	0.740	8.582E-06	189	221	225	1570	1668	99	1522	1671
305951121	1	168	9.618E-40	2	1095	1668	28	134	0.687	5.000E-33	75	169	233	1095	1382	288	1059	1415
305951121	1	168	9.618E-40	2	1095	1668	33	55	0.771	1.263E-06	192	224	233	1570	1668	99	1522	1671
306048265	1	134	1.652E-29	2	30	1382	1	38	0.863	3.524E-01	15	34	227	30	89	60	0	116
306048265	1	134	1.652E-29	2	30	1382	28	133	0.676	1.291E-32	73	168	227	1092	1382	291	1059	1415
306171277	1	72	7.620E-11	1	7724	8011	162	72	0.413	7.528E-11	1	92	101	7724	8011	288	7634	8113
306247976	-1	113	3.465E-23	1	13184	13570	625	113	0.465	4.194E-24	49	178	244	-13570	-13184	387	13741	13145
306434467	-1	93	3.633E-17	1	13172	13495	625	93	0.455	1.798E-17	0	109	178	-13495	-13172	324	13741	13145
306552061	1	180	2.348E-43	3	923	1506	24	36	0.433	5.146E+00	75	114	264	923	1048	126	920	1060
306552061	1	180	2.348E-43	3	923	1506	28	116	0.652	1.031E-26	112	198	264	1095	1358	264	1059	1415
306552061	1	180	2.348E-43	3	923	1506	29	36	0.737	2.768E+01	206	227	264	1441	1506	66	1252	1506
312776010	1	79	5.953E-13	1	7640	8014	162	79	0.366	3.735E-13	76	200	229	7640	8014	375	7634	8113
314888522	1	166	3.847E-39	2	1095	1671	28	127	0.654	2.028E-30	82	176	235	1095	1382	288	1059	1415
314888522	1	166	3.847E-39	2	1095	1671	33	60	0.821	1.451E-08	199	232	235	1570	1671	102	1522	1671
315911244	1	99	5.677E-19	2	1444	1668	29	35	0.759	3.801E+01	48	68	105	1444	1506	63	1252	1506
315911244	1	99	5.677E-19	2	1444	1668	33	63	0.880	1.558E-09	69	101	105	1570	1668	99	1522	1671
317087051	1	82	7.441E-14	1	7640	8065	162	82	0.345	3.062E-14	7	135	162	7640	8065	426	7634	8113
317774951	1	92	7.267E-17	1	7640	8065	162	92	0.373	1.665E-17	64	196	201	7640	8065	426	7634	8113
320118937	1	135	8.261E-30	2	6	1382	1	37	0.623	9.241E-01	7	34	226	6	89	84	0	116
320118937	1	135	8.261E-30	2	6	1382	28	134	0.678	9.408E-33	72	167	226	1092	1382	291	1059	1415
320189614	1	175	7.514E-42	2	1095	1668	28	137	0.699	5.471E-34	77	171	249	1095	1382	288	1059	1415
320189614	1	175	7.514E-42	2	1095	1668	33	59	0.828	3.776E-08	194	226	249	1570	1668	99	1522	1671
320212041	1	171	1.202E-40	2	1092	1668	28	136	0.690	1.029E-33	76	171	251	1092	1382	291	1059	1415
320212041	1	171	1.202E-40	2	1092	1668	33	56	0.792	3.523E-07	194	226	251	1570	1668	99	1522	1671
320347647	1	177	1.878E-42	2	1095	1506	28	142	0.708	1.233E-35	71	168	214	1095	1388	294	1059	1415
320347647	1	177	1.878E-42	2	1095	1506	29	36	0.752	1.467E+01	167	188	214	1441	1506	66	1252	1506
320467839	1	181	1.174E-43	2	1095	1506	28	147	0.728	2.777E-37	73	170	207	1095	1388	294	1059	1415
320467839	1	181	1.174E-43	2	1095	1506	29	35	0.729	3.801E+01	169	190	207	1441	1506	66	1252	1506
320489279	1	139	5.163E-31	2	30	1382	1	37	0.828	1.275E+00	15	34	226	30	89	60	0	116
320489279	1	139	5.163E-31	2	30	1382	28	138	0.695	3.988E-34	72	167	226	1092	1382	291	1059	1415
320495325	1	173	3.006E-41	3	21	1506	1	38	0.746	6.701E-01	7	29	219	21	89	69	0	116
320495325	1	173	3.006E-41	3	21	1506	28	135	0.701	3.645E-33	68	161	219	1095	1367	273	1059	1415
320495325	1	173	3.006E-41	3	21	1506	29	36	0.752	1.467E+01	162	183	219	1441	1506	66	1252	1506
320639067	1	161	1.231E-37	2	1092	1668	28	128	0.655	5.728E-31	75	170	257	1092	1382	291	1059	1415
320639067	1	161	1.231E-37	2	1092	1668	33	54	0.766	1.738E-06	193	225	257	1570	1668	99	1522	1671
320711615	1	69	6.096E-10	1	7724	8053	162	69	0.361	1.242E-09	1	101	118	7724	8053	330	7634	8113
320790733	-1	96	4.542E-18	1	13190	13552	625	96	0.432	1.495E-18	20	141	221	-13552	-13190	363	13741	13145
320925787	-1	93	3.633E-17	1	13184	13495	625	93	0.469	3.346E-17	0	104	177	-13495	-13184	312	13741	13145
320950889	-1	90	2.907E-16	1	13175	13561	625	90	0.392	2.155E-16	3	132	155	-13561	-13175	387	13741	13145
320989687	-1	88	1.163E-15	1	13166	13504	625	88	0.423	1.386E-15	68	181	183	-13504	-13166	339	13741	13145
321085620	-1	98	1.135E-18	1	13187	13495	625	98	0.493	5.878E-19	0	103	178	-13495	-13187	309	13741	13145
330936163	1	234	1.303E-59	3	1095	1668	28	142	0.720	1.233E-35	84	178	237	1095	1382	288	1059	1415
330936163	1	234	1.303E-59	3	1095	1668	29	36	0.752	1.467E+01	179	200	237	1441	1506	66	1252	1506
330936163	1	234	1.303E-59	3	1095	1668	33	54	0.760	2.392E-06	201	233	237	1570	1668	99	1522	1671
334694323	1	143	3.227E-32	2	0	1388	1	36	0.498	3.346E+00	3	37	226	0	101	102	0	116
334694323	1	143	3.227E-32	2	0	1388	28	140	0.695	4.364E-35	72	169	226	1092	1388	297	1059	1415
334839321	1	173	3.006E-41	3	30	1668	1	39	0.881	1.854E-01	15	34	227	30	89	60	0	116
334839321	1	173	3.006E-41	3	30	1668	28	138	0.705	2.120E-34	74	168	227	1095	1382	288	1059	1415
334839321	1	173	3.006E-41	3	30	1668	33	55	0.781	6.670E-07	191	223	227	1570	1668	99	1522	1671
334889214	1	236	3.259E-60	3	1095	1668	28	142	0.708	1.233E-35	71	168	225	1095	1388	294	1059	1415
334889214	1	236	3.259E-60	3	1095	1668	29	36	0.752	1.467E+01	167	188	225	1441	1506	66	1252	1506
334889214	1	236	3.259E-60	3	1095	1668	33	58	0.812	9.832E-08	189	221	225	1570	1668	99	1522	1671
334897188	1	172	6.011E-41	2	1095	1668	28	136	0.684	1.029E-33	77	173	235	1095	1388	294	1059	1415
334897188	1	172	6.011E-41	2	1095	1668	33	55	0.771	1.263E-06	194	226	235	1570	1668	99	1522	1671
335339712	1	78	1.191E-12	1	7670	8077	162	78	0.343	6.978E-13	0	132	137	7670	8077	408	7634	8113
335402870	1	248	7.956E-64	4	54	1671	1	34	0.931	1.675E+01	20	35	224	54	101	48	0	116
335402870	1	248	7.956E-64	4	54	1671	28	150	0.744	1.615E-38	70	166	224	1095	1388	294	1059	1415
335402870	1	248	7.956E-64	4	54	1671	29	36	0.752	1.467E+01	165	186	224	1441	1506	66	1252	1506
335402870	1	248	7.956E-64	4	54	1671	33	60	0.821	1.451E-08	187	220	224	1570	1671	102	1522	1671
335440942	1	76	4.762E-12	1	7640	8059	162	76	0.328	6.209E-12	109	245	256	7640	8059	420	7634	8113
341012321	1	84	1.860E-14	1	7640	8062	162	84	0.353	6.405E-15	111	242	248	7640	8062	423	7634	8113
347201996	1	170	2.404E-40	2	1095	1671	28	132	0.675	4.569E-32	77	171	232	1095	1382	288	1059	1415
347201996	1	170	2.404E-40	2	1095	1671	33	59	0.806	3.776E-08	194	227	232	1570	1671	102	1522	1671
348875441	1	171	1.202E-40	2	1095	1668	28	135	0.679	2.657E-33	60	156	243	1095	1388	294	1059	1415
348875441	1	171	1.202E-40	2	1095	1668	33	55	0.771	1.263E-06	177	209	243	1570	1668	99	1522	1671
349274811	1	173	3.006E-41	2	1095	1671	28	136	0.696	1.029E-33	79	173	232	1095	1382	288	1059	1415
349274811	1	173	3.006E-41	2	1095	1671	33	58	0.796	7.146E-08	196	229	232	1570	1671	102	1522	1671
349357505	1	169	4.809E-40	2	1095	1668	28	137	0.699	5.471E-34	78	172	250	1095	1382	288	1059	1415
349357505	1	169	4.809E-40	2	1095	1668	33	53	0.745	6.235E-06	195	227	250	1570	1668	99	1522	1671
349498031	1	169	4.809E-40	2	1095	1668	28	137	0.699	5.471E-34	78	172	250	1095	1382	288	1059	1415
349498031	1	169	4.809E-40	2	1095	1668	33	53	0.745	6.235E-06	195	227	250	1570	1668	99	1522	1671
349708029	1	178	9.392E-43	2	1095	1668	28	140	0.699	5.986E-35	74	170	232	1095	1388	294	1059	1415
349708029	1	178	9.392E-43	2	1095	1668	33	57	0.802	1.861E-07	191	223	232	1570	1668	99	1522	1671
349783853	1	172	6.011E-41	2	1092	1668	28	139	0.704	8.212E-35	67	162	224	1092	1382	291	1059	1415
349783853	1	172	6.011E-41	2	1092	1668	33	54	0.766	1.738E-06	185	217	224	1570	1668	99	1522	1671
350077111	-1	89	5.813E-16	1	13184	13567	625	89	0.392	4.009E-16	79	207	246	-13567	-13184	384	13741	13145
350167991	-1	100	2.839E-19	1	13187	13495	625	100	0.503	9.079E-20	0	103	178	-13495	-13187	309	13741	13145
356353039	1	92	7.267E-17	1	7640	8062	162	92	0.376	1.217E-17	84	216	222	7640	8062	423	7634	8113
361501982	1	74	1.905E-11	1	7646	8053	162	74	0.329	2.163E-11	2	128	137	7646	8053	408	7634	8113
362382482	1	146	4.034E-33	2	33	1382	1	36	0.682	3.346E+00	16	39	227	33	101	69	0	116
362382482	1	146	4.034E-33	2	33	1382	28	143	0.727	3.481E-36	74	168	227	1095	1382	288	1059	1415
363810379	1	166	3.847E-39	2	1095	1668	28	132	0.678	2.428E-32	76	170	248	1095	1382	288	1059	1415
363810379	1	166	3.847E-39	2	1095	1668	33	55	0.776	9.179E-07	193	225	248	1570	1668	99	1522	1671
363851692	1	169	4.809E-40	2	1092	1671	28	135	0.683	3.645E-33	75	170	229	1092	1382	291	1059	1415
363851692	1	169	4.809E-40	2	1092	1671	33	55	0.761	6.670E-07	193	226	229	1570	1671	102	1522	1671
363906908	1	162	6.155E-38	2	1092	1668	28	128	0.654	7.857E-31	76	171	231	1092	1382	291	1059	1415
363906908	1	162	6.155E-38	2	1092	1668	33	55	0.781	6.670E-07	194	226	231	1570	1668	99	1522	1671
363969132	1	180	2.348E-43	2	1095	1506	28	143	0.713	4.775E-36	73	170	227	1095	1388	294	1059	1415
363969132	1	180	2.348E-43	2	1095	1506	29	38	0.776	5.663E+00	169	190	227	1441	1506	66	1252	1506
364049670	1	165	7.694E-39	2	1095	1668	28	129	0.664	3.044E-31	75	169	228	1095	1382	288	1059	1415
364049670	1	165	7.694E-39	2	1095	1668	33	57	0.802	1.861E-07	192	224	228	1570	1668	99	1522	1671
364114483	1	171	1.202E-40	2	1095	1668	28	139	0.710	8.212E-35	75	169	233	1095	1382	288	1059	1415
364114483	1	171	1.202E-40	2	1095	1668	33	53	0.750	4.530E-06	192	224	233	1570	1668	99	1522	1671
364135644	1	177	1.878E-42	2	1095	1668	28	139	0.697	8.212E-35	73	169	232	1095	1388	294	1059	1415
364135644	1	177	1.878E-42	2	1095	1668	33	57	0.802	1.861E-07	190	222	232	1570	1668	99	1522	1671
364152826	1	168	9.618E-40	2	1119	1506	28	131	0.709	8.598E-32	19	108	175	1119	1388	270	1059	1415
364152826	1	168	9.618E-40	2	1119	1506	29	38	0.776	5.663E+00	107	128	175	1441	1506	66	1252	1506
364255894	1	167	1.924E-39	2	1092	1671	28	133	0.676	1.291E-32	77	172	252	1092	1382	291	1059	1415
364255894	1	167	1.924E-39	2	1092	1671	33	55	0.761	6.670E-07	195	228	252	1570	1671	102	1522	1671
364428234	1	228	8.342E-58	3	1095	1668	28	139	0.710	8.212E-35	50	144	204	1095	1382	288	1059	1415
364428234	1	228	8.342E-58	3	1095	1668	29	34	0.743	7.167E+01	146	166	204	1444	1506	63	1252	1506
364428234	1	228	8.342E-58	3	1095	1668	33	53	0.745	6.235E-06	167	199	204	1570	1668	99	1522	1671
364575795	-1	89	5.813E-16	1	13175	13594	625	89	0.367	5.467E-16	10	150	251	-13594	-13175	420	13741	13145
370095459	1	69	6.096E-10	1	7778	8065	162	69	0.399	9.095E-10	0	90	94	7778	8065	288	7634	8113
373122262	1	162	6.155E-38	3	33	1671	1	35	0.701	4.617E+00	18	40	243	33	101	69	0	116
373122262	1	162	6.155E-38	3	33	1671	28	125	0.641	7.181E-30	76	171	243	1092	1382	291	1059	1415
373122262	1	162	6.155E-38	3	33	1671	33	57	0.776	2.561E-07	194	227	243	1570	1671	102	1522	1671
374422942	1	75	9.525E-12	1	7640	8062	162	75	0.324	1.159E-11	101	239	249	7640	8062	423	7634	8113
375075577	1	166	3.847E-39	2	1095	1671	28	127	0.654	2.028E-30	81	175	234	1095	1382	288	1059	1415
375075577	1	166	3.847E-39	2	1095	1671	33	60	0.821	1.451E-08	198	231	234	1570	1671	102	1522	1671
378354847	1	276	2.964E-72	4	923	1671	24	44	0.499	6.072E-03	149	190	340	923	1054	132	920	1060
378354847	1	276	2.964E-72	4	923	1671	28	137	0.704	7.504E-34	187	280	340	1098	1382	285	1059	1415
378354847	1	276	2.964E-72	4	923	1671	29	37	0.801	7.778E+00	282	302	340	1444	1506	63	1252	1506
378354847	1	276	2.964E-72	4	923	1671	33	58	0.796	7.146E-08	303	336	340	1570	1671	102	1522	1671
378711609	1	166	3.847E-39	2	1095	1668	28	130	0.666	2.219E-31	69	163	219	1095	1382	288	1059	1415
378711609	1	166	3.847E-39	2	1095	1668	33	57	0.797	2.561E-07	186	218	219	1570	1668	99	1522	1671
378867349	1	172	6.011E-41	2	1092	1668	28	139	0.704	8.212E-35	67	162	224	1092	1382	291	1059	1415
378867349	1	172	6.011E-41	2	1092	1668	33	54	0.766	1.738E-06	185	217	224	1570	1668	99	1522	1671
378903291	1	193	2.866E-47	3	30	1382	1	33	0.632	3.192E+01	77	100	287	30	101	72	0	116
378903291	1	193	2.866E-47	3	30	1382	24	42	0.493	4.156E-02	98	137	287	923	1048	126	920	1060
378903291	1	193	2.866E-47	3	30	1382	28	123	0.633	3.487E-29	134	228	287	1092	1382	291	1059	1415
378972363	-1	58	1.248E-06	1	12521	12703	635	58	0.489	5.561E-07	4	64	101	-12703	-12521	183	12766	12485
379008785	1	104	1.774E-20	1	7643	8071	162	104	0.407	9.899E-22	35	174	193	7643	8071	429	7634	8113
379376633	1	186	3.669E-45	2	1095	1668	28	146	0.685	3.809E-37	74	178	229	1095	1403	309	1059	1415
379376633	1	186	3.669E-45	2	1095	1668	33	51	0.729	1.626E-05	191	223	229	1570	1668	99	1522	1671
384510785	1	81	1.488E-13	1	7640	8062	162	81	0.344	5.724E-14	116	247	253	7640	8062	423	7634	8113
384747441	1	76	4.762E-12	1	7661	8062	162	76	0.340	3.326E-12	0	124	130	7661	8062	402	7634	8113
391067788	1	168	9.618E-40	2	1095	1668	28	136	0.692	1.937E-33	73	167	226	1095	1382	288	1059	1415
391067788	1	168	9.618E-40	2	1095	1668	33	53	0.750	4.530E-06	190	222	226	1570	1668	99	1522	1671
391650812	1	289	3.618E-76	4	920	1668	24	46	0.509	1.224E-03	29	73	223	920	1054	135	920	1060
391650812	1	289	3.618E-76	4	920	1668	28	151	0.762	6.257E-39	69	163	223	1095	1382	288	1059	1415
391650812	1	289	3.618E-76	4	920	1668	29	37	0.768	7.778E+00	164	185	223	1441	1506	66	1252	1506
391650812	1	289	3.618E-76	4	920	1668	33	56	0.786	4.848E-07	186	218	223	1570	1668	99	1522	1671
392849055	1	167	1.924E-39	2	1095	1668	28	132	0.675	4.569E-32	74	168	226	1095	1382	288	1059	1415
392849055	1	167	1.924E-39	2	1095	1668	33	56	0.786	4.848E-07	191	223	226	1570	1668	99	1522	1671
392906310	1	169	4.809E-40	2	1095	1668	28	136	0.696	1.029E-33	74	168	227	1095	1382	288	1059	1415
392906310	1	169	4.809E-40	2	1095	1668	33	54	0.760	2.392E-06	191	223	227	1570	1668	99	1522	1671
393055783	1	241	1.018E-61	4	6	1668	1	38	0.553	4.859E-01	4	36	225	6	101	96	0	116
393055783	1	241	1.018E-61	4	6	1668	28	141	0.704	2.319E-35	71	168	225	1095	1388	294	1059	1415
393055783	1	241	1.018E-61	4	6	1668	29	37	0.768	7.778E+00	167	188	225	1441	1506	66	1252	1506
393055783	1	241	1.018E-61	4	6	1668	33	57	0.807	1.353E-07	189	221	225	1570	1668	99	1522	1671
393579740	-1	83	3.721E-14	1	13190	13543	625	83	0.394	4.179E-14	33	151	216	-13543	-13190	354	13741	13145
393835447	1	172	6.011E-41	2	1092	1668	28	139	0.704	8.212E-35	48	143	203	1092	1382	291	1059	1415
393835447	1	172	6.011E-41	2	1092	1668	33	54	0.766	1.738E-06	166	198	203	1570	1668	99	1522	1671
393835740	1	172	6.011E-41	2	1092	1668	28	139	0.704	8.212E-35	48	143	203	1092	1382	291	1059	1415
393835740	1	172	6.011E-41	2	1092	1668	33	54	0.766	1.738E-06	166	198	203	1570	1668	99	1522	1671
393835834	1	171	1.202E-40	2	1092	1668	28	139	0.704	8.212E-35	48	143	203	1092	1382	291	1059	1415
393835834	1	171	1.202E-40	2	1092	1668	33	53	0.755	3.292E-06	166	198	203	1570	1668	99	1522	1671
393852246	-1	59	6.242E-07	1	12521	12736	635	59	0.336	4.051E-07	2	104	105	-12736	-12521	216	12766	12485
399289098	1	86	4.651E-15	1	7640	8053	162	86	0.363	1.831E-15	19	147	148	7640	8053	414	7634	8113
400960745	1	235	6.517E-60	3	1095	1668	28	142	0.720	1.233E-35	84	178	237	1095	1382	288	1059	1415
400960745	1	235	6.517E-60	3	1095	1668	29	37	0.760	1.068E+01	179	200	237	1441	1506	66	1252	1506
400960745	1	235	6.517E-60	3	1095	1668	33	54	0.760	2.392E-06	201	233	237	1570	1668	99	1522	1671
401705901	-1	81	1.488E-13	1	13211	13561	625	81	0.392	1.960E-13	21	137	158	-13561	-13211	351	13741	13145
407412540	1	169	4.809E-40	2	1095	1668	28	134	0.685	6.858E-33	70	164	222	1095	1382	288	1059	1415
407412540	1	169	4.809E-40	2	1095	1668	33	56	0.786	4.848E-07	187	219	222	1570	1668	99	1522	1671
407551167	1	173	3.006E-41	2	1092	1668	28	138	0.686	2.120E-34	73	170	232	1092	1388	297	1059	1415
407551167	1	173	3.006E-41	2	1092	1668	33	54	0.766	1.738E-06	191	223	232	1570	1668	99	1522	1671
407585147	1	166	3.847E-39	2	1095	1671	28	130	0.651	1.618E-31	79	177	239	1095	1382	288	1059	1415
407585147	1	166	3.847E-39	2	1095	1671	33	57	0.781	1.861E-07	200	233	239	1570	1671	102	1522	1671
407597886	1	188	9.172E-46	2	1095	1668	28	142	0.708	1.233E-35	73	170	227	1095	1388	294	1059	1415
407597886	1	188	9.172E-46	2	1095	1668	33	54	0.574	2.392E-06	180	223	227	1531	1668	138	1522	1671
407670644	1	175	7.514E-42	2	1092	1668	28	139	0.702	1.126E-34	76	171	249	1092	1382	291	1059	1415
407670644	1	175	7.514E-42	2	1092	1668	33	57	0.802	1.861E-07	194	226	249	1570	1668	99	1522	1671
407765860	1	164	1.539E-38	2	1092	1671	28	130	0.660	2.219E-31	77	172	231	1092	1382	291	1059	1415
407765860	1	164	1.539E-38	2	1092	1671	33	55	0.756	9.179E-07	195	228	231	1570	1671	102	1522	1671
407816908	1	174	1.503E-41	2	1095	1668	28	134	0.685	6.858E-33	73	167	225	1095	1382	288	1059	1415
407816908	1	174	1.503E-41	2	1095	1668	33	61	0.854	7.667E-09	190	222	225	1570	1668	99	1522	1671
408032137	-1	90	2.907E-16	1	13181	13492	625	90	0.458	2.940E-16	4	108	166	-13492	-13181	312	13741	13145
408415733	-1	88	1.163E-15	1	13220	13570	625	88	0.409	1.016E-15	50	169	170	-13570	-13220	351	13741	13145
413830663	1	87	2.325E-15	1	7640	8062	162	87	0.360	9.788E-16	6	137	143	7640	8062	423	7634	8113
413980737	1	155	7.879E-36	2	1095	1671	28	123	0.687	3.487E-29	52	138	210	1095	1358	264	1059	1415
413980737	1	155	7.879E-36	2	1095	1671	33	58	0.791	9.832E-08	166	199	210	1570	1671	102	1522	1671
416060452	1	160	2.462E-37	2	1092	1668	28	126	0.647	2.782E-30	75	170	230	1092	1382	291	1059	1415
416060452	1	160	2.462E-37	2	1092	1668	33	55	0.771	1.263E-06	193	225	230	1570	1668	99	1522	1671
416800945	1	91	1.453E-16	1	7640	8065	162	91	0.370	4.265E-17	20	152	164	7640	8065	426	7634	8113
422242881	1	167	1.924E-39	2	1095	1668	28	136	0.696	1.029E-33	77	171	236	1095	1382	288	1059	1415
422242881	1	167	1.924E-39	2	1095	1668	33	52	0.740	8.582E-06	194	226	236	1570	1668	99	1522	1671
422395823	1	167	1.924E-39	2	1095	1668	28	136	0.696	1.029E-33	77	171	236	1095	1382	288	1059	1415
422395823	1	167	1.924E-39	2	1095	1668	33	52	0.740	8.582E-06	194	226	236	1570	1668	99	1522	1671
422679838	-1	98	1.135E-18	1	13190	13504	625	98	0.487	4.306E-19	1	106	182	-13504	-13190	315	13741	13145
422741368	-1	61	1.561E-07	1	12497	12730	635	61	0.419	8.302E-08	28	103	132	-12730	-12497	234	12766	12485
422744374	-1	148	1.008E-33	2	12518	13600	625	94	0.379	7.076E-18	44	186	359	-13600	-13175	426	13741	13145
422744374	-1	148	1.008E-33	2	12518	13600	635	58	0.330	5.561E-07	192	296	359	-12733	-12518	216	12766	12485
422874067	-1	82	7.441E-14	1	13190	13483	625	82	0.445	1.439E-13	4	102	178	-13483	-13190	294	13741	13145
430443642	1	166	3.847E-39	2	1095	1668	28	135	0.689	3.645E-33	68	162	221	1095	1382	288	1059	1415
430443642	1	166	3.847E-39	2	1095	1668	33	52	0.740	8.582E-06	185	217	221	1570	1668	99	1522	1671
430921338	1	174	1.503E-41	2	1092	1668	28	138	0.695	3.988E-34	76	171	249	1092	1382	291	1059	1415
430921338	1	174	1.503E-41	2	1092	1668	33	57	0.807	1.353E-07	194	226	249	1570	1668	99	1522	1671
434624081	1	92	7.267E-17	1	7640	8062	162	92	0.376	1.217E-17	116	248	254	7640	8062	423	7634	8113
435245362	1	92	7.267E-17	1	7640	8062	162	92	0.375	1.665E-17	133	264	270	7640	8062	423	7634	8113
436051336	1	173	3.006E-41	2	1092	1671	28	134	0.678	9.408E-33	76	171	230	1092	1382	291	1059	1415
436051336	1	173	3.006E-41	2	1092	1671	33	60	0.816	1.995E-08	194	227	230	1570	1671	102	1522	1671
436470505	1	162	6.155E-38	2	1092	1668	28	128	0.655	5.728E-31	75	170	256	1092	1382	291	1059	1415
436470505	1	162	6.155E-38	2	1092	1668	33	55	0.776	9.179E-07	193	225	256	1570	1668	99	1522	1671
436558224	1	171	1.202E-40	2	1092	1668	28	138	0.698	2.120E-34	74	169	247	1092	1382	291	1059	1415
436558224	1	171	1.202E-40	2	1092	1668	33	54	0.766	1.738E-06	192	224	247	1570	1668	99	1522	1671
436627955	1	170	2.404E-40	3	21	1668	1	35	0.512	6.371E+00	4	36	249	21	101	81	0	116
436627955	1	170	2.404E-40	3	21	1668	28	135	0.691	2.657E-33	72	166	249	1095	1382	288	1059	1415
436627955	1	170	2.404E-40	3	21	1668	33	55	0.781	6.670E-07	189	221	249	1570	1668	99	1522	1671
436769733	1	141	1.291E-31	2	3	1388	1	37	0.538	1.275E+00	5	37	226	3	101	99	0	116
436769733	1	141	1.291E-31	2	3	1388	28	137	0.681	5.471E-34	72	169	226	1092	1388	297	1059	1415
436832028	1	176	3.757E-42	2	1095	1668	28	140	0.701	4.364E-35	73	169	232	1095	1388	294	1059	1415
436832028	1	176	3.757E-42	2	1095	1668	33	55	0.781	6.670E-07	190	222	232	1570	1668	99	1522	1671
436854187	1	187	1.834E-45	2	1092	1668	28	138	0.642	2.907E-34	74	180	247	1092	1406	315	1059	1415
436854187	1	187	1.834E-45	2	1092	1668	33	59	0.833	2.745E-08	192	224	247	1570	1668	99	1522	1671
436894357	1	166	3.847E-39	2	1092	1668	28	132	0.671	3.331E-32	77	172	230	1092	1382	291	1059	1415
436894357	1	166	3.847E-39	2	1092	1668	33	55	0.781	6.670E-07	195	227	230	1570	1668	99	1522	1671
437247563	-1	83	3.721E-14	1	13187	13552	625	83	0.386	5.693E-14	59	180	217	-13552	-13187	366	13741	13145
437543565	1	175	7.514E-42	2	1095	1671	28	142	0.722	8.985E-36	73	167	228	1095	1382	288	1059	1415
437543565	1	175	7.514E-42	2	1095	1671	33	54	0.746	1.738E-06	190	223	228	1570	1671	102	1522	1671
438048625	1	77	2.381E-12	1	7661	8062	162	77	0.341	1.781E-12	103	237	262	7661	8062	402	7634	8113
442913547	1	86	4.651E-15	1	7640	8062	162	86	0.357	1.831E-15	56	187	193	7640	8062	423	7634	8113
445212264	1	84	1.860E-14	1	7640	8077	162	84	0.344	6.405E-15	76	218	223	7640	8077	438	7634	8113
445801638	1	78	1.191E-12	1	7661	8062	162	78	0.344	1.303E-12	0	124	227	7661	8062	402	7634	8113
451146901	1	176	3.757E-42	3	3	1668	1	38	0.553	4.859E-01	4	36	225	3	101	99	0	116
451146901	1	176	3.757E-42	3	3	1668	28	136	0.694	1.412E-33	73	167	225	1095	1382	288	1059	1415
451146901	1	176	3.757E-42	3	3	1668	33	58	0.812	9.832E-08	190	222	225	1570	1668	99	1522	1671
451164267	1	177	1.878E-42	2	1092	1668	28	141	0.709	3.181E-35	72	167	245	1092	1382	291	1059	1415
451164267	1	177	1.878E-42	2	1092	1668	33	57	0.807	1.353E-07	190	222	245	1570	1668	99	1522	1671
451194386	1	170	2.404E-40	2	1095	1668	28	137	0.698	7.504E-34	74	168	232	1095	1382	288	1059	1415
451194386	1	170	2.404E-40	2	1095	1668	33	54	0.760	2.392E-06	191	223	232	1570	1668	99	1522	1671
451218298	1	127	2.115E-27	2	18	1358	1	34	0.574	1.213E+01	11	38	232	18	101	84	0	116
451218298	1	127	2.115E-27	2	18	1358	28	126	0.702	2.782E-30	73	159	232	1095	1358	264	1059	1415
451219933	1	176	3.757E-42	3	0	1506	1	36	0.498	3.346E+00	2	36	234	0	101	102	0	116
451219933	1	176	3.757E-42	3	0	1506	28	138	0.692	2.120E-34	71	168	234	1095	1388	294	1059	1415
451219933	1	176	3.757E-42	3	0	1506	29	36	0.752	1.467E+01	167	188	234	1441	1506	66	1252	1506
451233946	1	180	2.348E-43	2	1095	1668	28	135	0.703	2.657E-33	70	163	242	1095	1367	273	1059	1415
451233946	1	180	2.348E-43	2	1095	1668	33	55	0.781	6.670E-07	175	207	242	1570	1668	99	1522	1671
451248408	1	174	1.503E-41	2	1095	1668	28	138	0.701	3.988E-34	75	169	238	1095	1382	288	1059	1415
451248408	1	174	1.503E-41	2	1095	1668	33	57	0.802	1.861E-07	192	224	238	1570	1668	99	1522	1671
451262557	1	155	7.879E-36	3	18	1671	1	34	0.574	1.213E+01	11	38	232	18	101	84	0	116
451262557	1	155	7.879E-36	3	18	1671	28	126	0.702	2.782E-30	73	159	232	1095	1358	264	1059	1415
451262557	1	155	7.879E-36	3	18	1671	33	55	0.751	1.263E-06	188	221	232	1570	1671	102	1522	1671
451328049	1	167	1.924E-39	2	1095	1668	28	136	0.696	1.029E-33	77	171	236	1095	1382	288	1059	1415
451328049	1	167	1.924E-39	2	1095	1668	33	52	0.740	8.582E-06	194	226	236	1570	1668	99	1522	1671
451492189	1	170	2.404E-40	2	1095	1668	28	134	0.684	9.408E-33	75	169	233	1095	1382	288	1059	1415
451492189	1	170	2.404E-40	2	1095	1668	33	57	0.807	1.353E-07	192	224	233	1570	1668	99	1522	1671
451687837	1	70	3.048E-10	1	7724	8053	162	70	0.366	4.880E-10	1	101	117	7724	8053	330	7634	8113
465252656	1	74	1.905E-11	1	7646	8053	162	74	0.329	2.163E-11	2	128	182	7646	8053	408	7634	8113
 