379195108	1	2355	379195108	1	2355
59329039	1	2598	59329039	1	2598
182930196	1	19759	182930196	1	19759
182930196	1	19759	271598	1	19961
182930196	1	19759	436777790	1	19964
182930196	1	19759	160856086	1	19964
182930196	1	19759	374138689	1	19973
182930196	1	19759	98494608	1	19976
182930196	1	19759	451306843	1	19979
182930196	1	19759	451339223	1	19982
182930196	1	19759	146128102	1	19982
182930196	1	19759	291182522	1	19988
182930196	1	19759	218857969	1	19991
182930196	1	19759	174757149	1	19994
182930196	1	19759	218614344	1	19994
182930196	1	19759	450991926	1	19994
182930196	1	19759	248106925	1	20000
182930196	1	19759	305635729	1	20000
182930196	1	19759	189502112	1	20000
182930196	1	19759	334733952	1	20000
182930196	1	19759	160288875	1	20000
182930196	1	19759	451296027	1	20000
182930196	1	19759	58780177	1	20000
182930196	1	19759	364106583	1	20003
182930196	1	19759	160297355	1	20003
182930196	1	19759	284576320	1	20003
182930196	1	19759	335533173	1	20003
182930196	1	19759	102128950	1	20006
182930196	1	19759	131774036	1	20006
182930196	1	19759	407663112	1	20006
182930196	1	19759	579079	1	20006
182930196	1	19759	102250303	1	20009
182930196	1	19759	306099270	1	20009
182930196	1	19759	407620472	1	20009
182930196	1	19759	334924161	1	20009
182930196	1	19759	174783433	1	20009
182930196	1	19759	406922822	1	20009
182930196	1	19759	174802954	1	20009
182930196	1	19759	15165126	1	20009
182930196	1	19759	146112648	1	20009
182930196	1	19759	334770793	1	20009
182930196	1	19759	72978775	1	20009
182930196	1	19759	451576855	1	20042
182930196	1	19759	44570309	1	20391
182930196	1	19759	451066234	1	20526
182930196	1	19759	58949717	1	20526
182930196	1	19759	58582579	1	20691
182930196	1	19759	291327447	1	20709
182930196	1	19759	320409192	1	20709
182930196	1	19759	451082026	1	20715
182930196	1	19759	401115765	1	20882
182930196	1	19759	102131479	1	20882
182930196	1	19759	393698520	1	20882
182930196	1	19759	451917124	1	20996
182930196	1	19759	291351778	1	20996
182930196	1	19759	436511337	1	21592
182930196	1	19759	407403942	1	21886
182930196	1	19759	58879280	1	21889
182930196	1	19759	451192520	1	21889
182930196	1	19759	146094965	1	21889
182930196	1	19759	306097647	1	22962
189908531	-1	2364	102992645	-1	2364
189908531	-1	2364	379194667	-1	2364
189908531	-1	2364	189908531	-1	2364
189908531	-1	2364	59329632	-1	2364
189908531	-1	2364	306151229	-1	2364
189908531	-1	2364	44789584	-1	2364
189908531	-1	2364	321080783	-1	2364
189908531	-1	2364	161214909	-1	2364
189908531	-1	2364	874988	-1	2364
189908531	-1	2364	1163379	-1	2364
189908531	-1	2364	874590	-1	2364
189908531	-1	2364	15417527	-1	2364
189908531	-1	2364	73823317	-1	2364
189908531	-1	2364	422965807	-1	2364
189908531	-1	2364	88125298	-1	2364
189908531	-1	2364	88363966	-1	2364
189908531	-1	2364	364654552	-1	2364
189908531	-1	2364	29958177	-1	2364
189908531	-1	2364	53895754	-1	2364
189908531	-1	2364	451663961	-1	2364
189908531	-1	2364	117446762	-1	2364
189908531	-1	2364	306285884	-1	2364
189908531	-1	2364	408106764	-1	2364
189908531	-1	2364	233452466	-1	2364
189908531	-1	2364	233522833	-1	2364
189908531	-1	2364	422616370	-1	2364
189908531	-1	2364	88162018	-1	2364
189908531	-1	2364	219034874	-1	2364
189908531	-1	2364	175409975	-1	2364
189908531	-1	2364	44537185	-1	2364
189908531	-1	2364	219263102	-1	2364
189908531	-1	2364	379197471	-1	2364
189908531	-1	2364	451699999	-1	2364
189908531	-1	2364	393497285	-1	2364
189908531	-1	2364	88364906	-1	2364
189908531	-1	2364	146206656	-1	2364
189908531	-1	2364	291803676	-1	2364
189908531	-1	2364	88509389	-1	2364
189908531	-1	2364	408280623	-1	2364
189908531	-1	2364	364415176	-1	2364
189908531	-1	2364	262624423	-1	2364
189908531	-1	2364	335596915	-1	2364
189908531	-1	2364	335332239	-1	2364
189908531	-1	2364	379246264	-1	2364
189908531	-1	2364	248322265	-1	2364
189908531	-1	2364	131990809	-1	2364
189908531	-1	2364	88364207	-1	2364
189908531	-1	2364	88365743	-1	2364
189908531	-1	2364	335572934	-1	2364
189908531	-1	2364	146544317	-1	2364
189908531	-1	2364	306487228	-1	2364
189908531	-1	2364	219239532	-1	2364
189908531	-1	2364	364654826	-1	2364
189908531	-1	2364	335620061	-1	2364
189908531	-1	2364	44752062	-1	2364
189908531	-1	2364	117460747	-1	2364
189908531	-1	2364	131788642	-1	2364
189908531	-1	2364	233540311	-1	2364
189908531	-1	2364	437158810	-1	2364
189908531	-1	2364	320828909	-1	2364
189908531	-1	2364	248320128	-1	2364
189908531	-1	2364	262623425	-1	2364
189908531	-1	2364	291945736	-1	2364
189908531	-1	2364	291946304	-1	2364
189908531	-1	2364	291946805	-1	2364
189908531	-1	2364	378993768	-1	2364
189908531	-1	2364	15654850	-1	2364
189908531	-1	2364	321029944	-1	2364
189908531	-1	2364	422820015	-1	2364
189908531	-1	2364	437362661	-1	2364
189908531	-1	2364	59279676	-1	2364
189908531	-1	2364	73821167	-1	2364
189908531	-1	2364	102906306	-1	2364
189908531	-1	2364	131990629	-1	2364
189908531	-1	2364	146530362	-1	2364
189908531	-1	2364	146530431	-1	2364
189908531	-1	2364	146531325	-1	2364
189908531	-1	2364	161073944	-1	2364
189908531	-1	2364	204698484	-1	2364
189908531	-1	2364	219239790	-1	2364
189908531	-1	2364	219240195	-1	2364
189908531	-1	2364	277406598	-1	2364
189908531	-1	2364	335569874	-1	2364
189908531	-1	2364	364654645	-1	2364
189908531	-1	2364	451905303	-1	2364
189908531	-1	2364	1115135	-1	2364
189908531	-1	2364	44738456	-1	2364
189908531	-1	2364	117448143	-1	2364
189908531	-1	2364	131987774	-1	2364
189908531	-1	2364	131989089	-1	2364
189908531	-1	2364	161072217	-1	2364
189908531	-1	2364	190156346	-1	2364
189908531	-1	2364	321028588	-1	2364
189908531	-1	2364	364655301	-1	2364
189908531	-1	2364	393737886	-1	2364
189908531	-1	2364	422821131	-1	2364
189908531	-1	2364	422822150	-1	2364
189908531	-1	2364	44739002	-1	2364
189908531	-1	2364	59280282	-1	2364
189908531	-1	2364	73822052	-1	2364
189908531	-1	2364	73823864	-1	2364
189908531	-1	2364	88363699	-1	2364
189908531	-1	2364	146530196	-1	2364
189908531	-1	2364	190154962	-1	2364
189908531	-1	2364	437360859	-1	2364
189908531	-1	2364	437362117	-1	2364
189908531	-1	2364	451905400	-1	2364
189908531	-1	2364	44740501	-1	2364
189908531	-1	2364	161072260	-1	2364
189908531	-1	2364	175612594	-1	2364
189908531	-1	2364	175612667	-1	2364
189908531	-1	2364	175614171	-1	2364
189908531	-1	2364	190154510	-1	2364
189908531	-1	2364	204696724	-1	2364
189908531	-1	2364	291946427	-1	2364
189908531	-1	2364	321029879	-1	2364
189908531	-1	2364	350112205	-1	2364
189908531	-1	2364	408277356	-1	2364
189908531	-1	2364	408280419	-1	2364
189908531	-1	2364	422822202	-1	2364
189908531	-1	2364	233779679	-1	2364
189908531	-1	2364	306488060	-1	2364
189908531	-1	2364	306489126	-1	2364
189908531	-1	2364	408278351	-1	2364
189908531	-1	2364	451902995	-1	2364
189908531	-1	2364	30197306	-1	2364
189908531	-1	2364	175613108	-1	2364
189908531	-1	2364	175615248	-1	2364
189908531	-1	2364	291946833	-1	2364
189908531	-1	2364	364653889	-1	2364
189908531	-1	2364	379196256	-1	2364
189908531	-1	2364	408277424	-1	2364
189908531	-1	2364	175374513	-1	2364
189908531	-1	2364	219034638	-1	2364
189908531	-1	2364	233781879	-1	2364
189908531	-1	2364	248321427	-1	2364
189908531	-1	2364	291947093	-1	2364
189908531	-1	2364	364653856	-1	2364
189908531	-1	2364	451902623	-1	2364
189908531	-1	2364	30198236	-1	2364
189908531	-1	2364	233638001	-1	2364
189908531	-1	2364	291947012	-1	2364
189908531	-1	2364	291995056	-1	2364
189908531	-1	2364	393738252	-1	2364
189908531	-1	2364	451903440	-1	2364
189908531	-1	2364	451904053	-1	2364
189908531	-1	2364	451905255	-1	2364
189908531	-1	2364	117448654	-1	2364
189908531	-1	2364	379196909	-1	2364
189908531	-1	2364	88365307	-1	2364
189908531	-1	2364	219236986	-1	2364
189908531	-1	2364	219239597	-1	2364
189908531	-1	2364	321027913	-1	2364
189908531	-1	2364	393736899	-1	2364
189908531	-1	2364	291946787	-1	2364
189908531	-1	2364	88365555	-1	2364
189908531	-1	2364	102904943	-1	2364
189908531	-1	2364	102904354	-1	2364
189908531	-1	2364	408279528	-1	2364
189908531	-1	2364	184101306	-1	2364
189908531	-1	2364	277404988	-1	2364
189908531	-1	2364	1116383	-1	2364
189908531	-1	2364	219219994	-1	2364
189908531	-1	2364	219236888	-1	2364
189908531	-1	2364	350114511	-1	2364
189908531	-1	2364	379195201	-1	2364
189908531	-1	2364	408279767	-1	2364
189908531	-1	2364	102654830	-1	2364
189908531	-1	2364	335319919	-1	2364
189908531	-1	2364	291694081	-1	2364
189908531	-1	2364	131738235	-1	2364
189908531	-1	2364	335571304	-1	2364
189908531	-1	2364	335571673	-1	2364
189908531	-1	2364	59330884	-1	2364
189908531	-1	2364	161072475	-1	2364
189908531	-1	2364	364704450	-1	2364
189908531	-1	2364	408278950	-1	2364
189908531	-1	2364	335570902	-1	2364
189908531	-1	2364	204745022	-1	2364
189908531	-1	2364	161073752	-1	2364
189908531	-1	2364	451904225	-1	2364
189908531	-1	2364	102907133	-1	2364
189908531	-1	2364	59279588	-1	2364
189908531	-1	2364	350112226	-1	2364
189908531	-1	2364	129803604	-1	2364
189908531	-1	2364	161071872	-1	2364
189908531	-1	2364	408277727	-1	2364
189908531	-1	2364	88363783	-1	2364
189908531	-1	2364	59280991	-1	2364
189908531	-1	2364	291996377	-1	2364
189908531	-1	2364	451904391	-1	2364
189908531	-1	2364	117446340	-1	2364
189908531	-1	2364	451687905	-1	2364
189908531	-1	2364	88364825	-1	2367
189908531	-1	2364	30285837	-1	2370
189908531	-1	2364	262616198	-1	2370
189908531	-1	2364	291828580	-1	2370
189908531	-1	2364	175495158	-1	2370
189908531	-1	2364	131785025	-1	2370
189908531	-1	2364	408076487	-1	2370
189908531	-1	2364	408163647	-1	2370
189908531	-1	2364	59282733	-1	2370
189908531	-1	2364	393597024	-1	2373
189908531	-1	2364	875794	-1	2373
189908531	-1	2364	59281453	-1	2373
189908531	-1	2364	204457180	-1	2373
189908531	-1	2364	378956574	-1	2373
189908531	-1	2364	175612104	-1	2373
189908531	-1	2364	291946683	-1	2373
189908531	-1	2364	102904226	-1	2373
189908531	-1	2364	422821885	-1	2373
189908531	-1	2364	378877745	-1	2373
189908531	-1	2364	248322381	-1	2373
189908531	-1	2364	451904201	-1	2373
189908531	-1	2364	219237074	-1	2373
189908531	-1	2364	146529126	-1	2373
189908531	-1	2364	102906957	-1	2373
189908531	-1	2364	204697135	-1	2373
189908531	-1	2364	204450883	-1	2373
189908531	-1	2364	204695409	-1	2373
189908531	-1	2364	146531838	-1	2373
189908531	-1	2364	44845627	-1	2373
189908531	-1	2364	44499874	-1	2376
189908531	-1	2364	422580840	-1	2376
189908531	-1	2364	248043656	-1	2376
189908531	-1	2364	422821013	-1	2376
189908531	-1	2364	364696364	-1	2376
189908531	-1	2364	30239529	-1	2376
189908531	-1	2364	217572047	-1	2376
189908531	-1	2364	102907540	-1	2379
189908531	-1	2364	291946797	-1	2379
189908531	-1	2364	262677248	-1	2382
189908531	-1	2364	335331274	-1	2382
189908531	-1	2364	262862123	-1	2382
189908531	-1	2364	277406141	-1	2385
189908531	-1	2364	393685024	-1	2385
189908531	-1	2364	306248245	-1	2385
189908531	-1	2364	291946729	-1	2385
189908531	-1	2364	335570349	-1	2385
189908531	-1	2364	59280138	-1	2385
189908531	-1	2364	1001427	-1	2385
189908531	-1	2364	233838111	-1	2385
189908531	-1	2364	219237716	-1	2385
189908531	-1	2364	204697649	-1	2385
189908531	-1	2364	379195354	-1	2385
189908531	-1	2364	451851114	-1	2385
189908531	-1	2364	335572849	-1	2388
189908531	-1	2364	340921518	-1	2394
189908531	-1	2364	277405804	-1	2400
189908531	-1	2364	117445713	-1	2400
189908531	-1	2364	30196875	-1	2400
189908531	-1	2364	190155843	-1	2400
189908531	-1	2364	364653221	-1	2400
189908531	-1	2364	451903017	-1	2400
189908531	-1	2364	161072779	-1	2400
189908531	-1	2364	451904371	-1	2400
189908531	-1	2364	117243021	-1	2403
189908531	-1	2364	219237106	-1	2403
189908531	-1	2364	335569704	-1	2403
189908531	-1	2364	408162590	-1	2403
189908531	-1	2364	320913498	-1	2403
189908531	-1	2364	102905672	-1	2406
189908531	-1	2364	233781471	-1	2409
189908531	-1	2364	335572316	-1	2409
189908531	-1	2364	15655452	-1	2409
189908531	-1	2364	451905428	-1	2409
189908531	-1	2364	219237558	-1	2409
189908531	-1	2364	248044101	-1	2412
189908531	-1	2364	306487849	-1	2415
189908531	-1	2364	30196211	-1	2415
189908531	-1	2364	379197438	-1	2415
189908531	-1	2364	190195362	-1	2418
189908531	-1	2364	437360892	-1	2418
189908531	-1	2364	1115602	-1	2418
189908531	-1	2364	262861937	-1	2418
189908531	-1	2364	422821563	-1	2418
189908531	-1	2364	1113117	-1	2418
189908531	-1	2364	233540651	-1	2418
189908531	-1	2364	262863711	-1	2418
189908531	-1	2364	175613983	-1	2418
189908531	-1	2364	98209102	-1	2418
189908531	-1	2364	335570304	-1	2421
189908531	-1	2364	204745083	-1	2427
189908531	-1	2364	262862748	-1	2427
189908531	-1	2364	59281344	-1	2427
189908531	-1	2364	190156425	-1	2427
189908531	-1	2364	44597214	-1	2427
189908531	-1	2364	277404327	-1	2427
189908531	-1	2364	364653366	-1	2427
189908531	-1	2364	451902005	-1	2427
189908531	-1	2364	451902799	-1	2427
189908531	-1	2364	379195745	-1	2430
189908531	-1	2364	175374323	-1	2433
189908531	-1	2364	59280022	-1	2433
189908531	-1	2364	408278427	-1	2439
189908531	-1	2364	161072575	-1	2439
189908531	-1	2364	408278743	-1	2439
189908531	-1	2364	291946781	-1	2439
189908531	-1	2364	408279942	-1	2439
189908531	-1	2364	30198145	-1	2442
189908531	-1	2364	451902167	-1	2445
189908531	-1	2364	189916133	-1	2448
189908531	-1	2364	146529278	-1	2448
189908531	-1	2364	44740997	-1	2448
189908531	-1	2364	59281422	-1	2448
189908531	-1	2364	248320046	-1	2448
189908531	-1	2364	408279545	-1	2448
189908531	-1	2364	262864521	-1	2448
189908531	-1	2364	364655621	-1	2448
189908531	-1	2364	379194875	-1	2448
189908531	-1	2364	364653329	-1	2451
189908531	-1	2364	422819179	-1	2451
189908531	-1	2364	59080728	-1	2454
189908531	-1	2364	218986622	-1	2454
189908531	-1	2364	335569550	-1	2454
189908531	-1	2364	44739243	-1	2457
189908531	-1	2364	437122756	-1	2460
189908531	-1	2364	233779101	-1	2460
189908531	-1	2364	15655742	-1	2460
189908531	-1	2364	408278627	-1	2460
189908531	-1	2364	451902103	-1	2463
189908531	-1	2364	321030432	-1	2475
189908531	-1	2364	190157113	-1	2475
189908531	-1	2364	175614846	-1	2475
189908531	-1	2364	190157100	-1	2475
189908531	-1	2364	321031093	-1	2475
189908531	-1	2364	422819778	-1	2475
189908531	-1	2364	1114404	-1	2478
189908531	-1	2364	59281938	-1	2478
189908531	-1	2364	291947992	-1	2478
189908531	-1	2364	59139372	-1	2478
189908531	-1	2364	422820868	-1	2478
189908531	-1	2364	262863958	-1	2484
189908531	-1	2364	291946318	-1	2484
189908531	-1	2364	306487592	-1	2499
189908531	-1	2364	379208442	-1	2505
189908531	-1	2364	408279428	-1	2511
189908531	-1	2364	190154797	-1	2511
189908531	-1	2364	102666344	-1	2514
189908531	-1	2364	73582639	-1	2514
189908531	-1	2364	146531125	-1	2514
189908531	-1	2364	291946995	-1	2514
189908531	-1	2364	306489518	-1	2514
189908531	-1	2364	102904208	-1	2514
189908531	-1	2364	117445969	-1	2514
189908531	-1	2364	277406617	-1	2514
189908531	-1	2364	15655516	-1	2514
189908531	-1	2364	204696852	-1	2514
189908531	-1	2364	219237539	-1	2514
189908531	-1	2364	306487718	-1	2514
189908531	-1	2364	364653641	-1	2514
189908531	-1	2364	1114688	-1	2514
189908531	-1	2364	321028249	-1	2514
189908531	-1	2364	422820057	-1	2514
189908531	-1	2364	262863310	-1	2514
189908531	-1	2364	59282671	-1	2514
189908531	-1	2364	102904283	-1	2514
189908531	-1	2364	335569836	-1	2514
189908531	-1	2364	59282832	-1	2514
189908531	-1	2364	408278626	-1	2514
189908531	-1	2364	59280303	-1	2517
189908531	-1	2364	218985385	-1	2520
189908531	-1	2364	321028467	-1	2520
189908531	-1	2364	364652837	-1	2520
189908531	-1	2364	350112154	-1	2520
189908531	-1	2364	219237740	-1	2520
189908531	-1	2364	175612807	-1	2520
189908531	-1	2364	408280291	-1	2523
189908531	-1	2364	210419226	-1	2526
189908531	-1	2364	451715788	-1	2526
189908531	-1	2364	161073164	-1	2526
189908531	-1	2364	102906480	-1	2526
189908531	-1	2364	291947158	-1	2526
189908531	-1	2364	175615546	-1	2529
189908531	-1	2364	335571209	-1	2654
189908531	-1	2364	216031634	-1	2660
189908531	-1	2364	320888576	-1	2660
189908531	-1	2364	297475823	-1	2663
189908531	-1	2364	437122405	-1	2663
189908531	-1	2364	44712172	-1	2663
189908531	-1	2364	320888700	-1	2663
189908531	-1	2364	437219293	-1	2663
189908531	-1	2364	437404537	-1	2759
189908531	-1	2364	117196419	-1	2759
189908531	-1	2364	30056105	-1	2759
189908531	-1	2364	102904770	-1	2759
189908531	-1	2364	30199631	-1	2759
189908531	-1	2364	321030063	-1	2759
189908531	-1	2364	59040988	-1	2759
189908531	-1	2364	102904927	-1	2759
189908531	-1	2364	437121846	-1	2759
189908531	-1	2364	117306035	-1	2759
189908531	-1	2364	349873733	-1	2759
189908531	-1	2364	131846787	-1	2759
189908531	-1	2364	15799561	-1	2759
189908531	-1	2364	408412111	-1	2759
189908531	-1	2364	451951483	-1	2759
189908531	-1	2364	379079158	-1	2759
189908531	-1	2364	175748097	-1	2759
189908531	-1	2364	262994869	-1	2759
189908531	-1	2364	262837643	-1	2759
189908531	-1	2364	30171607	-1	2759
189908531	-1	2364	73596780	-1	2759
189908531	-1	2364	233823933	-1	2759
189908531	-1	2364	320886697	-1	2759
189908531	-1	2364	348898332	-1	2759
189908531	-1	2364	1063910	-1	2759
189908531	-1	2364	146327329	-1	2759
189908531	-1	2364	263006505	-1	2759
189908531	-1	2364	437363537	-1	2759
189908531	-1	2364	306249148	-1	2759
189908531	-1	2364	364653989	-1	2759
189908531	-1	2364	102665765	-1	2759
189908531	-1	2364	277262801	-1	2759
189908531	-1	2364	73682265	-1	2759
189908531	-1	2364	335429103	-1	2759
189908531	-1	2364	321028865	-1	2759
189908531	-1	2364	364513616	-1	2759
189908531	-1	2364	15416790	-1	2759
189908531	-1	2364	248070609	-1	2759
189908531	-1	2364	99313418	-1	2759
189908531	-1	2364	233829000	-1	2759
189908531	-1	2364	161123359	-1	2759
189908531	-1	2364	233827556	-1	2759
189908531	-1	2364	973997	-1	2759
189908531	-1	2364	219096963	-1	2759
189908531	-1	2364	88222068	-1	2759
189908531	-1	2364	422678710	-1	2759
189908531	-1	2364	356932275	-1	2759
189908531	-1	2364	219052631	-1	2759
189908531	-1	2364	189969549	-1	2759
189908531	-1	2364	15470890	-1	2759
189908531	-1	2364	44553142	-1	2759
189908531	-1	2364	131803138	-1	2759
189908531	-1	2364	364468753	-1	2759
189908531	-1	2364	437175488	-1	2759
189908531	-1	2364	233593495	-1	2759
189908531	-1	2364	160886752	-1	2759
189908531	-1	2364	248133671	-1	2759
189908531	-1	2364	219051387	-1	2759
189908531	-1	2364	248133609	-1	2759
189908531	-1	2364	248133746	-1	2759
189908531	-1	2364	117261039	-1	2759
189908531	-1	2364	15470238	-1	2759
189908531	-1	2364	102719918	-1	2759
189908531	-1	2364	379008128	-1	2759
189908531	-1	2364	277165003	-1	2759
189908531	-1	2364	189969399	-1	2759
189908531	-1	2364	306300332	-1	2759
189908531	-1	2364	175632550	-1	2759
189908531	-1	2364	291759593	-1	2759
189908531	-1	2364	248321954	-1	2759
189908531	-1	2364	180881182	-1	2762
189908531	-1	2364	102965057	-1	2762
189908531	-1	2364	190213389	-1	2762
189908531	-1	2364	292137722	-1	2762
189908531	-1	2364	335582408	-1	2762
189908531	-1	2364	335427652	-1	2762
189908531	-1	2364	100122477	-1	2762
189908531	-1	2364	462555664	-1	2762
189908531	-1	2364	292067539	-1	2762
189908531	-1	2364	350163157	-1	2762
189908531	-1	2364	346629610	-1	2762
189908531	-1	2364	349820513	-1	2762
189908531	-1	2364	102751407	-1	2762
189908531	-1	2364	306536053	-1	2762
189908531	-1	2364	160884434	-1	2762
189908531	-1	2364	233594404	-1	2762
189908531	-1	2364	262677191	-1	2762
189908531	-1	2364	15470028	-1	2762
189908531	-1	2364	408399376	-1	2765
189908531	-1	2364	175361632	-1	2768
189908531	-1	2364	291699872	-1	2771
189908531	-1	2364	364512068	-1	2771
189908531	-1	2364	277406413	-1	2774
189908531	-1	2364	393787123	-1	2774
189908531	-1	2364	422678643	-1	2774
189908531	-1	2364	44597655	-1	2774
189908531	-1	2364	175425860	-1	2774
189908531	-1	2364	102751114	-1	2777
189908531	-1	2364	159248741	-1	2777
189908531	-1	2364	422819846	-1	2777
189908531	-1	2364	175426673	-1	2780
189908531	-1	2364	102853074	-1	2783
189908531	-1	2364	102719649	-1	2786
189908531	-1	2364	117445916	-1	2789
189908531	-1	2364	379197627	-1	2789
189908531	-1	2364	51791495	-1	2792
189908531	-1	2364	175613886	-1	2798
189908531	-1	2364	24962471	-1	2813
189908531	-1	2364	160831872	-1	2819
189908531	-1	2364	289287916	-1	2819
189908531	-1	2364	190204170	-1	2819
189908531	-1	2364	15697772	-1	2825
189908531	-1	2364	451664292	-1	2825
189908531	-1	2364	219096166	-1	2837
189908531	-1	2364	262722883	-1	2837
189908531	-1	2364	306593832	-1	2861
189908531	-1	2364	54658254	-1	2861
189908531	-1	2364	335543897	-1	2921
100086900	-1	16416	320948338	-1	16383
100086900	-1	16416	168628229	-1	16383
100086900	-1	16416	175306731	-1	16383
100086900	-1	16416	248346087	-1	16386
100086900	-1	16416	88498197	-1	16386
100086900	-1	16416	175621385	-1	16404
100086900	-1	16416	277326255	-1	16407
100086900	-1	16416	408068264	-1	16407
100086900	-1	16416	330063519	-1	16407
100086900	-1	16416	108852312	-1	16407
100086900	-1	16416	24045684	-1	16407
100086900	-1	16416	318755847	-1	16407
100086900	-1	16416	157167031	-1	16407
100086900	-1	16416	286133002	-1	16407
100086900	-1	16416	371441311	-1	16407
100086900	-1	16416	357238897	-1	16407
100086900	-1	16416	100086900	-1	16416
100086900	-1	16416	269210837	-1	16416
100086900	-1	16416	374551639	-1	16416
100086900	-1	16416	364657812	-1	16416
100086900	-1	16416	70581724	-1	16416
100086900	-1	16416	15788747	-1	16416
100086900	-1	16416	189955970	-1	16416
100086900	-1	16416	349996598	-1	16416
100086900	-1	16416	306406810	-1	16419
100086900	-1	16416	161097422	-1	16419
100086900	-1	16416	190072200	-1	16419
100086900	-1	16416	335488959	-1	16419
100086900	-1	16416	379329277	-1	16425
100086900	-1	16416	303385205	-1	16425
100086900	-1	16416	15574870	-1	16425
100086900	-1	16416	161189775	-1	16425
100086900	-1	16416	132120250	-1	16458
100086900	-1	16416	306620119	-1	16467
100086900	-1	16416	422589919	-1	16509
100086900	-1	16416	868053	-1	16584
100086900	-1	16416	335596091	-1	16641
100086900	-1	16416	262887460	-1	16671
 