516251	1	541	4.999E-152	9	4800	7602	108	64	0.695	4.856E-10	191	234	941	4800	4931	132	4800	4937
516251	1	541	4.999E-152	9	4800	7602	112	74	0.897	2.097E-13	229	266	941	4979	5092	114	4970	5101
516251	1	541	4.999E-152	9	4800	7602	124	70	0.443	4.995E-11	282	364	941	5310	5564	255	5292	5609
516251	1	541	4.999E-152	9	4800	7602	130	54	0.445	1.889E-05	377	440	941	5795	5986	192	5705	6013
516251	1	541	4.999E-152	9	4800	7602	137	80	0.519	1.086E-14	442	519	941	6058	6294	237	6037	6297
516251	1	541	4.999E-152	9	4800	7602	147	79	0.644	6.500E-15	580	637	941	6694	6873	180	6688	6876
516251	1	541	4.999E-152	9	4800	7602	151	60	0.740	2.213E-08	637	674	941	6972	7085	114	6969	7124
516251	1	541	4.999E-152	9	4800	7602	156	68	0.539	4.448E-11	674	737	941	7151	7342	192	7139	7342
516251	1	541	4.999E-152	9	4800	7602	162	71	0.535	8.799E-12	738	804	941	7405	7602	198	7384	7605
29865450	1	198	8.957E-49	3	6697	7342	147	73	0.625	1.052E-12	82	135	303	6697	6867	171	6688	6876
29865450	1	198	8.957E-49	3	6697	7342	151	58	0.718	1.090E-07	137	174	303	6972	7085	114	6969	7124
29865450	1	198	8.957E-49	3	6697	7342	156	66	0.521	4.125E-10	174	237	303	7151	7342	192	7139	7342
44288745	1	227	1.668E-57	5	5200	6873	118	31	0.698	7.893E+01	102	121	567	5200	5259	60	5197	5277
44288745	1	227	1.668E-57	5	5200	6873	124	64	0.411	7.867E-09	118	199	567	5310	5564	255	5292	5609
44288745	1	227	1.668E-57	5	5200	6873	137	81	0.525	4.193E-15	276	353	567	6055	6291	237	6037	6297
44288745	1	227	1.668E-57	5	5200	6873	144	83	0.702	1.817E-14	355	411	567	6467	6637	171	6266	6754
44288745	1	227	1.668E-57	5	5200	6873	147	57	0.566	2.600E-07	427	476	567	6724	6873	150	6688	6876
44570309	1	508	4.294E-142	9	4649	7602	102	55	0.781	4.613E-07	103	135	705	4649	4744	96	4616	4744
44570309	1	508	4.294E-142	9	4649	7602	108	67	0.825	3.798E-11	131	168	705	4800	4913	114	4800	4937
44570309	1	508	4.294E-142	9	4649	7602	112	70	1.000	2.675E-12	173	204	705	4997	5092	96	4970	5101
44570309	1	508	4.294E-142	9	4649	7602	118	35	0.785	3.163E+00	204	223	705	5200	5259	60	5197	5277
44570309	1	508	4.294E-142	9	4649	7602	124	86	0.532	1.594E-16	220	302	705	5310	5558	249	5292	5609
44570309	1	508	4.294E-142	9	4649	7602	130	80	0.644	1.613E-14	318	378	705	5804	5986	183	5705	6013
44570309	1	508	4.294E-142	9	4649	7602	144	91	0.758	4.752E-17	457	513	705	6467	6637	171	6266	6754
44570309	1	508	4.294E-142	9	4649	7602	156	93	0.719	1.703E-19	574	634	705	7151	7336	186	7139	7342
44570309	1	508	4.294E-142	9	4649	7602	162	84	0.628	1.794E-16	637	702	705	7405	7602	198	7384	7605
55652852	1	162	6.155E-38	7	4270	7593	98	133	0.626	2.653E-32	44	149	796	4270	4587	318	4213	4596
55652852	1	162	6.155E-38	7	4270	7593	102	51	0.739	2.131E-05	148	179	796	4652	4744	93	4616	4744
55652852	1	162	6.155E-38	7	4270	7593	118	31	0.706	5.719E+01	251	270	796	5200	5259	60	5197	5277
55652852	1	162	6.155E-38	7	4270	7593	124	62	0.401	3.821E-08	267	348	796	5310	5564	255	5292	5609
55652852	1	162	6.155E-38	7	4270	7593	137	76	0.468	3.559E-13	422	505	796	6037	6291	255	6037	6297
55652852	1	162	6.155E-38	7	4270	7593	147	59	0.468	5.282E-08	563	628	796	6688	6873	186	6688	6876
55652852	1	162	6.155E-38	7	4270	7593	162	49	0.415	3.515E-04	731	792	796	7405	7593	189	7384	7605
58949717	1	297	1.413E-78	7	4800	7342	108	54	0.618	1.941E-06	85	126	690	4800	4925	126	4800	4937
58949717	1	297	1.413E-78	7	4800	7342	112	63	0.910	8.260E-10	129	160	690	4997	5092	96	4970	5101
58949717	1	297	1.413E-78	7	4800	7342	124	70	0.433	6.853E-11	172	256	690	5298	5558	261	5292	5609
58949717	1	297	1.413E-78	7	4800	7342	130	61	0.443	8.752E-08	265	331	690	5768	5986	219	5705	6013
58949717	1	297	1.413E-78	7	4800	7342	147	67	0.584	9.050E-11	469	522	690	6697	6867	171	6688	6876
58949717	1	297	1.413E-78	7	4800	7342	151	60	0.745	1.609E-08	524	561	690	6972	7085	114	6969	7124
58949717	1	297	1.413E-78	7	4800	7342	156	71	0.558	4.800E-12	561	624	690	7151	7342	192	7139	7342
98494608	1	124	1.692E-26	1	4240	4587	98	124	0.541	3.792E-29	43	160	175	4240	4587	348	4213	4596
102009506	1	166	3.847E-39	8	4261	7342	98	131	0.606	9.387E-32	39	147	888	4261	4587	327	4213	4596
102009506	1	166	3.847E-39	8	4261	7342	102	48	0.707	1.451E-04	146	177	888	4652	4744	93	4616	4744
102009506	1	166	3.847E-39	8	4261	7342	118	33	0.732	2.177E+01	249	268	888	5200	5259	60	5197	5277
102009506	1	166	3.847E-39	8	4261	7342	124	54	0.381	2.118E-05	261	335	888	5298	5534	237	5292	5609
102009506	1	166	3.847E-39	8	4261	7342	130	46	0.538	1.431E-02	485	526	888	5861	5986	126	5705	6013
102009506	1	166	3.847E-39	8	4261	7342	144	78	0.499	1.054E-12	595	670	888	6437	6679	243	6266	6754
102009506	1	166	3.847E-39	8	4261	7342	151	53	0.660	6.911E-06	725	761	888	6972	7085	114	6969	7124
102009506	1	166	3.847E-39	8	4261	7342	156	63	0.503	3.828E-09	761	822	888	7151	7342	192	7139	7342
102128950	1	576	1.455E-162	10	4267	7602	98	147	0.676	4.189E-37	0	106	745	4267	4587	321	4213	4596
102128950	1	576	1.455E-162	10	4267	7602	102	47	0.667	5.219E-04	104	136	745	4649	4744	96	4616	4744
102128950	1	576	1.455E-162	10	4267	7602	108	58	0.646	7.975E-08	132	174	745	4800	4928	129	4800	4937
102128950	1	576	1.455E-162	10	4267	7602	112	69	0.932	9.557E-12	174	207	745	4991	5092	102	4970	5101
102128950	1	576	1.455E-162	10	4267	7602	124	66	0.419	2.221E-09	223	305	745	5310	5564	255	5292	5609
102128950	1	576	1.455E-162	10	4267	7602	130	63	0.515	1.800E-08	320	381	745	5804	5986	183	5705	6013
102128950	1	576	1.455E-162	10	4267	7602	147	78	0.633	2.318E-14	520	576	745	6694	6873	180	6688	6876
102128950	1	576	1.455E-162	10	4267	7602	151	61	0.758	6.181E-09	576	613	745	6972	7085	114	6969	7124
102128950	1	576	1.455E-162	10	4267	7602	156	76	0.592	7.698E-14	613	676	745	7151	7342	192	7139	7342
102128950	1	576	1.455E-162	10	4267	7602	162	70	0.539	1.209E-11	677	741	745	7405	7602	198	7384	7605
102145315	1	125	8.460E-27	7	4270	7596	98	123	0.585	9.779E-29	45	149	782	4270	4587	318	4213	4596
102145315	1	125	8.460E-27	7	4270	7596	102	48	0.701	1.998E-04	148	179	782	4652	4744	93	4616	4744
102145315	1	125	8.460E-27	7	4270	7596	118	32	0.715	4.144E+01	250	269	782	5200	5259	60	5197	5277
102145315	1	125	8.460E-27	7	4270	7596	124	62	0.386	5.242E-08	262	347	782	5298	5564	267	5292	5609
102145315	1	125	8.460E-27	7	4270	7596	130	53	0.405	4.875E-05	350	417	782	5774	5986	213	5705	6013
102145315	1	125	8.460E-27	7	4270	7596	156	55	0.450	2.237E-06	655	716	782	7151	7342	192	7139	7342
102145315	1	125	8.460E-27	7	4270	7596	162	61	0.489	2.496E-08	717	779	782	7405	7596	192	7384	7605
102250303	1	430	1.298E-118	8	4270	6873	98	124	0.589	2.016E-29	199	305	947	4270	4587	318	4213	4596
102250303	1	430	1.298E-118	8	4270	6873	102	51	0.719	2.131E-05	303	335	947	4649	4744	96	4616	4744
102250303	1	430	1.298E-118	8	4270	6873	112	52	0.703	6.262E-06	373	407	947	4988	5092	105	4970	5101
102250303	1	430	1.298E-118	8	4270	6873	118	33	0.732	2.177E+01	407	426	947	5200	5259	60	5197	5277
102250303	1	430	1.298E-118	8	4270	6873	124	68	0.429	4.570E-10	423	504	947	5310	5564	255	5292	5609
102250303	1	430	1.298E-118	8	4270	6873	130	50	0.364	6.099E-04	503	579	947	5759	5986	228	5705	6013
102250303	1	430	1.298E-118	8	4270	6873	137	89	0.572	1.013E-17	581	657	947	6058	6291	234	6037	6297
102250303	1	430	1.298E-118	8	4270	6873	147	61	0.525	1.074E-08	722	780	947	6700	6873	174	6688	6876
102313391	1	123	3.384E-26	1	4213	4587	98	123	0.513	9.779E-29	64	186	243	4213	4587	375	4213	4596
131774036	1	1347	0.000E+00	13	4267	7602	98	196	0.870	4.068E-54	0	106	764	4267	4587	321	4213	4596
131774036	1	1347	0.000E+00	13	4267	7602	102	61	0.877	5.301E-09	105	136	764	4652	4744	93	4616	4744
131774036	1	1347	0.000E+00	13	4267	7602	108	73	0.784	3.206E-13	132	175	764	4800	4931	132	4800	4937
131774036	1	1347	0.000E+00	13	4267	7602	112	79	1.000	2.443E-15	174	208	764	4991	5095	105	4970	5101
131774036	1	1347	0.000E+00	13	4267	7602	118	47	1.000	2.122E-04	226	246	764	5197	5259	63	5197	5277
131774036	1	1347	0.000E+00	13	4267	7602	124	120	0.689	3.326E-28	243	327	764	5310	5564	255	5292	5609
131774036	1	1347	0.000E+00	13	4267	7602	130	114	0.744	2.431E-26	327	400	764	5765	5986	222	5705	6013
131774036	1	1347	0.000E+00	13	4267	7602	137	143	0.868	1.048E-36	402	479	764	6058	6291	234	6037	6297
131774036	1	1347	0.000E+00	13	4267	7602	144	106	0.874	2.308E-22	481	537	764	6467	6637	171	6266	6754
131774036	1	1347	0.000E+00	13	4267	7602	147	113	0.857	1.247E-26	537	595	764	6688	6873	186	6688	6876
131774036	1	1347	0.000E+00	13	4267	7602	151	75	0.910	1.229E-13	595	632	764	6972	7085	114	6969	7124
131774036	1	1347	0.000E+00	13	4267	7602	156	121	0.892	1.502E-29	632	695	764	7151	7342	192	7139	7342
131774036	1	1347	0.000E+00	13	4267	7602	162	105	0.761	1.226E-23	696	761	764	7405	7602	198	7384	7605
160297355	1	522	2.621E-146	9	4264	7605	98	153	0.696	2.673E-39	45	151	875	4264	4587	324	4213	4596
160297355	1	522	2.621E-146	9	4264	7605	108	63	0.701	9.185E-10	176	218	875	4800	4928	129	4800	4937
160297355	1	522	2.621E-146	9	4264	7605	112	70	0.861	2.675E-12	214	251	875	4979	5092	114	4970	5101
160297355	1	522	2.621E-146	9	4264	7605	124	65	0.421	3.047E-09	267	348	875	5310	5561	252	5292	5609
160297355	1	522	2.621E-146	9	4264	7605	130	61	0.486	6.379E-08	365	429	875	5804	5998	195	5705	6013
160297355	1	522	2.621E-146	9	4264	7605	147	78	0.638	1.227E-14	564	620	875	6694	6873	180	6688	6876
160297355	1	522	2.621E-146	9	4264	7605	151	61	0.749	1.169E-08	620	657	875	6972	7085	114	6969	7124
160297355	1	522	2.621E-146	9	4264	7605	156	75	0.600	1.998E-13	657	718	875	7151	7336	186	7139	7342
160297355	1	522	2.621E-146	9	4264	7605	162	78	0.580	2.887E-14	721	787	875	7405	7605	201	7384	7605
160856086	1	1478	0.000E+00	13	4225	7605	98	226	0.886	1.524E-64	27	147	787	4225	4587	363	4213	4596
160856086	1	1478	0.000E+00	13	4225	7605	102	61	0.883	3.854E-09	146	177	787	4652	4744	93	4616	4744
160856086	1	1478	0.000E+00	13	4225	7605	108	79	0.845	1.976E-15	173	216	787	4800	4931	132	4800	4937
160856086	1	1478	0.000E+00	13	4225	7605	112	76	1.000	2.263E-14	215	248	787	4991	5092	102	4970	5101
160856086	1	1478	0.000E+00	13	4225	7605	118	45	1.000	7.622E-04	248	267	787	5200	5259	60	5197	5277
160856086	1	1478	0.000E+00	13	4225	7605	124	139	0.776	8.460E-35	264	349	787	5310	5567	258	5292	5609
160856086	1	1478	0.000E+00	13	4225	7605	130	123	0.794	2.303E-29	348	421	787	5765	5986	222	5705	6013
160856086	1	1478	0.000E+00	13	4225	7605	137	145	0.879	2.153E-37	423	500	787	6058	6291	234	6037	6297
160856086	1	1478	0.000E+00	13	4225	7605	144	117	0.959	2.539E-26	502	558	787	6467	6637	171	6266	6754
160856086	1	1478	0.000E+00	13	4225	7605	147	130	0.974	1.502E-32	558	619	787	6688	6873	186	6688	6876
160856086	1	1478	0.000E+00	13	4225	7605	151	78	0.951	7.020E-15	619	656	787	6972	7085	114	6969	7124
160856086	1	1478	0.000E+00	13	4225	7605	156	136	0.989	1.218E-34	656	719	787	7151	7342	192	7139	7342
160856086	1	1478	0.000E+00	13	4225	7605	162	114	0.809	8.355E-27	720	786	787	7405	7605	201	7384	7605
174704609	1	150	2.521E-34	7	4270	7593	98	125	0.590	1.470E-29	36	142	779	4270	4587	318	4213	4596
174704609	1	150	2.521E-34	7	4270	7593	102	51	0.744	1.548E-05	141	172	779	4652	4744	93	4616	4744
174704609	1	150	2.521E-34	7	4270	7593	112	55	0.667	9.214E-07	199	237	779	4976	5092	117	4970	5101
174704609	1	150	2.521E-34	7	4270	7593	124	61	0.401	7.190E-08	254	335	779	5313	5564	252	5292	5609
174704609	1	150	2.521E-34	7	4270	7593	130	48	0.354	4.052E-03	335	410	779	5765	5986	222	5705	6013
174704609	1	150	2.521E-34	7	4270	7593	151	57	0.709	2.063E-07	611	648	779	6972	7085	114	6969	7124
174704609	1	150	2.521E-34	7	4270	7593	162	52	0.437	2.747E-05	713	775	779	7405	7593	189	7384	7605
174757149	1	264	1.214E-68	7	4255	7085	98	121	0.559	2.522E-28	39	148	781	4255	4587	333	4213	4596
174757149	1	264	1.214E-68	7	4255	7085	102	49	0.801	1.054E-04	147	174	781	4652	4735	84	4616	4744
174757149	1	264	1.214E-68	7	4255	7085	118	34	0.767	6.014E+00	250	269	781	5200	5259	60	5197	5277
174757149	1	264	1.214E-68	7	4255	7085	124	62	0.386	5.242E-08	262	347	781	5298	5564	267	5292	5609
174757149	1	264	1.214E-68	7	4255	7085	137	83	0.534	1.179E-15	420	497	781	6055	6291	237	6037	6297
174757149	1	264	1.214E-68	7	4255	7085	144	76	0.659	5.016E-12	499	554	781	6467	6634	168	6266	6754
174757149	1	264	1.214E-68	7	4255	7085	151	50	0.633	4.700E-05	619	655	781	6972	7085	114	6969	7124
174783433	1	304	1.104E-80	8	4270	7596	98	130	0.614	3.321E-31	45	149	781	4270	4587	318	4213	4596
174783433	1	304	1.104E-80	8	4270	7596	102	49	0.801	1.054E-04	148	175	781	4652	4735	84	4616	4744
174783433	1	304	1.104E-80	8	4270	7596	124	61	0.436	1.353E-07	267	337	781	5310	5531	222	5292	5609
174783433	1	304	1.104E-80	8	4270	7596	130	46	0.366	1.431E-02	354	422	781	5777	5986	210	5705	6013
174783433	1	304	1.104E-80	8	4270	7596	144	79	0.656	3.024E-13	501	559	781	6467	6643	177	6266	6754
174783433	1	304	1.104E-80	8	4270	7596	151	57	0.713	1.500E-07	620	657	781	6972	7085	114	6969	7124
174783433	1	304	1.104E-80	8	4270	7596	156	57	0.461	6.252E-07	657	716	781	7151	7342	192	7139	7342
174783433	1	304	1.104E-80	8	4270	7596	162	60	0.482	6.483E-08	717	779	781	7405	7596	192	7384	7605
182930196	1	1586	0.000E+00	13	4222	7605	98	239	0.925	4.529E-69	23	144	784	4222	4587	366	4213	4596
182930196	1	1586	0.000E+00	13	4222	7605	102	61	0.883	3.854E-09	143	174	784	4652	4744	93	4616	4744
182930196	1	1586	0.000E+00	13	4222	7605	108	83	0.917	1.131E-16	170	211	784	4800	4925	126	4800	4937
182930196	1	1586	0.000E+00	13	4222	7605	112	75	1.000	5.875E-14	214	245	784	4997	5092	96	4970	5101
182930196	1	1586	0.000E+00	13	4222	7605	118	47	1.000	1.542E-04	245	264	784	5200	5259	60	5197	5277
182930196	1	1586	0.000E+00	13	4222	7605	124	160	0.879	4.443E-42	261	346	784	5310	5567	258	5292	5609
182930196	1	1586	0.000E+00	13	4222	7605	130	138	0.891	1.383E-34	345	417	784	5765	5983	219	5705	6013
182930196	1	1586	0.000E+00	13	4222	7605	137	163	0.967	1.026E-43	419	497	784	6055	6291	237	6037	6297
182930196	1	1586	0.000E+00	13	4222	7605	144	121	0.983	2.050E-27	499	555	784	6467	6637	171	6266	6754
182930196	1	1586	0.000E+00	13	4222	7605	147	135	1.000	2.444E-34	555	616	784	6688	6873	186	6688	6876
182930196	1	1586	0.000E+00	13	4222	7605	151	83	1.000	1.548E-16	616	653	784	6972	7085	114	6969	7124
182930196	1	1586	0.000E+00	13	4222	7605	156	137	0.994	6.465E-35	653	716	784	7151	7342	192	7139	7342
182930196	1	1586	0.000E+00	13	4222	7605	162	135	0.944	3.102E-34	717	783	784	7405	7605	201	7384	7605
189502112	1	469	2.361E-130	9	4261	7602	98	141	0.639	3.490E-35	40	149	789	4261	4587	327	4213	4596
189502112	1	469	2.361E-130	9	4261	7602	108	61	0.677	6.218E-09	175	217	789	4800	4928	129	4800	4937
189502112	1	469	2.361E-130	9	4261	7602	112	64	0.789	4.367E-10	213	250	789	4979	5092	114	4970	5101
189502112	1	469	2.361E-130	9	4261	7602	124	72	0.449	1.934E-11	266	348	789	5310	5564	255	5292	5609
189502112	1	469	2.361E-130	9	4261	7602	130	49	0.423	1.572E-03	364	424	789	5804	5986	183	5705	6013
189502112	1	469	2.361E-130	9	4261	7602	147	78	0.636	1.687E-14	563	621	789	6694	6873	180	6688	6876
189502112	1	469	2.361E-130	9	4261	7602	151	52	0.655	9.512E-06	621	657	789	6972	7085	114	6969	7124
189502112	1	469	2.361E-130	9	4261	7602	156	65	0.516	7.795E-10	657	720	789	7151	7342	192	7139	7342
189502112	1	469	2.361E-130	9	4261	7602	162	71	0.535	8.799E-12	721	787	789	7405	7602	198	7384	7605
189555289	1	349	3.138E-94	8	4264	7605	98	151	0.686	1.779E-38	45	151	905	4264	4587	324	4213	4596
189555289	1	349	3.138E-94	8	4264	7605	108	63	0.701	9.185E-10	176	218	905	4800	4928	129	4800	4937
189555289	1	349	3.138E-94	8	4264	7605	112	69	0.848	6.951E-12	214	251	905	4979	5092	114	4970	5101
189555289	1	349	3.138E-94	8	4264	7605	130	62	0.521	4.649E-08	365	424	905	5804	5983	180	5705	6013
189555289	1	349	3.138E-94	8	4264	7605	147	78	0.633	2.318E-14	572	628	905	6694	6873	180	6688	6876
189555289	1	349	3.138E-94	8	4264	7605	151	61	0.754	8.502E-09	628	665	905	6972	7085	114	6969	7124
189555289	1	349	3.138E-94	8	4264	7605	156	70	0.564	1.246E-11	665	726	905	7151	7336	186	7139	7342
189555289	1	349	3.138E-94	8	4264	7605	162	75	0.560	3.667E-13	729	795	905	7405	7605	201	7384	7605
218387248	1	120	2.707E-25	9	4261	7593	98	130	0.603	1.766E-31	31	139	918	4261	4587	327	4213	4596
218387248	1	120	2.707E-25	9	4261	7593	102	50	0.728	4.039E-05	138	169	918	4652	4744	93	4616	4744
218387248	1	120	2.707E-25	9	4261	7593	112	53	0.793	3.305E-06	211	241	918	5000	5092	93	4970	5101
218387248	1	120	2.707E-25	9	4261	7593	118	31	0.698	7.893E+01	241	260	918	5200	5259	60	5197	5277
218387248	1	120	2.707E-25	9	4261	7593	124	53	0.344	3.982E-05	253	339	918	5298	5567	270	5292	5609
218387248	1	120	2.707E-25	9	4261	7593	130	42	0.539	3.339E-01	517	554	918	5873	5986	114	5705	6013
218387248	1	120	2.707E-25	9	4261	7593	144	81	0.709	8.669E-14	634	688	918	6470	6634	165	6266	6754
218387248	1	120	2.707E-25	9	4261	7593	151	49	0.693	1.688E-04	757	789	918	6987	7085	99	6969	7124
218387248	1	120	2.707E-25	9	4261	7593	162	52	0.437	2.747E-05	851	912	918	7405	7593	189	7384	7605
218627870	1	405	4.355E-111	7	4270	6873	98	124	0.590	3.792E-29	115	220	864	4270	4587	318	4213	4596
218627870	1	405	4.355E-111	7	4270	6873	102	48	0.770	1.451E-04	218	246	864	4649	4735	87	4616	4744
218627870	1	405	4.355E-111	7	4270	6873	112	53	0.570	2.402E-06	277	322	864	4970	5092	123	4970	5101
218627870	1	405	4.355E-111	7	4270	6873	124	68	0.439	3.331E-10	338	417	864	5310	5558	249	5292	5609
218627870	1	405	4.355E-111	7	4270	6873	137	89	0.574	7.378E-18	496	572	864	6058	6291	234	6037	6297
218627870	1	405	4.355E-111	7	4270	6873	144	76	0.652	3.672E-12	574	630	864	6467	6637	171	6266	6754
218627870	1	405	4.355E-111	7	4270	6873	147	64	0.498	1.155E-09	630	695	864	6688	6873	186	6688	6876
247546083	1	369	2.993E-100	8	4800	7602	108	60	0.670	1.176E-08	135	177	888	4800	4928	129	4800	4937
247546083	1	369	2.993E-100	8	4800	7602	112	70	0.852	5.056E-12	173	210	888	4979	5092	114	4970	5101
247546083	1	369	2.993E-100	8	4800	7602	124	70	0.443	4.995E-11	226	308	888	5310	5564	255	5292	5609
247546083	1	369	2.993E-100	8	4800	7602	130	55	0.447	1.377E-05	321	384	888	5795	5986	192	5705	6013
247546083	1	369	2.993E-100	8	4800	7602	147	78	0.633	2.318E-14	524	581	888	6694	6873	180	6688	6876
247546083	1	369	2.993E-100	8	4800	7602	151	60	0.740	2.213E-08	581	618	888	6972	7085	114	6969	7124
247546083	1	369	2.993E-100	8	4800	7602	156	68	0.534	8.404E-11	618	681	888	7151	7342	192	7139	7342
247546083	1	369	2.993E-100	8	4800	7602	162	68	0.518	8.144E-11	682	748	888	7405	7602	198	7384	7605
248106925	1	1126	0.000E+00	12	4261	7593	98	177	0.791	8.327E-48	96	203	839	4261	4584	324	4213	4596
248106925	1	1126	0.000E+00	12	4261	7593	108	72	0.768	1.145E-12	225	268	839	4800	4931	132	4800	4937
248106925	1	1126	0.000E+00	12	4261	7593	112	73	0.888	3.963E-13	263	300	839	4979	5092	114	4970	5101
248106925	1	1126	0.000E+00	12	4261	7593	118	43	0.959	5.195E-03	300	319	839	5200	5259	60	5197	5277
248106925	1	1126	0.000E+00	12	4261	7593	124	100	0.594	3.389E-21	316	399	839	5310	5561	252	5292	5609
248106925	1	1126	0.000E+00	12	4261	7593	130	74	0.513	2.554E-12	402	475	839	5765	5986	222	5705	6013
248106925	1	1126	0.000E+00	12	4261	7593	137	128	0.787	1.758E-31	477	554	839	6058	6291	234	6037	6297
248106925	1	1126	0.000E+00	12	4261	7593	144	98	0.747	1.230E-19	556	615	839	6467	6655	189	6266	6754
248106925	1	1126	0.000E+00	12	4261	7593	147	114	0.904	4.816E-27	615	673	839	6697	6873	177	6688	6876
248106925	1	1126	0.000E+00	12	4261	7593	151	68	0.834	2.748E-11	673	710	839	6972	7085	114	6969	7124
248106925	1	1126	0.000E+00	12	4261	7593	156	104	0.787	1.718E-23	710	772	839	7151	7339	189	7139	7342
248106925	1	1126	0.000E+00	12	4261	7593	162	87	0.660	2.671E-17	773	836	839	7402	7593	192	7384	7605
284576320	1	358	6.129E-97	9	4264	7602	98	141	0.651	2.545E-35	6	112	780	4264	4587	324	4213	4596
284576320	1	358	6.129E-97	9	4264	7602	102	46	0.662	7.188E-04	110	142	780	4649	4744	96	4616	4744
284576320	1	358	6.129E-97	9	4264	7602	108	60	0.740	1.618E-08	138	175	780	4800	4913	114	4800	4937
284576320	1	358	6.129E-97	9	4264	7602	112	69	0.937	6.951E-12	180	213	780	4991	5092	102	4970	5101
284576320	1	358	6.129E-97	9	4264	7602	118	34	0.776	4.361E+00	213	232	780	5200	5259	60	5197	5277
284576320	1	358	6.129E-97	9	4264	7602	124	75	0.466	1.122E-12	229	312	780	5310	5564	255	5292	5609
284576320	1	358	6.129E-97	9	4264	7602	147	85	0.625	5.534E-17	526	592	780	6694	6873	180	6688	6876
284576320	1	358	6.129E-97	9	4264	7602	151	62	0.763	4.494E-09	592	629	780	6972	7085	114	6969	7124
284576320	1	358	6.129E-97	9	4264	7602	162	83	0.610	6.389E-16	712	778	780	7402	7602	201	7384	7605
289052005	1	151	1.261E-34	9	4270	7593	98	126	0.598	7.816E-30	15	120	908	4270	4587	318	4213	4596
289052005	1	151	1.261E-34	9	4270	7593	102	48	0.696	2.752E-04	119	150	908	4652	4744	93	4616	4744
289052005	1	151	1.261E-34	9	4270	7593	112	54	0.804	1.745E-06	192	222	908	5000	5092	93	4970	5101
289052005	1	151	1.261E-34	9	4270	7593	118	31	0.698	7.893E+01	222	241	908	5200	5259	60	5197	5277
289052005	1	151	1.261E-34	9	4270	7593	124	51	0.353	3.625E-04	234	312	908	5298	5543	246	5292	5609
289052005	1	151	1.261E-34	9	4270	7593	130	43	0.505	1.779E-01	505	546	908	5861	5986	126	5705	6013
289052005	1	151	1.261E-34	9	4270	7593	144	81	0.465	6.343E-14	625	717	908	6467	6727	261	6266	6754
289052005	1	151	1.261E-34	9	4270	7593	151	54	0.678	1.927E-06	745	781	908	6972	7085	114	6969	7124
289052005	1	151	1.261E-34	9	4270	7593	162	57	0.472	4.376E-07	843	904	908	7405	7593	189	7384	7605
291057302	1	330	1.645E-88	7	4270	6873	98	121	0.579	3.459E-28	33	138	787	4270	4587	318	4213	4596
291057302	1	330	1.645E-88	7	4270	6873	102	55	0.781	4.613E-07	136	168	787	4649	4744	96	4616	4744
291057302	1	330	1.645E-88	7	4270	6873	118	31	0.706	5.719E+01	240	259	787	5200	5259	60	5197	5277
291057302	1	330	1.645E-88	7	4270	6873	124	63	0.399	2.031E-08	256	339	787	5310	5570	261	5292	5609
291057302	1	330	1.645E-88	7	4270	6873	130	42	0.324	4.574E-01	337	411	787	5765	5986	222	5705	6013
291057302	1	330	1.645E-88	7	4270	6873	137	84	0.548	3.316E-16	413	489	787	6058	6291	234	6037	6297
291057302	1	330	1.645E-88	7	4270	6873	147	62	0.483	7.809E-09	547	612	787	6688	6873	186	6688	6876
291182522	1	466	1.889E-129	8	4249	6637	98	127	0.572	3.030E-30	35	147	778	4249	4587	339	4213	4596
291182522	1	466	1.889E-129	8	4249	6637	102	44	0.733	3.564E-03	146	173	778	4652	4735	84	4616	4744
291182522	1	466	1.889E-129	8	4249	6637	112	54	0.727	1.268E-06	215	249	778	4988	5092	105	4970	5101
291182522	1	466	1.889E-129	8	4249	6637	118	36	0.820	8.755E-01	249	268	778	5200	5259	60	5197	5277
291182522	1	466	1.889E-129	8	4249	6637	124	57	0.400	2.323E-06	265	338	778	5310	5543	234	5292	5609
291182522	1	466	1.889E-129	8	4249	6637	130	48	0.384	2.156E-03	353	420	778	5780	5986	207	5705	6013
291182522	1	466	1.889E-129	8	4249	6637	137	75	0.492	6.714E-13	421	498	778	6055	6291	237	6037	6297
291182522	1	466	1.889E-129	8	4249	6637	144	74	0.634	2.384E-11	500	556	778	6467	6637	171	6266	6754
306097647	1	53	3.995E-05	1	7405	7593	162	53	0.439	1.998E-05	44	105	109	7405	7593	189	7384	7605
320488936	1	111	1.386E-22	7	4243	7593	98	124	0.555	2.016E-29	34	147	784	4243	4587	345	4213	4596
320488936	1	111	1.386E-22	7	4243	7593	102	50	0.733	2.934E-05	146	177	784	4652	4744	93	4616	4744
320488936	1	111	1.386E-22	7	4243	7593	118	34	0.767	6.014E+00	249	268	784	5200	5259	60	5197	5277
320488936	1	111	1.386E-22	7	4243	7593	124	63	0.452	1.480E-08	265	334	784	5310	5531	222	5292	5609
320488936	1	111	1.386E-22	7	4243	7593	130	56	0.417	5.337E-06	349	419	784	5771	5986	216	5705	6013
320488936	1	111	1.386E-22	7	4243	7593	151	55	0.686	1.018E-06	616	653	784	6972	7085	114	6969	7124
320488936	1	111	1.386E-22	7	4243	7593	162	65	0.522	1.037E-09	713	774	784	7405	7593	189	7384	7605
334861189	1	166	3.847E-39	8	4261	7342	98	131	0.606	9.387E-32	39	147	888	4261	4587	327	4213	4596
334861189	1	166	3.847E-39	8	4261	7342	102	48	0.707	1.451E-04	146	177	888	4652	4744	93	4616	4744
334861189	1	166	3.847E-39	8	4261	7342	118	33	0.732	2.177E+01	249	268	888	5200	5259	60	5197	5277
334861189	1	166	3.847E-39	8	4261	7342	124	54	0.381	2.118E-05	261	335	888	5298	5534	237	5292	5609
334861189	1	166	3.847E-39	8	4261	7342	130	46	0.538	1.431E-02	485	526	888	5861	5986	126	5705	6013
334861189	1	166	3.847E-39	8	4261	7342	144	78	0.499	1.054E-12	595	670	888	6437	6679	243	6266	6754
334861189	1	166	3.847E-39	8	4261	7342	151	53	0.660	6.911E-06	725	761	888	6972	7085	114	6969	7124
334861189	1	166	3.847E-39	8	4261	7342	156	63	0.503	3.828E-09	761	822	888	7151	7342	192	7139	7342
335533173	1	1012	8.199E-294	12	4264	7602	98	183	0.812	1.371E-49	32	139	779	4264	4587	324	4213	4596
335533173	1	1012	8.199E-294	12	4264	7602	102	54	0.787	1.202E-06	138	169	779	4652	4744	93	4616	4744
335533173	1	1012	8.199E-294	12	4264	7602	108	68	0.752	1.461E-11	165	207	779	4800	4928	129	4800	4937
335533173	1	1012	8.199E-294	12	4264	7602	112	70	0.947	3.678E-12	207	240	779	4991	5092	102	4970	5101
335533173	1	1012	8.199E-294	12	4264	7602	118	40	0.907	3.547E-02	240	259	779	5200	5259	60	5197	5277
335533173	1	1012	8.199E-294	12	4264	7602	124	103	0.618	1.965E-22	256	338	779	5310	5558	249	5292	5609
335533173	1	1012	8.199E-294	12	4264	7602	130	79	0.540	5.723E-14	342	415	779	5771	5986	216	5705	6013
335533173	1	1012	8.199E-294	12	4264	7602	144	98	0.817	8.990E-20	494	550	779	6467	6637	171	6266	6754
335533173	1	1012	8.199E-294	12	4264	7602	147	114	0.868	3.507E-27	550	611	779	6688	6873	186	6688	6876
335533173	1	1012	8.199E-294	12	4264	7602	151	74	0.906	1.689E-13	611	648	779	6972	7085	114	6969	7124
335533173	1	1012	8.199E-294	12	4264	7602	156	106	0.787	4.831E-24	648	711	779	7151	7342	192	7139	7342
335533173	1	1012	8.199E-294	12	4264	7602	162	95	0.697	3.407E-20	712	777	779	7405	7602	198	7384	7605
364106583	1	435	4.056E-120	9	4264	7605	98	149	0.680	6.294E-38	53	159	898	4264	4587	324	4213	4596
364106583	1	435	4.056E-120	9	4264	7605	108	59	0.649	2.226E-08	185	228	898	4800	4931	132	4800	4937
364106583	1	435	4.056E-120	9	4264	7605	112	71	0.866	1.946E-12	223	260	898	4979	5092	114	4970	5101
364106583	1	435	4.056E-120	9	4264	7605	118	32	0.715	4.144E+01	260	279	898	5200	5259	60	5197	5277
364106583	1	435	4.056E-120	9	4264	7605	144	82	0.718	3.395E-14	515	569	898	6470	6634	165	6266	6754
364106583	1	435	4.056E-120	9	4264	7605	147	84	0.681	1.045E-16	572	628	898	6694	6873	180	6688	6876
364106583	1	435	4.056E-120	9	4264	7605	151	59	0.727	5.760E-08	628	665	898	6972	7085	114	6969	7124
364106583	1	435	4.056E-120	9	4264	7605	156	79	0.629	6.058E-15	665	726	898	7151	7336	186	7139	7342
364106583	1	435	4.056E-120	9	4264	7605	162	77	0.573	7.488E-14	729	795	898	7405	7605	201	7384	7605
374138689	1	994	2.149E-288	12	4234	7605	98	163	0.683	7.240E-43	22	139	778	4234	4587	354	4213	4596
374138689	1	994	2.149E-288	12	4234	7605	102	53	0.776	2.277E-06	138	169	778	4652	4744	93	4616	4744
374138689	1	994	2.149E-288	12	4234	7605	108	61	0.652	6.218E-09	165	209	778	4800	4934	135	4800	4937
374138689	1	994	2.149E-288	12	4234	7605	118	35	0.793	2.294E+00	240	259	778	5200	5259	60	5197	5277
374138689	1	994	2.149E-288	12	4234	7605	124	86	0.551	2.188E-16	260	338	778	5322	5558	237	5292	5609
374138689	1	994	2.149E-288	12	4234	7605	130	72	0.443	1.243E-11	328	414	778	5729	5986	258	5705	6013
374138689	1	994	2.149E-288	12	4234	7605	137	108	0.672	1.327E-24	416	494	778	6058	6294	237	6037	6297
374138689	1	994	2.149E-288	12	4234	7605	144	88	0.764	3.111E-16	495	549	778	6467	6631	165	6266	6754
374138689	1	994	2.149E-288	12	4234	7605	147	96	0.776	7.621E-21	554	610	778	6697	6873	177	6688	6876
374138689	1	994	2.149E-288	12	4234	7605	151	66	0.816	9.822E-11	610	647	778	6972	7085	114	6969	7124
374138689	1	994	2.149E-288	12	4234	7605	156	102	0.763	8.391E-23	647	710	778	7151	7342	192	7139	7342
374138689	1	994	2.149E-288	12	4234	7605	162	93	0.673	2.286E-19	711	777	778	7405	7605	201	7384	7605
393229250	1	251	9.944E-65	6	4213	6873	98	136	0.557	2.907E-33	23	136	778	4213	4587	375	4213	4596
393229250	1	251	9.944E-65	6	4213	6873	102	49	0.723	5.560E-05	135	166	778	4652	4744	93	4616	4744
393229250	1	251	9.944E-65	6	4213	6873	118	31	0.698	7.893E+01	238	257	778	5200	5259	60	5197	5277
393229250	1	251	9.944E-65	6	4213	6873	124	76	0.447	5.959E-13	254	341	778	5310	5582	273	5292	5609
393229250	1	251	9.944E-65	6	4213	6873	137	88	0.562	1.910E-17	411	488	778	6055	6291	237	6037	6297
393229250	1	251	9.944E-65	6	4213	6873	147	66	0.510	2.352E-10	546	611	778	6688	6873	186	6688	6876
393698520	1	384	9.132E-105	5	5200	6631	118	35	0.793	2.294E+00	225	244	565	5200	5259	60	5197	5277
393698520	1	384	9.132E-105	5	5200	6631	124	86	0.551	2.188E-16	245	323	565	5322	5558	237	5292	5609
393698520	1	384	9.132E-105	5	5200	6631	130	72	0.443	1.243E-11	313	399	565	5729	5986	258	5705	6013
393698520	1	384	9.132E-105	5	5200	6631	137	108	0.672	1.327E-24	401	479	565	6058	6294	237	6037	6297
393698520	1	384	9.132E-105	5	5200	6631	144	88	0.764	3.111E-16	480	534	565	6467	6631	165	6266	6754
401115765	1	406	2.177E-111	8	5200	7596	118	32	0.715	4.144E+01	241	260	778	5200	5259	60	5197	5277
401115765	1	406	2.177E-111	8	5200	7596	124	56	0.401	5.991E-06	257	325	778	5310	5537	228	5292	5609
401115765	1	406	2.177E-111	8	5200	7596	130	44	0.361	6.917E-02	341	406	778	5780	5983	204	5705	6013
401115765	1	406	2.177E-111	8	5200	7596	137	79	0.513	2.813E-14	408	485	778	6055	6291	237	6037	6297
401115765	1	406	2.177E-111	8	5200	7596	144	79	0.452	5.647E-13	487	579	778	6467	6727	261	6266	6754
401115765	1	406	2.177E-111	8	5200	7596	151	51	0.637	3.414E-05	607	643	778	6972	7085	114	6969	7124
401115765	1	406	2.177E-111	8	5200	7596	156	46	0.392	2.497E-03	643	706	778	7151	7342	192	7139	7342
401115765	1	406	2.177E-111	8	5200	7596	162	53	0.434	1.998E-05	707	768	778	7405	7596	192	7384	7605
406922822	1	400	1.394E-109	9	4270	7593	98	125	0.595	1.470E-29	41	145	787	4270	4587	318	4213	4596
406922822	1	400	1.394E-109	9	4270	7593	102	46	0.657	9.900E-04	143	175	787	4649	4744	96	4616	4744
406922822	1	400	1.394E-109	9	4270	7593	118	31	0.698	7.893E+01	247	266	787	5200	5259	60	5197	5277
406922822	1	400	1.394E-109	9	4270	7593	124	59	0.424	6.566E-07	263	333	787	5310	5531	222	5292	5609
406922822	1	400	1.394E-109	9	4270	7593	130	52	0.402	1.258E-04	350	418	787	5777	5986	210	5705	6013
406922822	1	400	1.394E-109	9	4270	7593	137	85	0.552	1.759E-16	420	496	787	6058	6291	234	6037	6297
406922822	1	400	1.394E-109	9	4270	7593	144	79	0.660	5.647E-13	499	556	787	6470	6643	174	6266	6754
406922822	1	400	1.394E-109	9	4270	7593	151	60	0.745	1.609E-08	618	655	787	6972	7085	114	6969	7124
406922822	1	400	1.394E-109	9	4270	7593	162	63	0.512	3.700E-09	715	776	787	7405	7593	189	7384	7605
407620472	1	417	1.063E-114	9	4270	7593	98	123	0.587	7.131E-29	41	145	787	4270	4587	318	4213	4596
407620472	1	417	1.063E-114	9	4270	7593	102	48	0.678	2.752E-04	143	175	787	4649	4744	96	4616	4744
407620472	1	417	1.063E-114	9	4270	7593	118	33	0.741	1.578E+01	247	266	787	5200	5259	60	5197	5277
407620472	1	417	1.063E-114	9	4270	7593	124	56	0.411	4.369E-06	263	333	787	5310	5531	222	5292	5609
407620472	1	417	1.063E-114	9	4270	7593	130	55	0.371	7.321E-06	335	418	787	5756	5986	231	5705	6013
407620472	1	417	1.063E-114	9	4270	7593	137	87	0.565	2.623E-17	420	496	787	6058	6291	234	6037	6297
407620472	1	417	1.063E-114	9	4270	7593	144	81	0.674	1.185E-13	499	556	787	6470	6643	174	6266	6754
407620472	1	417	1.063E-114	9	4270	7593	151	57	0.709	2.063E-07	618	655	787	6972	7085	114	6969	7124
407620472	1	417	1.063E-114	9	4270	7593	162	61	0.498	1.815E-08	715	776	787	7405	7593	189	7384	7605
407663112	1	500	1.099E-139	10	4270	7342	98	125	0.592	1.072E-29	176	282	921	4270	4587	318	4213	4596
407663112	1	500	1.099E-139	10	4270	7342	102	47	0.691	3.790E-04	281	312	921	4652	4744	93	4616	4744
407663112	1	500	1.099E-139	10	4270	7342	108	56	0.626	3.932E-07	308	350	921	4800	4928	129	4800	4937
407663112	1	500	1.099E-139	10	4270	7342	112	62	0.841	2.956E-09	350	383	921	4991	5092	102	4970	5101
407663112	1	500	1.099E-139	10	4270	7342	118	35	0.793	2.294E+00	383	402	921	5200	5259	60	5197	5277
407663112	1	500	1.099E-139	10	4270	7342	124	66	0.431	1.180E-09	399	480	921	5310	5558	249	5292	5609
407663112	1	500	1.099E-139	10	4270	7342	130	64	0.458	5.078E-09	483	556	921	5771	5983	213	5705	6013
407663112	1	500	1.099E-139	10	4270	7342	147	72	0.599	2.733E-12	696	753	921	6694	6870	177	6688	6876
407663112	1	500	1.099E-139	10	4270	7342	151	49	0.693	1.688E-04	759	791	921	6987	7085	99	6969	7124
407663112	1	500	1.099E-139	10	4270	7342	156	65	0.518	5.670E-10	791	854	921	7151	7342	192	7139	7342
407747951	1	173	3.006E-41	8	4270	7593	98	139	0.648	1.235E-34	66	172	810	4270	4587	318	4213	4596
407747951	1	173	3.006E-41	8	4270	7593	102	46	0.735	9.900E-04	170	198	810	4649	4735	87	4616	4744
407747951	1	173	3.006E-41	8	4270	7593	112	55	0.803	4.866E-07	241	272	810	4997	5092	96	4970	5101
407747951	1	173	3.006E-41	8	4270	7593	118	34	0.759	8.294E+00	272	291	810	5200	5259	60	5197	5277
407747951	1	173	3.006E-41	8	4270	7593	124	64	0.413	5.734E-09	288	370	810	5310	5564	255	5292	5609
407747951	1	173	3.006E-41	8	4270	7593	151	53	0.684	3.649E-06	648	684	810	6975	7085	111	6969	7124
407747951	1	173	3.006E-41	8	4270	7593	156	58	0.471	1.748E-07	684	744	810	7151	7342	192	7139	7342
407747951	1	173	3.006E-41	8	4270	7593	162	39	0.349	1.020E+00	745	806	810	7405	7593	189	7384	7605
407838067	1	126	4.230E-27	6	4219	7342	98	131	0.548	1.287E-31	26	147	777	4219	4587	369	4213	4596
407838067	1	126	4.230E-27	6	4219	7342	108	57	0.647	2.077E-07	175	216	777	4800	4925	126	4800	4937
407838067	1	126	4.230E-27	6	4219	7342	112	64	0.743	3.176E-10	213	253	777	4979	5101	123	4970	5101
407838067	1	126	4.230E-27	6	4219	7342	124	45	0.330	4.089E-02	270	346	777	5322	5558	237	5292	5609
407838067	1	126	4.230E-27	6	4219	7342	130	53	0.400	4.875E-05	351	422	777	5774	5986	213	5705	6013
407838067	1	126	4.230E-27	6	4219	7342	156	51	0.421	7.463E-05	655	711	777	7151	7342	192	7139	7342
436511337	1	173	3.006E-41	2	6052	6676	137	89	0.562	7.378E-18	3	81	243	6052	6291	240	6037	6297
436511337	1	173	3.006E-41	2	6052	6676	144	83	0.591	1.817E-14	83	147	243	6467	6676	210	6266	6754
436777790	1	291	9.044E-77	8	4243	7593	98	134	0.592	7.500E-33	33	146	781	4243	4587	345	4213	4596
436777790	1	291	9.044E-77	8	4243	7593	102	48	0.696	2.752E-04	145	176	781	4652	4744	93	4616	4744
436777790	1	291	9.044E-77	8	4243	7593	118	34	0.767	6.014E+00	248	267	781	5200	5259	60	5197	5277
436777790	1	291	9.044E-77	8	4243	7593	124	63	0.447	2.786E-08	264	333	781	5310	5531	222	5292	5609
436777790	1	291	9.044E-77	8	4243	7593	130	48	0.375	4.052E-03	350	418	781	5777	5986	210	5705	6013
436777790	1	291	9.044E-77	8	4243	7593	144	86	0.473	2.035E-15	497	592	781	6467	6727	261	6266	6754
436777790	1	291	9.044E-77	8	4243	7593	151	59	0.727	5.760E-08	620	657	781	6972	7085	114	6969	7124
436777790	1	291	9.044E-77	8	4243	7593	162	63	0.509	5.085E-09	717	778	781	7405	7593	189	7384	7605
451082026	1	54	1.998E-05	1	4988	5089	112	54	0.741	1.745E-06	8	41	42	4988	5089	102	4970	5101
451192520	1	152	6.303E-35	4	6467	7593	144	78	0.671	1.440E-12	65	120	357	6467	6634	168	6266	6754
451192520	1	152	6.303E-35	4	6467	7593	147	57	0.563	3.576E-07	141	189	357	6724	6873	150	6688	6876
451192520	1	152	6.303E-35	4	6467	7593	151	55	0.707	7.395E-07	189	225	357	6972	7082	111	6969	7124
451192520	1	152	6.303E-35	4	6467	7593	162	44	0.387	3.050E-02	291	350	357	7411	7593	183	7384	7605
451306843	1	406	2.177E-111	9	4240	7602	98	141	0.610	4.787E-35	53	168	857	4240	4587	348	4213	4596
451306843	1	406	2.177E-111	9	4240	7602	108	62	0.685	3.287E-09	194	236	857	4800	4928	129	4800	4937
451306843	1	406	2.177E-111	9	4240	7602	112	68	0.927	1.314E-11	236	269	857	4991	5092	102	4970	5101
451306843	1	406	2.177E-111	9	4240	7602	118	35	0.793	2.294E+00	269	288	857	5200	5259	60	5197	5277
451306843	1	406	2.177E-111	9	4240	7602	124	81	0.507	7.105E-15	285	366	857	5310	5558	249	5292	5609
451306843	1	406	2.177E-111	9	4240	7602	147	82	0.718	5.115E-16	631	685	857	6712	6873	162	6688	6876
451306843	1	406	2.177E-111	9	4240	7602	151	64	0.789	6.641E-10	685	722	857	6972	7085	114	6969	7124
451306843	1	406	2.177E-111	9	4240	7602	156	77	0.580	5.602E-14	722	787	857	7151	7336	186	7139	7342
451306843	1	406	2.177E-111	9	4240	7602	162	77	0.573	7.488E-14	789	855	857	7402	7602	201	7384	7605
451339223	1	421	6.645E-116	7	4243	6637	98	132	0.581	6.844E-32	38	151	788	4243	4587	345	4213	4596
451339223	1	421	6.645E-116	7	4243	6637	102	54	0.781	1.654E-06	150	181	788	4652	4744	93	4616	4744
451339223	1	421	6.645E-116	7	4243	6637	118	31	0.706	5.719E+01	253	272	788	5200	5259	60	5197	5277
451339223	1	421	6.645E-116	7	4243	6637	124	61	0.427	1.353E-07	269	340	788	5310	5537	228	5292	5609
451339223	1	421	6.645E-116	7	4243	6637	130	53	0.398	6.686E-05	353	423	788	5771	5986	216	5705	6013
451339223	1	421	6.645E-116	7	4243	6637	137	93	0.595	3.098E-19	425	501	788	6058	6291	234	6037	6297
451339223	1	421	6.645E-116	7	4243	6637	144	78	0.671	1.440E-12	504	559	788	6470	6637	168	6266	6754
451576855	1	279	3.705E-73	7	4303	7342	98	128	0.659	1.175E-30	51	146	777	4303	4590	288	4213	4596
451576855	1	279	3.705E-73	7	4303	7342	108	47	0.546	6.123E-04	169	210	777	4800	4925	126	4800	4937
451576855	1	279	3.705E-73	7	4303	7342	124	65	0.445	3.047E-09	265	341	777	5325	5558	234	5292	5609
451576855	1	279	3.705E-73	7	4303	7342	130	56	0.419	3.891E-06	345	416	777	5771	5986	216	5705	6013
451576855	1	279	3.705E-73	7	4303	7342	147	71	0.593	5.163E-12	555	610	777	6697	6873	177	6688	6876
451576855	1	279	3.705E-73	7	4303	7342	151	54	0.673	2.651E-06	610	647	777	6972	7085	114	6969	7124
451576855	1	279	3.705E-73	7	4303	7342	156	67	0.529	1.588E-10	647	710	777	7151	7342	192	7139	7342
451917124	1	499	2.199E-139	7	5310	7605	124	90	0.550	9.241E-18	36	116	556	5310	5558	249	5292	5609
451917124	1	499	2.199E-139	7	5310	7605	130	79	0.641	5.723E-14	132	191	556	5804	5983	180	5705	6013
451917124	1	499	2.199E-139	7	5310	7605	144	78	0.687	7.716E-13	272	326	556	6470	6634	165	6266	6754
451917124	1	499	2.199E-139	7	5310	7605	147	107	0.841	1.451E-24	329	388	556	6694	6873	180	6688	6876
451917124	1	499	2.199E-139	7	5310	7605	151	70	0.873	7.691E-12	388	424	556	6972	7082	111	6969	7124
451917124	1	499	2.199E-139	7	5310	7605	156	90	0.693	1.144E-18	426	488	556	7154	7342	189	7139	7342
451917124	1	499	2.199E-139	7	5310	7605	162	73	0.548	1.796E-12	489	555	556	7405	7605	201	7384	7605
 