405902186	-1	0	408062471	-1	0
405902186	-1	0	405902186	-1	0
405902186	-1	0	175575441	-1	0
405902186	-1	0	146315750	-1	0
405902186	-1	0	372352640	-1	0
405902186	-1	0	373879599	-1	0
405902186	-1	0	437146630	-1	0
405902186	-1	0	6943913	-1	0
405902186	-1	0	202004466	-1	0
405902186	-1	0	421412688	-1	0
405902186	-1	0	7021028	-1	0
405902186	-1	0	59765730	-1	0
405902186	-1	0	350898867	-1	3
405902186	-1	0	117816975	-1	3
405902186	-1	0	161836043	-1	3
405902186	-1	0	147432643	-1	3
405902186	-1	0	307251557	-1	3
405902186	-1	0	350697414	-1	3
405902186	-1	0	452295636	-1	3
405902186	-1	0	234263964	-1	3
405902186	-1	0	365139791	-1	3
405902186	-1	0	162016104	-1	3
405902186	-1	0	452386152	-1	3
405902186	-1	0	74377969	-1	3
405902186	-1	0	379748736	-1	3
405902186	-1	0	205536223	-1	3
405902186	-1	0	103030450	-1	3
405902186	-1	0	394217655	-1	3
405902186	-1	0	160769377	-1	3
405902186	-1	0	437489743	-1	3
405902186	-1	0	161012942	-1	3
405902186	-1	0	378905063	-1	3
405902186	-1	0	408219268	-1	3
405902186	-1	0	364364726	-1	3
405902186	-1	0	437072722	-1	3
405902186	-1	0	791978	-1	3
405902186	-1	0	131846074	-1	3
405902186	-1	0	277080930	-1	3
405902186	-1	0	15513422	-1	3
405902186	-1	0	314232992	-1	3
405902186	-1	0	204819928	-1	3
405902186	-1	0	365083239	-1	3
405902186	-1	0	263806475	-1	3
405902186	-1	0	320738276	-1	3
405902186	-1	0	768160	-1	3
405902186	-1	0	88017615	-1	3
405902186	-1	0	320679206	-1	3
405902186	-1	0	335278964	-1	3
405902186	-1	0	437012585	-1	3
405902186	-1	0	146195592	-1	3
405902186	-1	0	160776804	-1	3
405902186	-1	0	190220264	-1	3
405902186	-1	0	248171396	-1	3
405902186	-1	0	262930460	-1	3
405902186	-1	0	277255192	-1	3
405902186	-1	0	379121190	-1	3
405902186	-1	0	422670278	-1	3
405902186	-1	0	102756509	-1	3
405902186	-1	0	204402725	-1	3
405902186	-1	0	335222298	-1	3
405902186	-1	0	364305229	-1	3
405902186	-1	0	437038675	-1	3
405902186	-1	0	15477124	-1	3
405902186	-1	0	408096014	-1	3
405902186	-1	0	58956192	-1	3
405902186	-1	0	335246765	-1	3
405902186	-1	0	806582	-1	3
405902186	-1	0	59739704	-1	3
405902186	-1	0	131812022	-1	3
405902186	-1	0	378886347	-1	3
405902186	-1	0	437053387	-1	3
405902186	-1	0	88214171	-1	3
405902186	-1	0	364318936	-1	3
405902186	-1	0	219087020	-1	3
405902186	-1	0	451752648	-1	3
405902186	-1	0	171322427	-1	3
405902186	-1	0	277254997	-1	3
405902186	-1	0	336536186	-1	3
405902186	-1	0	248026446	-1	3
405902186	-1	0	423612620	-1	3
405902186	-1	0	88071099	-1	3
405902186	-1	0	277109954	-1	3
405902186	-1	0	321799973	-1	3
405902186	-1	0	406482230	-1	3
405902186	-1	0	349819473	-1	3
405902186	-1	0	394134177	-1	3
405902186	-1	0	393596438	-1	3
405902186	-1	0	335260277	-1	3
405902186	-1	0	382268847	-1	3
405902186	-1	0	240901995	-1	3
405902186	-1	0	310357884	-1	3
405902186	-1	0	220415980	-1	3
405902186	-1	0	1535667	-1	3
405902186	-1	0	234352350	-1	3
405902186	-1	0	307128189	-1	3
405902186	-1	0	261581563	-1	3
405902186	-1	0	336514781	-1	3
405902186	-1	0	103547714	-1	3
405902186	-1	0	88886019	-1	3
405902186	-1	0	255248528	-1	3
405902186	-1	0	30895913	-1	3
405902186	-1	0	249013521	-1	3
405902186	-1	0	365502206	-1	3
405902186	-1	0	379683157	-1	3
405902186	-1	0	409143755	-1	3
405902186	-1	0	452529829	-1	3
405902186	-1	0	190576529	-1	3
405902186	-1	0	190795434	-1	3
405902186	-1	0	234379540	-1	3
405902186	-1	0	1731639	-1	3
405902186	-1	0	321532854	-1	3
405902186	-1	0	459001307	-1	3
405902186	-1	0	118372845	-1	3
405902186	-1	0	350478932	-1	3
405902186	-1	0	350595105	-1	3
405902186	-1	0	394219831	-1	3
405902186	-1	0	437900086	-1	3
405902186	-1	0	16082561	-1	3
405902186	-1	0	45529224	-1	3
405902186	-1	0	88868176	-1	3
405902186	-1	0	147283803	-1	3
405902186	-1	0	190880523	-1	3
405902186	-1	0	350532761	-1	3
405902186	-1	0	360445180	-1	3
405902186	-1	0	365596739	-1	3
405902186	-1	0	380026705	-1	3
405902186	-1	0	409124918	-1	3
405902186	-1	0	423642917	-1	3
405902186	-1	0	146957349	-1	3
405902186	-1	0	203287891	-1	3
405902186	-1	0	408802050	-1	3
405902186	-1	0	446658266	-1	3
405902186	-1	0	452427280	-1	3
405902186	-1	0	42998479	-1	3
405902186	-1	0	74181524	-1	3
405902186	-1	0	89196961	-1	3
405902186	-1	0	161595171	-1	3
405902186	-1	0	176230403	-1	3
405902186	-1	0	176306348	-1	3
405902186	-1	0	248807982	-1	3
405902186	-1	0	16360323	-1	3
405902186	-1	0	25543218	-1	3
405902186	-1	0	74720597	-1	3
405902186	-1	0	161461986	-1	3
405902186	-1	0	176461120	-1	3
405902186	-1	0	278314763	-1	3
405902186	-1	0	365468863	-1	3
405902186	-1	0	103466454	-1	3
405902186	-1	0	103589584	-1	3
405902186	-1	0	147325865	-1	3
405902186	-1	0	147326301	-1	3
405902186	-1	0	161575061	-1	3
405902186	-1	0	161703007	-1	3
405902186	-1	0	234411413	-1	3
405902186	-1	0	255897284	-1	3
405902186	-1	0	350729782	-1	3
405902186	-1	0	359581592	-1	3
405902186	-1	0	30856349	-1	3
405902186	-1	0	74433824	-1	3
405902186	-1	0	132674538	-1	3
405902186	-1	0	138302736	-1	3
405902186	-1	0	173945657	-1	3
405902186	-1	0	176446118	-1	3
405902186	-1	0	205052967	-1	3
405902186	-1	0	205380444	-1	3
405902186	-1	0	278193997	-1	3
405902186	-1	0	350549041	-1	3
405902186	-1	0	452729470	-1	3
405902186	-1	0	39400430	-1	3
405902186	-1	0	103823497	-1	3
405902186	-1	0	118191937	-1	3
405902186	-1	0	156136604	-1	3
405902186	-1	0	176239237	-1	3
405902186	-1	0	205312830	-1	3
405902186	-1	0	205614082	-1	3
405902186	-1	0	219759177	-1	3
405902186	-1	0	234134033	-1	3
405902186	-1	0	278103405	-1	3
405902186	-1	0	307308671	-1	3
405902186	-1	0	336219793	-1	3
405902186	-1	0	336243269	-1	3
405902186	-1	0	423493470	-1	3
405902186	-1	0	438011194	-1	3
405902186	-1	0	1570439	-1	3
405902186	-1	0	16110384	-1	3
405902186	-1	0	86811971	-1	3
405902186	-1	0	103393220	-1	3
405902186	-1	0	118057697	-1	3
405902186	-1	0	138173051	-1	3
405902186	-1	0	176067880	-1	3
405902186	-1	0	394174097	-1	3
405902186	-1	0	437809236	-1	3
405902186	-1	0	45152266	-1	3
405902186	-1	0	45619228	-1	3
405902186	-1	0	98000880	-1	3
405902186	-1	0	132853366	-1	3
405902186	-1	0	176283921	-1	3
405902186	-1	0	234336813	-1	3
405902186	-1	0	248682499	-1	3
405902186	-1	0	30619769	-1	3
405902186	-1	0	45350334	-1	3
405902186	-1	0	103824754	-1	3
405902186	-1	0	234380603	-1	3
405902186	-1	0	263285315	-1	3
405902186	-1	0	292638627	-1	3
405902186	-1	0	1341	-1	3
405902186	-1	0	89169913	-1	3
405902186	-1	0	103328080	-1	3
405902186	-1	0	132680671	-1	3
405902186	-1	0	205471612	-1	3
405902186	-1	0	292433068	-1	3
405902186	-1	0	321825894	-1	3
405902186	-1	0	380100095	-1	3
405902186	-1	0	437776039	-1	3
405902186	-1	0	16477948	-1	3
405902186	-1	0	307172486	-1	3
405902186	-1	0	30818791	-1	3
405902186	-1	0	176429885	-1	3
405902186	-1	0	220033885	-1	3
405902186	-1	0	243075389	-1	3
405902186	-1	0	248943431	-1	3
405902186	-1	0	249013204	-1	3
405902186	-1	0	59836760	-1	3
405902186	-1	0	132435977	-1	3
405902186	-1	0	59997600	-1	3
405902186	-1	0	103478326	-1	3
405902186	-1	0	225572231	-1	3
405902186	-1	0	423730644	-1	3
405902186	-1	0	147180179	-1	3
405902186	-1	0	190827738	-1	3
405902186	-1	0	321725784	-1	3
405902186	-1	0	171490304	-1	3
405902186	-1	0	432856820	-1	3
405902186	-1	0	156499749	-1	3
405902186	-1	0	16801407	-1	3
405902186	-1	0	249468169	-1	3
405902186	-1	0	132667656	-1	3
405902186	-1	0	118123037	-1	3
405902186	-1	0	173213919	-1	3
405902186	-1	0	377612417	-1	3
405902186	-1	0	52713292	-1	3
405902186	-1	0	298613648	-1	3
405902186	-1	0	430178790	-1	3
405902186	-1	0	365726224	-1	3
405902186	-1	0	148197622	-1	3
405902186	-1	0	239854669	-1	3
405902186	-1	0	292801893	-1	3
405902186	-1	0	161725667	-1	3
405902186	-1	0	278014330	-1	3
405902186	-1	0	132569089	-1	3
405902186	-1	0	306862128	-1	3
405902186	-1	0	82887549	-1	3
405902186	-1	0	449469647	-1	3
405902186	-1	0	352060295	-1	3
405902186	-1	0	235540447	-1	3
405902186	-1	0	270921857	-1	3
405902186	-1	0	209435127	-1	3
405902186	-1	0	404073825	-1	3
405902186	-1	0	109056482	-1	3
405902186	-1	0	351834388	-1	3
405902186	-1	0	326759438	-1	3
405902186	-1	0	163176992	-1	3
405902186	-1	0	34458759	-1	3
405902186	-1	0	179888447	-1	3
405902186	-1	0	285131618	-1	3
405902186	-1	0	46922447	-1	3
405902186	-1	0	343737358	-1	3
405902186	-1	0	286398742	-1	3
405902186	-1	0	347681404	-1	3
405902186	-1	0	19527164	-1	3
405902186	-1	0	49558175	-1	3
405902186	-1	0	273606031	-1	3
405902186	-1	0	135455554	-1	3
405902186	-1	0	390557516	-1	3
405902186	-1	0	410381252	-1	3
405902186	-1	0	56864654	-1	3
405902186	-1	0	293889738	-1	3
405902186	-1	0	343969691	-1	3
405902186	-1	0	13105858	-1	3
405902186	-1	0	22439461	-1	3
405902186	-1	0	183660654	-1	3
405902186	-1	0	316651630	-1	3
405902186	-1	0	432058327	-1	3
405902186	-1	0	208926311	-1	3
405902186	-1	0	281386371	-1	3
405902186	-1	0	66047557	-1	3
405902186	-1	0	271049117	-1	3
405902186	-1	0	331646329	-1	3
405902186	-1	0	448948815	-1	3
405902186	-1	0	81487700	-1	3
405902186	-1	0	340493486	-1	3
405902186	-1	0	263902692	-1	3
405902186	-1	0	193010496	-1	3
405902186	-1	0	220745436	-1	3
405902186	-1	0	221059987	-1	3
405902186	-1	0	343029778	-1	3
405902186	-1	0	397274895	-1	3
405902186	-1	0	67254333	-1	3
405902186	-1	0	228996040	-1	3
405902186	-1	0	225958937	-1	3
405902186	-1	0	303622925	-1	3
405902186	-1	0	296108566	-1	3
405902186	-1	0	227257747	-1	3
405902186	-1	0	302998789	-1	3
405902186	-1	0	308015141	-1	3
405902186	-1	0	88791206	-1	3
405902186	-1	0	350740091	-1	3
405902186	-1	0	263517709	-1	3
405902186	-1	0	176040433	-1	3
405902186	-1	0	161940716	-1	3
405902186	-1	0	249177377	-1	3
405902186	-1	0	409211616	-1	3
405902186	-1	0	219796482	-1	3
405902186	-1	0	74583507	-1	3
405902186	-1	0	30970471	-1	3
405902186	-1	0	118239237	-1	3
405902186	-1	0	437488905	-1	3
405902186	-1	0	44588554	-1	3
405902186	-1	0	379845969	-1	3
405902186	-1	0	117806900	-1	3
405902186	-1	0	423592421	-1	3
405902186	-1	0	292533874	-1	3
405902186	-1	0	117298689	-1	3
405902186	-1	0	379157212	-1	6
405902186	-1	0	275243670	-1	6
405902186	-1	0	146492341	-1	6
405902186	-1	0	357727902	-1	6
405902186	-1	0	394552902	-1	6
405902186	-1	0	248805963	-1	6
405902186	-1	0	74749988	-1	6
405902186	-1	0	74717554	-1	6
405902186	-1	0	103390380	-1	6
405902186	-1	0	278148125	-1	6
405902186	-1	0	16139630	-1	6
405902186	-1	0	336053568	-1	6
405902186	-1	0	32359339	-1	6
405902186	-1	0	353105270	-1	6
405902186	-1	0	4094677	-1	6
405902186	-1	0	18225249	-1	6
405902186	-1	0	259721809	-1	6
405902186	-1	0	279423267	-1	6
405902186	-1	0	408098471	-1	6
405902186	-1	0	88014249	-1	6
405902186	-1	0	175266736	-1	6
405902186	-1	0	393559005	-1	6
405902186	-1	0	422533722	-1	6
405902186	-1	0	320706996	-1	6
405902186	-1	0	291766242	-1	6
405902186	-1	0	335514927	-1	6
405902186	-1	0	131810588	-1	6
405902186	-1	0	262552163	-1	6
405902186	-1	0	73512947	-1	6
405902186	-1	0	175433049	-1	6
405902186	-1	0	407970148	-1	6
405902186	-1	0	8813819	-1	6
405902186	-1	0	262529385	-1	6
405902186	-1	0	117156035	-1	6
405902186	-1	0	379139016	-1	6
405902186	-1	0	263624097	-1	6
405902186	-1	0	394487889	-1	6
405902186	-1	0	74579619	-1	6
405902186	-1	0	205105306	-1	6
405902186	-1	0	452660079	-1	6
405902186	-1	0	184072366	-1	6
405902186	-1	0	190923694	-1	6
405902186	-1	0	176369063	-1	6
405902186	-1	0	285573108	-1	6
405902186	-1	0	309474052	-1	6
405902186	-1	0	178116982	-1	6
405902186	-1	0	298165046	-1	6
405902186	-1	0	92231039	-1	6
405902186	-1	0	17741084	-1	6
405902186	-1	0	459731167	-1	6
405902186	-1	0	179187533	-1	6
405902186	-1	0	281477597	-1	6
405902186	-1	0	31520653	-1	6
405902186	-1	0	272550471	-1	6
405902186	-1	0	20183289	-1	6
405902186	-1	0	434811605	-1	6
405902186	-1	0	179972724	-1	6
405902186	-1	0	327620819	-1	6
405902186	-1	0	240593197	-1	6
405902186	-1	0	39013810	-1	6
405902186	-1	0	452294686	-1	6
405902186	-1	0	205557320	-1	6
405902186	-1	0	307073545	-1	6
405902186	-1	0	389245782	-1	6
405902186	-1	0	306151391	-1	6
405902186	-1	0	335421156	-1	6
405902186	-1	0	1587654	-1	6
405902186	-1	0	216014312	-1	6
405902186	-1	0	263386803	-1	6
405902186	-1	0	234136394	-1	6
405902186	-1	0	249046549	-1	6
405902186	-1	0	103735881	-1	6
405902186	-1	0	45533230	-1	6
405902186	-1	0	60111644	-1	6
405902186	-1	0	117884213	-1	6
405902186	-1	0	129477979	-1	6
405902186	-1	0	59700673	-1	6
405902186	-1	0	360604144	-1	6
405902186	-1	0	394461720	-1	6
405902186	-1	0	147201788	-1	6
405902186	-1	0	234198637	-1	6
405902186	-1	0	438055752	-1	6
405902186	-1	0	452587980	-1	6
405902186	-1	0	255192724	-1	6
405902186	-1	0	51294626	-1	6
405902186	-1	0	136085000	-1	6
405902186	-1	0	297878420	-1	6
405902186	-1	0	165093441	-1	6
405902186	-1	0	231895068	-1	6
405902186	-1	0	123649873	-1	6
405902186	-1	0	170612058	-1	6
405902186	-1	0	359273268	-1	6
405902186	-1	0	2540154	-1	6
405902186	-1	0	43414566	-1	6
405902186	-1	0	67479356	-1	6
405902186	-1	0	105305421	-1	6
405902186	-1	0	124091893	-1	6
405902186	-1	0	423873276	-1	6
405902186	-1	0	60333743	-1	6
405902186	-1	0	283596739	-1	6
405902186	-1	0	388736717	-1	6
405902186	-1	0	2390709	-1	6
405902186	-1	0	275421137	-1	6
405902186	-1	0	17733216	-1	6
405902186	-1	0	258691300	-1	6
405902186	-1	0	150040419	-1	6
405902186	-1	0	196466809	-1	6
405902186	-1	0	4252126	-1	6
405902186	-1	0	32516397	-1	6
405902186	-1	0	237131488	-1	6
405902186	-1	0	388067308	-1	6
405902186	-1	0	214352594	-1	6
405902186	-1	0	78615287	-1	6
405902186	-1	0	292522045	-1	6
405902186	-1	0	83275953	-1	6
405902186	-1	0	54415149	-1	6
405902186	-1	0	20151715	-1	6
405902186	-1	0	9459941	-1	6
405902186	-1	0	45487179	-1	6
405902186	-1	0	97589010	-1	6
405902186	-1	0	133983717	-1	6
405902186	-1	0	129063760	-1	6
405902186	-1	0	237645416	-1	6
405902186	-1	0	56009600	-1	6
405902186	-1	0	303178917	-1	6
405902186	-1	0	192311037	-1	6
405902186	-1	0	8655549	-1	6
405902186	-1	0	32777375	-1	6
405902186	-1	0	104882644	-1	6
405902186	-1	0	100696675	-1	6
405902186	-1	0	151428539	-1	6
405902186	-1	0	398711741	-1	6
405902186	-1	0	333396586	-1	6
405902186	-1	0	181955708	-1	6
405902186	-1	0	411704000	-1	6
405902186	-1	0	296375846	-1	6
405902186	-1	0	312406111	-1	6
405902186	-1	0	113349080	-1	6
405902186	-1	0	415275779	-1	6
405902186	-1	0	425773775	-1	6
405902186	-1	0	279977040	-1	6
405902186	-1	0	267924175	-1	6
405902186	-1	0	359452653	-1	6
405902186	-1	0	90525331	-1	6
405902186	-1	0	411959196	-1	6
405902186	-1	0	40274939	-1	6
405902186	-1	0	100028192	-1	6
405902186	-1	0	187713973	-1	6
405902186	-1	0	342319780	-1	6
405902186	-1	0	431475884	-1	6
405902186	-1	0	425509874	-1	6
405902186	-1	0	53999405	-1	6
405902186	-1	0	231090463	-1	6
405902186	-1	0	296700037	-1	6
405902186	-1	0	426177781	-1	6
405902186	-1	0	203367043	-1	6
405902186	-1	0	456233495	-1	6
405902186	-1	0	327019771	-1	6
405902186	-1	0	354961347	-1	6
405902186	-1	0	34552335	-1	6
405902186	-1	0	70330943	-1	6
405902186	-1	0	70791335	-1	6
405902186	-1	0	85041277	-1	6
405902186	-1	0	256300369	-1	6
405902186	-1	0	297055958	-1	6
405902186	-1	0	397797147	-1	6
405902186	-1	0	61706580	-1	6
405902186	-1	0	107305617	-1	6
405902186	-1	0	226490787	-1	6
405902186	-1	0	298650928	-1	6
405902186	-1	0	398073262	-1	6
405902186	-1	0	39442643	-1	6
405902186	-1	0	92591794	-1	6
405902186	-1	0	206252297	-1	6
405902186	-1	0	125646738	-1	6
405902186	-1	0	344014362	-1	6
405902186	-1	0	442406723	-1	6
405902186	-1	0	412628109	-1	6
405902186	-1	0	217010011	-1	6
405902186	-1	0	339082558	-1	6
405902186	-1	0	426310233	-1	6
405902186	-1	0	339863160	-1	6
405902186	-1	0	412012952	-1	6
405902186	-1	0	170834748	-1	6
405902186	-1	0	445537447	-1	6
405902186	-1	0	359359553	-1	6
405902186	-1	0	59833913	-1	6
405902186	-1	0	74398713	-1	6
405902186	-1	0	409042770	-1	9
405902186	-1	0	59658036	-1	9
405902186	-1	0	408657102	-1	9
405902186	-1	0	74344132	-1	9
405902186	-1	0	74631625	-1	9
405902186	-1	0	205427007	-1	9
405902186	-1	0	463959399	-1	9
405902186	-1	0	45415127	-1	9
405902186	-1	0	230042090	-1	9
405902186	-1	0	365092438	-1	9
405902186	-1	0	205085763	-1	9
405902186	-1	0	263241263	-1	9
405902186	-1	0	118246785	-1	9
405902186	-1	0	1919823	-1	9
405902186	-1	0	103648340	-1	9
405902186	-1	0	292318972	-1	9
405902186	-1	0	249667640	-1	9
405902186	-1	0	53966173	-1	9
405902186	-1	0	266726775	-1	9
405902186	-1	0	316981530	-1	9
405902186	-1	0	438684723	-1	9
405902186	-1	0	122064333	-1	9
405902186	-1	0	446194499	-1	30
405902186	-1	0	137089365	-1	57
405902186	-1	0	296118868	-1	57
405902186	-1	0	124007972	-1	66
405902186	-1	0	458278674	-1	66
405902186	-1	0	397520753	-1	66
405902186	-1	0	402797392	-1	69
405902186	-1	0	441714041	-1	81
405902186	-1	0	371950748	-1	195
405902186	-1	0	195106072	-1	207
405902186	-1	0	127780972	-1	351
405902186	-1	0	405455673	-1	390
405902186	-1	0	30820695	-1	492
405902186	-1	0	93266750	-1	699
405902186	-1	0	223597397	-1	726
405902186	-1	0	347417190	-1	783
405902186	-1	0	30813166	-1	1741
405902186	-1	0	89178308	-1	1741
405902186	-1	0	74578919	-1	1741
405902186	-1	0	118394616	-1	1741
405902186	-1	0	379759500	-1	1759
405902186	-1	0	205403878	-1	1765
405902186	-1	0	45259727	-1	1777
405902186	-1	0	52224443	-1	1777
405902186	-1	0	350881981	-1	1777
 