1341	-1	426	2.076E-117	1	3	1673	83	426	0.421	6.530E-126	146	721	774	-1673	-3	1671	1709	0
768160	-1	452	3.094E-125	1	3	1688	83	452	0.441	1.006E-134	127	700	757	-1688	-3	1686	1709	0
791978	-1	459	2.417E-127	1	3	1688	83	459	0.448	2.660E-137	127	698	757	-1688	-3	1686	1709	0
806582	-1	442	3.168E-122	1	3	1688	83	442	0.434	2.474E-131	126	698	755	-1688	-3	1686	1709	0
1535667	-1	450	1.238E-124	1	3	1673	83	450	0.441	4.797E-134	136	707	765	-1673	-3	1671	1709	0
1570439	-1	429	2.596E-118	1	3	1673	83	429	0.422	5.382E-127	145	723	789	-1673	-3	1671	1709	0
1587654	-1	436	2.028E-120	1	6	1673	83	436	0.424	3.652E-129	144	726	781	-1673	-6	1668	1709	0
1731639	-1	438	5.070E-121	1	3	1673	83	438	0.432	4.107E-130	137	709	768	-1673	-3	1671	1709	0
1919823	-1	662	1.880E-188	2	9	2079	57	115	0.528	3.877E-25	23	130	776	-2079	-1741	339	2295	1741
1919823	-1	662	1.880E-188	2	9	2079	83	552	0.514	2.226E-169	125	699	776	-1688	-9	1680	1709	0
2390709	-1	344	1.004E-92	1	6	1673	83	344	0.370	1.133E-97	114	667	734	-1673	-6	1668	1709	0
2540154	-1	368	5.985E-100	1	6	1673	83	368	0.389	3.636E-106	115	667	737	-1673	-6	1668	1709	0
4094677	-1	356	2.451E-96	1	6	1700	83	356	0.375	5.526E-102	116	664	728	-1700	-6	1695	1709	0
4252126	-1	310	1.725E-82	1	6	1673	83	310	0.298	3.012E-86	119	813	876	-1673	-6	1668	1709	0
6943913	-1	860	4.681E-248	2	0	2079	57	153	0.668	4.284E-38	28	136	758	-2079	-1741	339	2295	1741
6943913	-1	860	4.681E-248	2	0	2079	83	707	0.629	1.131E-222	136	708	758	-1673	0	1674	1709	0
7021028	-1	973	4.507E-282	1	0	1673	83	973	0.837	7.046E-315	10	572	621	-1673	0	1674	1709	0
8655549	-1	349	3.138E-94	1	6	1649	83	349	0.378	1.474E-99	131	666	730	-1649	-6	1644	1709	0
8813819	-1	456	1.934E-126	1	6	1688	83	456	0.443	4.427E-136	155	729	781	-1688	-6	1683	1709	0
9459941	-1	340	1.607E-91	1	6	1661	83	340	0.369	1.845E-96	103	643	708	-1661	-6	1656	1709	0
13105858	-1	309	3.450E-82	1	3	1646	83	309	0.302	7.606E-86	135	812	875	-1646	-3	1644	1709	0
15477124	-1	444	7.921E-123	1	3	1688	83	444	0.436	5.192E-132	126	698	755	-1688	-3	1686	1709	0
15513422	-1	458	4.835E-127	1	3	1688	83	458	0.446	4.969E-137	127	700	757	-1688	-3	1686	1709	0
16082561	-1	436	2.028E-120	1	3	1673	83	436	0.432	2.673E-129	145	714	772	-1673	-3	1671	1709	0
16110384	-1	429	2.596E-118	1	3	1673	83	429	0.422	5.382E-127	145	723	782	-1673	-3	1671	1709	0
16139630	-1	506	1.718E-141	2	6	2046	57	70	0.384	1.389E-09	11	109	747	-2046	-1741	306	2295	1741
16139630	-1	506	1.718E-141	2	6	2046	83	441	0.426	4.619E-131	104	691	747	-1688	-6	1683	1709	0
16360323	-1	433	1.622E-119	1	3	1673	83	433	0.430	2.375E-128	150	718	777	-1673	-3	1671	1709	0
16477948	-1	425	4.153E-117	1	3	1673	83	425	0.422	1.665E-125	143	715	773	-1673	-3	1671	1709	0
16801407	-1	361	7.661E-98	1	3	1673	83	361	0.382	1.816E-103	127	680	749	-1673	-3	1671	1709	0
17733216	-1	320	1.685E-85	1	6	1673	83	320	0.304	9.752E-90	119	813	877	-1673	-6	1668	1709	0
17741084	-1	354	9.806E-96	1	6	1688	83	354	0.375	3.559E-101	110	664	721	-1688	-6	1683	1709	0
18225249	-1	352	3.922E-95	1	6	1700	83	352	0.372	1.231E-100	116	664	735	-1700	-6	1695	1709	0
19527164	-1	319	3.369E-85	1	3	1646	83	319	0.355	1.810E-89	147	677	746	-1646	-3	1644	1709	0
20151715	-1	350	1.569E-94	1	6	1661	83	350	0.377	5.811E-100	41	579	644	-1661	-6	1656	1709	0
20183289	-1	355	4.903E-96	1	6	1682	83	355	0.377	1.028E-101	102	647	712	-1682	-6	1677	1709	0
22439461	-1	309	3.450E-82	1	3	1646	83	309	0.302	7.606E-86	135	812	874	-1646	-3	1644	1709	0
25543218	-1	433	1.622E-119	1	3	1673	83	433	0.430	2.375E-128	138	707	766	-1673	-3	1671	1709	0
30619769	-1	427	1.038E-117	1	3	1673	83	427	0.423	3.499E-126	139	711	769	-1673	-3	1671	1709	0
30813166	-1	87	2.325E-15	1	1741	2082	57	87	0.420	1.667E-15	38	147	219	-2082	-1741	342	2295	1741
30818791	-1	423	1.661E-116	1	3	1673	83	423	0.418	7.920E-125	141	717	768	-1673	-3	1671	1709	0
30820695	-1	302	4.416E-80	1	492	1673	83	302	0.431	1.967E-83	141	526	552	-1673	-492	1182	1709	0
30856349	-1	431	6.489E-119	1	3	1673	83	431	0.425	1.545E-127	146	720	773	-1673	-3	1671	1709	0
30895913	-1	440	1.267E-121	1	3	1673	83	440	0.433	1.178E-130	142	714	772	-1673	-3	1671	1709	0
30970471	-1	259	3.885E-67	1	3	1250	83	259	0.370	3.771E-69	0	418	476	-1250	-3	1248	1709	0
31520653	-1	339	3.213E-91	1	6	1688	83	339	0.364	3.429E-96	110	663	722	-1688	-6	1683	1709	0
32359339	-1	359	3.064E-97	1	6	1700	83	359	0.377	6.288E-103	118	666	737	-1700	-6	1695	1709	0
32516397	-1	309	3.450E-82	1	6	1673	83	309	0.298	5.585E-86	119	813	876	-1673	-6	1668	1709	0
32777375	-1	349	3.138E-94	1	6	1649	83	349	0.378	1.474E-99	117	652	716	-1649	-6	1644	1709	0
34458759	-1	333	2.056E-89	1	3	1646	83	333	0.317	3.577E-94	151	829	897	-1646	-3	1644	1709	0
34552335	-1	308	6.900E-82	1	6	1646	83	308	0.302	1.036E-85	136	812	876	-1646	-6	1641	1709	0
39013810	-1	297	1.413E-78	1	6	1676	83	297	0.284	1.083E-81	122	842	902	-1676	-6	1671	1709	0
39400430	-1	430	1.298E-118	1	3	1673	83	430	0.424	2.884E-127	147	722	775	-1673	-3	1671	1709	0
39442643	-1	306	2.760E-81	1	6	1646	83	306	0.292	4.849E-85	133	844	903	-1646	-6	1641	1709	0
40274939	-1	317	1.348E-84	1	6	1646	83	317	0.354	8.494E-89	147	676	746	-1646	-6	1641	1709	0
42998479	-1	434	8.111E-120	1	3	1673	83	434	0.429	1.739E-128	138	709	768	-1673	-3	1671	1709	0
43414566	-1	368	5.985E-100	1	6	1673	83	368	0.389	3.636E-106	115	667	737	-1673	-6	1668	1709	0
44588554	-1	249	3.978E-64	1	3	1118	83	249	0.383	1.449E-65	1	381	589	-1118	-3	1116	1709	0
45152266	-1	428	5.191E-118	1	3	1673	83	428	0.423	1.372E-126	146	721	774	-1673	-3	1671	1709	0
45259727	-1	90	2.907E-16	1	1777	2079	57	90	0.473	1.381E-16	50	149	155	-2079	-1777	303	2295	1741
45350334	-1	427	1.038E-117	1	3	1673	83	427	0.423	3.499E-126	146	719	772	-1673	-3	1671	1709	0
45415127	-1	676	1.148E-192	2	9	2079	57	110	0.510	1.663E-23	36	143	790	-2079	-1741	339	2295	1741
45415127	-1	676	1.148E-192	2	9	2079	83	571	0.527	1.217E-175	138	712	790	-1688	-9	1680	1709	0
45487179	-1	373	1.870E-101	1	6	1658	83	373	0.386	8.724E-108	118	685	745	-1658	-6	1653	1709	0
45529224	-1	436	2.028E-120	1	3	1673	83	436	0.430	2.673E-129	142	714	772	-1673	-3	1671	1709	0
45533230	-1	428	5.191E-118	1	6	1673	83	428	0.419	1.875E-126	143	724	776	-1673	-6	1668	1709	0
45619228	-1	428	5.191E-118	1	3	1673	83	428	0.422	1.372E-126	145	721	774	-1673	-3	1671	1709	0
46922447	-1	323	2.106E-86	1	3	1646	83	323	0.312	1.525E-90	131	803	863	-1646	-3	1644	1709	0
49558175	-1	316	2.695E-84	1	3	1646	83	316	0.308	2.147E-88	131	803	864	-1646	-3	1644	1709	0
51294626	-1	374	9.352E-102	1	6	1673	83	374	0.393	3.433E-108	114	666	736	-1673	-6	1668	1709	0
52224443	-1	87	2.325E-15	1	1777	2079	57	87	0.458	2.275E-15	41	139	151	-2079	-1777	303	2295	1741
52713292	-1	308	6.900E-82	1	3	1673	83	308	0.297	1.410E-85	116	811	873	-1673	-3	1671	1709	0
53966173	-1	382	3.653E-104	1	9	1646	83	382	0.404	9.318E-111	131	663	724	-1646	-9	1638	1709	0
53999405	-1	314	1.078E-83	1	6	1646	83	314	0.305	1.868E-87	138	815	876	-1646	-6	1641	1709	0
54415149	-1	405	4.355E-111	1	6	1664	83	405	0.411	1.339E-118	1	566	623	-1664	-6	1659	1709	0
56009600	-1	354	9.806E-96	1	6	1649	83	354	0.382	2.609E-101	132	667	732	-1649	-6	1644	1709	0
56864654	-1	310	1.725E-82	1	3	1646	83	310	0.303	3.012E-86	135	812	875	-1646	-3	1644	1709	0
58956192	-1	443	1.584E-122	1	3	1688	83	443	0.435	1.325E-131	126	698	756	-1688	-3	1686	1709	0
59658036	-1	667	5.876E-190	2	9	2142	57	116	0.465	2.071E-25	7	137	898	-2142	-1741	402	2295	1741
59658036	-1	667	5.876E-190	2	9	2142	83	556	0.518	1.326E-170	132	704	898	-1688	-9	1680	1709	0
59700673	-1	426	2.076E-117	1	6	1673	83	426	0.426	4.780E-126	155	722	780	-1673	-6	1668	1709	0
59739704	-1	442	3.168E-122	1	3	1688	83	442	0.435	1.810E-131	138	710	760	-1688	-3	1686	1709	0
59765730	-1	565	2.980E-159	1	0	1673	83	565	0.535	1.342E-173	108	653	713	-1673	0	1674	1709	0
59833913	-1	245	6.364E-63	1	6	1097	83	245	0.379	2.258E-64	1	381	437	-1097	-6	1092	1709	0
59836760	-1	419	2.658E-115	1	3	1673	83	419	0.425	2.447E-123	101	658	710	-1673	-3	1671	1709	0
59997600	-1	415	4.253E-114	1	3	1673	83	415	0.402	4.049E-122	143	741	799	-1673	-3	1671	1709	0
60111644	-1	428	5.191E-118	1	6	1673	83	428	0.419	1.372E-126	136	717	769	-1673	-6	1668	1709	0
60333743	-1	367	1.197E-99	1	6	1673	83	367	0.388	1.260E-105	114	668	738	-1673	-6	1668	1709	0
61706580	-1	307	1.380E-81	1	6	1646	83	307	0.303	3.561E-85	133	804	870	-1646	-6	1641	1709	0
66047557	-1	303	2.208E-80	1	3	1646	83	303	0.294	5.726E-84	87	782	840	-1646	-3	1644	1709	0
67254333	-1	299	3.533E-79	1	3	1646	83	299	0.296	1.252E-82	135	812	875	-1646	-3	1644	1709	0
67479356	-1	368	5.985E-100	1	6	1673	83	368	0.388	6.770E-106	115	667	737	-1673	-6	1668	1709	0
70330943	-1	308	6.900E-82	1	6	1646	83	308	0.302	1.410E-85	138	814	877	-1646	-6	1641	1709	0
70791335	-1	308	6.900E-82	1	6	1646	83	308	0.302	1.036E-85	128	804	867	-1646	-6	1641	1709	0
73512947	-1	459	2.417E-127	1	6	1688	83	459	0.447	3.636E-137	126	698	756	-1688	-6	1683	1709	0
74181524	-1	434	8.111E-120	1	3	1673	83	434	0.429	1.739E-128	138	709	768	-1673	-3	1671	1709	0
74344132	-1	678	2.869E-193	2	9	2136	57	119	0.481	1.233E-26	8	130	751	-2136	-1741	396	2295	1741
74344132	-1	678	2.869E-193	2	9	2136	83	564	0.533	2.512E-173	125	674	751	-1688	-9	1680	1709	0
74377969	-1	499	2.199E-139	2	3	2046	57	74	0.404	3.418E-11	75	173	786	-2046	-1741	306	2295	1741
74377969	-1	499	2.199E-139	2	3	2046	83	430	0.431	2.884E-127	168	731	786	-1688	-3	1686	1709	0
74398713	-1	186	3.669E-45	1	6	752	83	186	0.391	1.059E-44	3	278	337	-752	-6	747	1709	0
74433824	-1	431	6.489E-119	1	3	1673	83	431	0.426	1.131E-127	168	741	794	-1673	-3	1671	1709	0
74578919	-1	95	9.084E-18	1	1741	2079	57	95	0.454	2.398E-18	22	132	215	-2079	-1741	339	2295	1741
74579619	-1	420	1.329E-115	1	6	1688	83	420	0.402	9.601E-124	160	765	821	-1688	-6	1683	1709	0
74583507	-1	280	1.852E-73	1	3	1250	83	280	0.384	3.279E-76	8	436	494	-1250	-3	1248	1709	0
74631625	-1	684	4.483E-195	2	9	2079	57	115	0.529	2.834E-25	23	130	776	-2079	-1741	339	2295	1741
74631625	-1	684	4.483E-195	2	9	2079	83	574	0.530	5.293E-177	125	699	776	-1688	-9	1680	1709	0
74717554	-1	685	2.242E-195	2	6	2079	57	113	0.520	1.857E-24	23	130	773	-2079	-1741	339	2295	1741
74717554	-1	685	2.242E-195	2	6	2079	83	577	0.533	8.066E-178	125	697	773	-1688	-6	1683	1709	0
74720597	-1	433	1.622E-119	1	3	1673	83	433	0.427	3.245E-128	146	719	772	-1673	-3	1671	1709	0
74749988	-1	519	2.097E-145	2	6	2082	57	92	0.437	3.970E-17	30	138	768	-2082	-1741	342	2295	1741
74749988	-1	519	2.097E-145	2	6	2082	83	427	0.425	2.561E-126	138	708	768	-1673	-6	1668	1709	0
78615287	-1	304	1.104E-80	1	6	1673	83	304	0.295	2.269E-84	117	810	873	-1673	-6	1668	1709	0
81487700	-1	302	4.416E-80	1	3	1646	83	302	0.298	1.061E-83	137	814	876	-1646	-3	1644	1709	0
82887549	-1	424	8.306E-117	1	3	1664	83	424	0.419	4.244E-125	1	577	630	-1664	-3	1662	1709	0
83275953	-1	428	5.191E-118	1	6	1664	83	428	0.426	1.005E-126	1	570	629	-1664	-6	1659	1709	0
85041277	-1	308	6.900E-82	1	6	1646	83	308	0.302	1.036E-85	132	808	872	-1646	-6	1641	1709	0
86811971	-1	429	2.596E-118	1	3	1673	83	429	0.425	5.382E-127	162	734	787	-1673	-3	1671	1709	0
88014249	-1	468	4.721E-130	1	6	1688	83	468	0.453	2.748E-140	127	699	757	-1688	-6	1683	1709	0
88017615	-1	452	3.094E-125	1	3	1688	83	452	0.441	1.006E-134	127	700	757	-1688	-3	1686	1709	0
88071099	-1	430	1.298E-118	1	3	1688	83	430	0.425	2.111E-127	125	698	758	-1688	-3	1686	1709	0
88214171	-1	438	5.070E-121	1	3	1688	83	438	0.430	5.612E-130	126	700	769	-1688	-3	1686	1709	0
88791206	-1	376	2.338E-102	1	3	1493	83	376	0.417	7.252E-109	6	521	576	-1493	-3	1491	1709	0
88868176	-1	436	2.028E-120	1	3	1673	83	436	0.429	1.956E-129	146	720	773	-1673	-3	1671	1709	0
88886019	-1	441	6.337E-122	1	3	1673	83	441	0.433	6.311E-131	146	719	772	-1673	-3	1671	1709	0
89169913	-1	426	2.076E-117	1	3	1673	83	426	0.421	8.921E-126	146	721	774	-1673	-3	1671	1709	0
89178308	-1	106	4.435E-21	1	1741	2079	57	106	0.494	5.200E-22	42	149	156	-2079	-1741	339	2295	1741
89196961	-1	434	8.111E-120	1	3	1673	83	434	0.429	9.314E-129	146	718	771	-1673	-3	1671	1709	0
90525331	-1	321	8.423E-86	1	6	1646	83	321	0.311	3.856E-90	133	808	872	-1646	-6	1641	1709	0
92231039	-1	356	2.451E-96	1	6	1688	83	356	0.377	7.538E-102	111	665	722	-1688	-6	1683	1709	0
92591794	-1	305	5.520E-81	1	6	1646	83	305	0.300	1.224E-84	135	811	875	-1646	-6	1641	1709	0
93266750	-1	268	7.587E-70	1	699	1676	83	268	0.453	6.061E-72	112	431	542	-1676	-699	978	1709	0
97589010	-1	358	6.129E-97	1	6	1649	83	358	0.385	1.596E-102	131	666	730	-1649	-6	1644	1709	0
98000880	-1	428	5.191E-118	1	3	1673	83	428	0.424	1.875E-126	143	715	773	-1673	-3	1671	1709	0
100028192	-1	317	1.348E-84	1	6	1646	83	317	0.308	1.157E-88	138	814	878	-1646	-6	1641	1709	0
100696675	-1	331	8.226E-89	1	6	1649	83	331	0.364	1.683E-93	133	669	734	-1649	-6	1644	1709	0
102756509	-1	448	4.951E-124	1	3	1688	83	448	0.439	1.673E-133	126	698	755	-1688	-3	1686	1709	0
103030450	-1	472	2.951E-131	1	3	1691	83	472	0.450	8.823E-142	115	699	756	-1691	-3	1689	1709	0
103328080	-1	426	2.076E-117	1	3	1673	83	426	0.422	8.921E-126	139	712	770	-1673	-3	1671	1709	0
103390380	-1	461	6.043E-128	2	6	2079	57	72	0.359	1.603E-10	56	172	786	-2079	-1741	339	2295	1741
103390380	-1	461	6.043E-128	2	6	2079	83	394	0.404	6.013E-115	167	730	786	-1688	-6	1683	1709	0
103393220	-1	429	2.596E-118	1	3	1673	83	429	0.425	7.353E-127	144	716	774	-1673	-3	1671	1709	0
103466454	-1	432	3.245E-119	1	3	1673	83	432	0.426	8.277E-128	147	720	773	-1673	-3	1671	1709	0
103478326	-1	402	3.484E-110	1	3	1673	83	402	0.398	1.619E-117	163	749	800	-1673	-3	1671	1709	0
103547714	-1	443	1.584E-122	1	3	1673	83	443	0.436	1.325E-131	140	711	769	-1673	-3	1671	1709	0
103589584	-1	432	3.245E-119	1	3	1673	83	432	0.426	8.277E-128	146	719	772	-1673	-3	1671	1709	0
103648340	-1	650	7.702E-185	2	9	2079	57	109	0.507	3.110E-23	24	131	777	-2079	-1741	339	2295	1741
103648340	-1	650	7.702E-185	2	9	2079	83	546	0.510	3.350E-167	126	698	777	-1688	-9	1680	1709	0
103735881	-1	429	2.596E-118	1	6	1673	83	429	0.420	5.382E-127	136	717	769	-1673	-6	1668	1709	0
103823497	-1	430	1.298E-118	1	3	1673	83	430	0.425	3.939E-127	142	714	772	-1673	-3	1671	1709	0
103824754	-1	427	1.038E-117	1	3	1673	83	427	0.423	3.499E-126	143	715	773	-1673	-3	1671	1709	0
104882644	-1	341	8.033E-92	1	6	1649	83	341	0.372	9.925E-97	145	680	745	-1649	-6	1644	1709	0
105305421	-1	368	5.985E-100	1	6	1673	83	368	0.389	3.636E-106	115	667	737	-1673	-6	1668	1709	0
107305617	-1	307	1.380E-81	1	6	1646	83	307	0.302	3.561E-85	133	807	870	-1646	-6	1641	1709	0
109056482	-1	347	1.255E-93	1	3	1649	83	347	0.376	5.097E-99	132	668	731	-1649	-3	1647	1709	0
113349080	-1	328	6.581E-88	1	6	1646	83	328	0.313	2.003E-92	128	810	869	-1646	-6	1641	1709	0
117156035	-1	434	8.111E-120	1	6	1688	83	434	0.428	1.273E-128	126	699	769	-1688	-6	1683	1709	0
117298689	-1	186	3.669E-45	1	3	704	83	186	0.426	7.856E-45	14	258	315	-704	-3	702	1709	0
117806900	-1	242	5.092E-62	1	3	1037	83	242	0.393	2.587E-63	0	357	415	-1037	-3	1035	1709	0
117816975	-1	540	9.998E-152	2	3	2100	57	95	0.431	2.398E-18	20	140	774	-2100	-1741	360	2295	1741
117816975	-1	540	9.998E-152	2	3	2100	83	445	0.435	2.780E-132	140	715	774	-1673	-3	1671	1709	0
117884213	-1	428	5.191E-118	1	6	1673	83	428	0.419	1.875E-126	136	717	769	-1673	-6	1668	1709	0
118057697	-1	429	2.596E-118	1	3	1673	83	429	0.425	5.382E-127	162	734	787	-1673	-3	1671	1709	0
118123037	-1	325	5.265E-87	1	3	1673	83	325	0.356	1.748E-91	95	582	1027	-1673	-3	1671	1709	0
118191937	-1	430	1.298E-118	1	3	1673	83	430	0.425	3.939E-127	146	719	772	-1673	-3	1671	1709	0
118239237	-1	267	1.517E-69	1	3	1190	83	267	0.383	1.520E-71	9	417	475	-1190	-3	1188	1709	0
118246785	-1	663	9.402E-189	2	9	2079	57	115	0.528	3.877E-25	23	130	776	-2079	-1741	339	2295	1741
118246785	-1	663	9.402E-189	2	9	2079	83	553	0.515	1.189E-169	125	699	776	-1688	-9	1680	1709	0
118372845	-1	437	1.014E-120	1	3	1673	83	437	0.431	1.432E-129	142	714	772	-1673	-3	1671	1709	0
118394616	-1	82	7.441E-14	1	1741	2040	57	82	0.441	9.478E-14	8	106	199	-2040	-1741	300	2295	1741
122064333	-1	311	8.625E-83	1	9	1646	83	311	0.304	1.624E-86	132	807	872	-1646	-9	1638	1709	0
123649873	-1	369	2.993E-100	1	6	1673	83	369	0.389	2.665E-106	115	667	737	-1673	-6	1668	1709	0
124007972	-1	364	9.576E-99	1	66	1700	83	364	0.391	1.109E-104	110	639	722	-1700	-66	1635	1709	0
124091893	-1	368	5.985E-100	1	6	1673	83	368	0.388	4.961E-106	115	667	737	-1673	-6	1668	1709	0
125646738	-1	302	4.416E-80	1	6	1646	83	302	0.299	1.445E-83	135	810	873	-1646	-6	1641	1709	0
127780972	-1	311	8.625E-83	1	351	1673	83	311	0.400	1.192E-86	115	564	566	-1673	-351	1323	1709	0
129063760	-1	355	4.903E-96	1	6	1649	83	355	0.383	1.028E-101	131	666	730	-1649	-6	1644	1709	0
129477979	-1	428	5.191E-118	1	6	1673	83	428	0.419	1.875E-126	136	717	769	-1673	-6	1668	1709	0
131810588	-1	460	1.209E-127	1	6	1688	83	460	0.448	1.042E-137	126	698	756	-1688	-6	1683	1709	0
131812022	-1	441	6.337E-122	1	3	1688	83	441	0.434	3.380E-131	126	698	755	-1688	-3	1686	1709	0
131846074	-1	459	2.417E-127	1	3	1688	83	459	0.447	2.660E-137	127	700	757	-1688	-3	1686	1709	0
132435977	-1	418	5.316E-115	1	3	1673	83	418	0.419	3.342E-123	146	715	773	-1673	-3	1671	1709	0
132569089	-1	432	3.245E-119	1	3	1664	83	432	0.416	6.058E-128	1	594	650	-1664	-3	1662	1709	0
132667656	-1	332	4.113E-89	1	3	1673	83	332	0.361	1.235E-93	146	653	1102	-1673	-3	1671	1709	0
132674538	-1	431	6.489E-119	1	3	1673	83	431	0.426	1.545E-127	146	719	772	-1673	-3	1671	1709	0
132680671	-1	426	2.076E-117	1	3	1673	83	426	0.423	4.780E-126	143	715	773	-1673	-3	1671	1709	0
132853366	-1	428	5.191E-118	1	3	1673	83	428	0.420	1.372E-126	145	724	777	-1673	-3	1671	1709	0
133983717	-1	357	1.226E-96	1	6	1649	83	357	0.384	2.970E-102	131	667	731	-1649	-6	1644	1709	0
135455554	-1	314	1.078E-83	1	3	1646	83	314	0.304	1.371E-87	128	809	865	-1646	-3	1644	1709	0
136085000	-1	372	3.741E-101	1	6	1673	83	372	0.392	1.625E-107	114	668	738	-1673	-6	1668	1709	0
137089365	-1	340	1.607E-91	1	57	1688	83	340	0.373	1.845E-96	114	650	732	-1688	-57	1632	1709	0
138173051	-1	429	2.596E-118	1	3	1673	83	429	0.426	7.353E-127	137	706	765	-1673	-3	1671	1709	0
138302736	-1	431	6.489E-119	1	3	1673	83	431	0.427	1.131E-127	143	714	772	-1673	-3	1671	1709	0
146195592	-1	450	1.238E-124	1	3	1688	83	450	0.440	3.510E-134	126	698	755	-1688	-3	1686	1709	0
146315750	-1	1080	2.778E-314	2	0	2079	57	187	0.797	5.469E-50	39	150	757	-2079	-1741	339	2295	1741
146315750	-1	1080	2.778E-314	2	0	2079	83	893	0.781	5.381E-287	150	708	757	-1673	0	1674	1709	0
146492341	-1	836	7.853E-241	2	6	2088	57	142	0.612	1.522E-34	21	137	769	-2088	-1741	348	2295	1741
146492341	-1	836	7.853E-241	2	6	2088	83	694	0.626	3.600E-218	137	701	769	-1673	-6	1668	1709	0
146957349	-1	435	4.056E-120	1	3	1673	83	435	0.430	4.989E-129	146	717	775	-1673	-3	1671	1709	0
147180179	-1	400	1.394E-109	1	3	1673	83	400	0.412	5.627E-117	142	682	740	-1673	-3	1671	1709	0
147201788	-1	425	4.153E-117	1	6	1673	83	425	0.417	1.665E-125	136	717	769	-1673	-6	1668	1709	0
147283803	-1	436	2.028E-120	1	3	1673	83	436	0.430	2.673E-129	142	714	772	-1673	-3	1671	1709	0
147325865	-1	432	3.245E-119	1	3	1673	83	432	0.427	4.434E-128	146	719	772	-1673	-3	1671	1709	0
147326301	-1	432	3.245E-119	1	3	1673	83	432	0.427	4.434E-128	146	719	772	-1673	-3	1671	1709	0
147432643	-1	536	1.600E-150	2	3	2079	57	92	0.442	2.907E-17	31	141	773	-2079	-1741	339	2295	1741
147432643	-1	536	1.600E-150	2	3	2079	83	444	0.436	3.799E-132	141	713	773	-1673	-3	1671	1709	0
148197622	-1	294	1.131E-77	1	3	1673	83	294	0.290	9.366E-81	107	794	944	-1673	-3	1671	1709	0
150040419	-1	312	4.313E-83	1	6	1673	83	312	0.299	8.754E-87	119	813	876	-1673	-6	1668	1709	0
151428539	-1	362	3.830E-98	1	6	1646	83	362	0.388	5.242E-104	133	671	736	-1646	-6	1641	1709	0
156136604	-1	430	1.298E-118	1	3	1673	83	430	0.427	2.111E-127	146	717	770	-1673	-3	1671	1709	0
156499749	-1	371	7.481E-101	1	3	1673	83	371	0.390	4.128E-107	113	664	729	-1673	-3	1671	1709	0
160769377	-1	471	5.902E-131	1	3	1688	83	471	0.455	1.649E-141	126	699	756	-1688	-3	1686	1709	0
160776804	-1	450	1.238E-124	1	3	1688	83	450	0.440	4.797E-134	127	699	756	-1688	-3	1686	1709	0
161012942	-1	463	1.511E-128	1	3	1688	83	463	0.449	1.598E-138	126	699	742	-1688	-3	1686	1709	0
161461986	-1	433	1.622E-119	1	3	1673	83	433	0.427	2.375E-128	141	714	773	-1673	-3	1671	1709	0
161575061	-1	432	3.245E-119	1	3	1673	83	432	0.427	4.434E-128	143	715	773	-1673	-3	1671	1709	0
161595171	-1	434	8.111E-120	1	3	1673	83	434	0.428	1.273E-128	146	719	772	-1673	-3	1671	1709	0
161703007	-1	432	3.245E-119	1	3	1673	83	432	0.429	4.434E-128	137	706	765	-1673	-3	1671	1709	0
161725667	-1	436	2.028E-120	1	3	1664	83	436	0.432	2.673E-129	1	570	628	-1664	-3	1662	1709	0
161836043	-1	538	3.999E-151	2	3	2079	57	91	0.439	5.422E-17	31	141	773	-2079	-1741	339	2295	1741
161836043	-1	538	3.999E-151	2	3	2079	83	447	0.438	4.270E-133	141	713	773	-1673	-3	1671	1709	0
161940716	-1	304	1.104E-80	1	3	1343	83	304	0.387	4.206E-84	0	459	517	-1343	-3	1341	1709	0
162016104	-1	514	6.709E-144	2	3	2046	57	67	0.372	8.817E-09	11	113	750	-2046	-1741	306	2295	1741
162016104	-1	514	6.709E-144	2	3	2046	83	452	0.432	7.363E-135	108	697	750	-1688	-3	1686	1709	0
163176992	-1	334	1.028E-89	1	3	1646	83	334	0.366	2.624E-94	133	664	720	-1646	-3	1644	1709	0
165093441	-1	370	1.496E-100	1	6	1673	83	370	0.390	7.687E-107	115	667	737	-1673	-6	1668	1709	0
170612058	-1	369	2.993E-100	1	6	1673	83	369	0.389	2.665E-106	115	667	737	-1673	-6	1668	1709	0
170834748	-1	291	9.044E-77	1	6	1646	83	291	0.283	5.946E-80	133	845	904	-1646	-6	1641	1709	0
171322427	-1	434	8.111E-120	1	3	1688	83	434	0.420	9.314E-129	125	714	769	-1688	-3	1686	1709	0
171490304	-1	372	3.741E-101	1	3	1673	83	372	0.391	2.217E-107	113	664	718	-1673	-3	1671	1709	0
173213919	-1	321	8.423E-86	1	3	1673	83	321	0.304	7.158E-90	119	814	876	-1673	-3	1671	1709	0
173945657	-1	431	6.489E-119	1	3	1673	83	431	0.427	1.131E-127	162	734	787	-1673	-3	1671	1709	0
175266736	-1	468	4.721E-130	1	6	1688	83	468	0.453	2.748E-140	127	699	757	-1688	-6	1683	1709	0
175433049	-1	458	4.835E-127	1	6	1688	83	458	0.446	6.791E-137	126	698	756	-1688	-6	1683	1709	0
175575441	-1	861	2.340E-248	2	0	2097	57	154	0.645	1.217E-38	44	158	780	-2097	-1741	357	2295	1741
175575441	-1	861	2.340E-248	2	0	2097	83	707	0.629	1.131E-222	158	730	780	-1673	0	1674	1709	0
176040433	-1	313	2.156E-83	1	3	1373	83	313	0.388	3.465E-87	0	472	527	-1373	-3	1371	1709	0
176067880	-1	429	2.596E-118	1	3	1673	83	429	0.422	5.382E-127	145	723	783	-1673	-3	1671	1709	0
176230403	-1	434	8.111E-120	1	3	1673	83	434	0.428	9.314E-129	140	713	772	-1673	-3	1671	1709	0
176239237	-1	430	1.298E-118	1	3	1673	83	430	0.426	2.111E-127	144	716	774	-1673	-3	1671	1709	0
176283921	-1	428	5.191E-118	1	3	1673	83	428	0.424	1.372E-126	146	718	771	-1673	-3	1671	1709	0
176306348	-1	434	8.111E-120	1	3	1673	83	434	0.428	1.739E-128	142	714	772	-1673	-3	1671	1709	0
176369063	-1	410	1.361E-112	1	6	1688	83	410	0.388	2.330E-120	160	779	835	-1688	-6	1683	1709	0
176429885	-1	423	1.661E-116	1	3	1673	83	423	0.421	7.920E-125	145	716	775	-1673	-3	1671	1709	0
176446118	-1	431	6.489E-119	1	3	1673	83	431	0.426	1.131E-127	146	719	772	-1673	-3	1671	1709	0
176461120	-1	433	1.622E-119	1	3	1673	83	433	0.427	3.245E-128	146	720	773	-1673	-3	1671	1709	0
178116982	-1	362	3.830E-98	1	6	1688	83	362	0.382	3.843E-104	110	662	721	-1688	-6	1683	1709	0
179187533	-1	340	1.607E-91	1	6	1688	83	340	0.365	1.353E-96	110	663	721	-1688	-6	1683	1709	0
179888447	-1	330	1.645E-88	1	3	1646	83	330	0.315	4.260E-93	130	808	876	-1646	-3	1644	1709	0
179972724	-1	330	1.645E-88	1	6	1679	83	330	0.313	4.260E-93	124	808	871	-1679	-6	1674	1709	0
181955708	-1	354	9.806E-96	1	6	1646	83	354	0.382	2.609E-101	133	674	737	-1646	-6	1641	1709	0
183660654	-1	309	3.450E-82	1	3	1646	83	309	0.302	5.585E-86	135	812	875	-1646	-3	1644	1709	0
184072366	-1	417	1.063E-114	1	6	1688	83	417	0.408	1.163E-122	140	728	784	-1688	-6	1683	1709	0
187713973	-1	316	2.695E-84	1	6	1646	83	316	0.307	2.925E-88	137	813	876	-1646	-6	1641	1709	0
190220264	-1	449	2.475E-124	1	3	1688	83	449	0.439	1.224E-133	127	699	756	-1688	-3	1686	1709	0
190576529	-1	439	2.535E-121	1	3	1673	83	439	0.433	3.006E-130	142	713	771	-1673	-3	1671	1709	0
190795434	-1	439	2.535E-121	1	3	1673	83	439	0.432	2.200E-130	142	714	772	-1673	-3	1671	1709	0
190827738	-1	385	4.566E-105	1	3	1673	83	385	0.337	7.732E-112	146	862	915	-1673	-3	1671	1709	0
190880523	-1	436	2.028E-120	1	3	1673	83	436	0.429	3.652E-129	146	719	772	-1673	-3	1671	1709	0
190923694	-1	417	1.063E-114	1	6	1688	83	417	0.400	8.517E-123	160	765	821	-1688	-6	1683	1709	0
192311037	-1	350	1.569E-94	1	6	1649	83	350	0.378	7.925E-100	131	666	730	-1649	-6	1644	1709	0
193010496	-1	300	1.766E-79	1	3	1646	83	300	0.297	9.195E-83	135	812	875	-1646	-3	1644	1709	0
195106072	-1	346	2.510E-93	1	207	1700	83	346	0.402	1.763E-98	114	599	728	-1700	-207	1494	1709	0
196466809	-1	311	8.625E-83	1	6	1673	83	311	0.299	1.624E-86	119	812	875	-1673	-6	1668	1709	0
202004466	-1	857	3.745E-247	2	0	2079	57	153	0.668	4.284E-38	28	136	758	-2079	-1741	339	2295	1741
202004466	-1	857	3.745E-247	2	0	2079	83	704	0.627	1.020E-221	136	708	758	-1673	0	1674	1709	0
203287891	-1	435	4.056E-120	1	3	1673	83	435	0.429	6.817E-129	162	734	787	-1673	-3	1671	1709	0
203367043	-1	312	4.313E-83	1	6	1646	83	312	0.305	4.720E-87	118	794	857	-1646	-6	1641	1709	0
204402725	-1	447	9.901E-124	1	3	1688	83	447	0.438	4.270E-133	127	699	756	-1688	-3	1686	1709	0
204819928	-1	456	1.934E-126	1	3	1688	83	456	0.444	4.427E-136	126	699	764	-1688	-3	1686	1709	0
205052967	-1	431	6.489E-119	1	3	1673	83	431	0.426	1.131E-127	146	719	772	-1673	-3	1671	1709	0
205085763	-1	665	2.350E-189	2	9	2079	57	117	0.536	5.912E-26	23	130	776	-2079	-1741	339	2295	1741
205085763	-1	665	2.350E-189	2	9	2079	83	553	0.514	1.627E-169	125	699	776	-1688	-9	1680	1709	0
205105306	-1	419	2.658E-115	1	6	1688	83	419	0.423	1.791E-123	147	709	752	-1688	-6	1683	1709	0
205312830	-1	430	1.298E-118	1	3	1673	83	430	0.426	2.111E-127	143	715	773	-1673	-3	1671	1709	0
205380444	-1	431	6.489E-119	1	3	1673	83	431	0.426	1.131E-127	146	719	772	-1673	-3	1671	1709	0
205403878	-1	92	7.267E-17	1	1765	2079	57	92	0.462	3.970E-17	29	134	164	-2079	-1765	315	2295	1741
205427007	-1	683	8.966E-195	2	9	2079	57	115	0.529	2.834E-25	23	130	776	-2079	-1741	339	2295	1741
205427007	-1	683	8.966E-195	2	9	2079	83	573	0.529	1.855E-176	125	699	776	-1688	-9	1680	1709	0
205471612	-1	426	2.076E-117	1	3	1673	83	426	0.421	6.530E-126	146	721	774	-1673	-3	1671	1709	0
205536223	-1	420	1.329E-115	1	3	1703	83	420	0.410	9.601E-124	125	713	765	-1703	-3	1701	1709	0
205557320	-1	516	1.677E-144	1	6	1673	83	516	0.501	5.338E-157	133	678	739	-1673	-6	1668	1709	0
205614082	-1	430	1.298E-118	1	3	1673	83	430	0.426	2.111E-127	144	716	774	-1673	-3	1671	1709	0
206252297	-1	303	2.208E-80	1	6	1646	83	303	0.299	7.796E-84	137	813	876	-1646	-6	1641	1709	0
208926311	-1	307	1.380E-81	1	3	1646	83	307	0.301	3.561E-85	135	812	875	-1646	-3	1644	1709	0
209435127	-1	359	3.064E-97	1	3	1649	83	359	0.385	6.288E-103	132	668	731	-1649	-3	1647	1709	0
214352594	-1	306	2.760E-81	1	6	1673	83	306	0.296	4.849E-85	119	813	876	-1673	-6	1668	1709	0
216014312	-1	434	8.111E-120	1	6	1673	83	434	0.429	1.739E-128	138	708	768	-1673	-6	1668	1709	0
217010011	-1	297	1.413E-78	1	6	1646	83	297	0.286	1.083E-81	133	844	903	-1646	-6	1641	1709	0
219087020	-1	437	1.014E-120	1	3	1688	83	437	0.430	7.668E-130	126	700	769	-1688	-3	1686	1709	0
219759177	-1	430	1.298E-118	1	3	1673	83	430	0.426	3.939E-127	147	718	776	-1673	-3	1671	1709	0
219796482	-1	287	1.447E-75	1	3	1250	83	287	0.392	2.391E-78	24	449	508	-1250	-3	1248	1709	0
220033885	-1	422	3.322E-116	1	3	1673	83	422	0.420	1.082E-124	146	719	772	-1673	-3	1671	1709	0
220415980	-1	283	2.315E-74	1	3	1676	83	283	0.278	3.811E-77	132	841	904	-1676	-3	1674	1709	0
220745436	-1	300	1.766E-79	1	3	1646	83	300	0.292	6.755E-83	169	864	922	-1646	-3	1644	1709	0
221059987	-1	300	1.766E-79	1	3	1646	83	300	0.297	6.755E-83	135	812	874	-1646	-3	1644	1709	0
223597397	-1	248	7.956E-64	1	726	1646	83	248	0.447	3.619E-65	132	427	487	-1646	-726	921	1709	0
225572231	-1	402	3.484E-110	1	3	1673	83	402	0.414	1.185E-117	138	682	741	-1673	-3	1671	1709	0
225958937	-1	297	1.413E-78	1	3	1646	83	297	0.295	7.959E-82	135	812	875	-1646	-3	1644	1709	0
226490787	-1	307	1.380E-81	1	6	1646	83	307	0.304	2.615E-85	132	800	865	-1646	-6	1641	1709	0
227257747	-1	291	9.044E-77	1	3	1646	83	291	0.291	1.101E-79	136	812	874	-1646	-3	1644	1709	0
228996040	-1	299	3.533E-79	1	3	1646	83	299	0.296	1.252E-82	135	812	875	-1646	-3	1644	1709	0
230042090	-1	676	1.148E-192	2	9	2079	57	110	0.510	1.663E-23	27	134	781	-2079	-1741	339	2295	1741
230042090	-1	676	1.148E-192	2	9	2079	83	571	0.527	1.217E-175	129	703	781	-1688	-9	1680	1709	0
231090463	-1	314	1.078E-83	1	6	1646	83	314	0.306	1.371E-87	138	814	877	-1646	-6	1641	1709	0
231895068	-1	370	1.496E-100	1	6	1673	83	370	0.390	1.431E-106	115	667	737	-1673	-6	1668	1709	0
234134033	-1	430	1.298E-118	1	3	1673	83	430	0.426	2.884E-127	144	716	774	-1673	-3	1671	1709	0
234136394	-1	431	6.489E-119	1	6	1673	83	431	0.422	1.131E-127	136	717	769	-1673	-6	1668	1709	0
234198637	-1	423	1.661E-116	1	6	1673	83	423	0.420	5.797E-125	146	720	775	-1673	-6	1668	1709	0
234263964	-1	506	1.718E-141	2	3	2079	57	84	0.401	2.005E-14	42	158	797	-2079	-1741	339	2295	1741
234263964	-1	506	1.718E-141	2	3	2079	83	427	0.414	3.499E-126	153	742	797	-1688	-3	1686	1709	0
234336813	-1	428	5.191E-118	1	3	1673	83	428	0.423	1.372E-126	148	723	776	-1673	-3	1671	1709	0
234352350	-1	448	4.951E-124	1	3	1673	83	448	0.437	2.286E-133	142	717	776	-1673	-3	1671	1709	0
234379540	-1	439	2.535E-121	1	3	1673	83	439	0.433	1.610E-130	142	714	772	-1673	-3	1671	1709	0
234380603	-1	427	1.038E-117	1	3	1673	83	427	0.423	3.499E-126	144	716	774	-1673	-3	1671	1709	0
234411413	-1	432	3.245E-119	1	3	1673	83	432	0.429	8.277E-128	137	706	765	-1673	-3	1671	1709	0
235540447	-1	293	2.261E-77	1	3	1661	83	293	0.292	1.734E-80	139	816	881	-1661	-3	1659	1709	0
237131488	-1	308	6.900E-82	1	6	1673	83	308	0.297	1.921E-85	119	812	875	-1673	-6	1668	1709	0
237645416	-1	355	4.903E-96	1	6	1649	83	355	0.382	1.913E-101	132	667	732	-1649	-6	1644	1709	0
239854669	-1	452	3.094E-125	1	3	1664	83	452	0.444	5.388E-135	1	570	626	-1664	-3	1662	1709	0
240593197	-1	370	1.496E-100	1	6	1676	83	370	0.390	7.687E-107	125	666	738	-1676	-6	1671	1709	0
240901995	-1	310	1.725E-82	1	3	1676	83	310	0.302	2.211E-86	131	814	877	-1676	-3	1674	1709	0
243075389	-1	422	3.322E-116	1	3	1673	83	422	0.417	1.478E-124	142	719	777	-1673	-3	1671	1709	0
248026446	-1	432	3.245E-119	1	3	1688	83	432	0.426	8.277E-128	125	698	758	-1688	-3	1686	1709	0
248171396	-1	449	2.475E-124	1	3	1688	83	449	0.440	6.556E-134	126	698	755	-1688	-3	1686	1709	0
248682499	-1	428	5.191E-118	1	3	1673	83	428	0.423	1.372E-126	146	721	774	-1673	-3	1671	1709	0
248805963	-1	491	5.628E-137	2	6	2088	57	76	0.364	1.351E-11	38	157	785	-2088	-1741	348	2295	1741
248805963	-1	491	5.628E-137	2	6	2088	83	420	0.416	7.029E-124	152	729	785	-1688	-6	1683	1709	0
248807982	-1	434	8.111E-120	1	3	1673	83	434	0.429	1.273E-128	142	714	772	-1673	-3	1671	1709	0
248943431	-1	422	3.322E-116	1	3	1673	83	422	0.418	1.478E-124	141	717	768	-1673	-3	1671	1709	0
249013204	-1	421	6.645E-116	1	3	1673	83	421	0.420	5.145E-124	139	709	768	-1673	-3	1671	1709	0
249013521	-1	440	1.267E-121	1	3	1673	83	440	0.433	1.178E-130	142	714	772	-1673	-3	1671	1709	0
249046549	-1	430	1.298E-118	1	6	1673	83	430	0.421	2.111E-127	136	717	769	-1673	-6	1668	1709	0
249177377	-1	304	1.104E-80	1	3	1343	83	304	0.387	3.089E-84	0	459	517	-1343	-3	1341	1709	0
249468169	-1	357	1.226E-96	1	3	1673	83	357	0.380	2.177E-102	123	676	745	-1673	-3	1671	1709	0
249667640	-1	356	2.451E-96	1	9	1673	83	356	0.380	7.538E-102	122	673	737	-1673	-9	1665	1709	0
255192724	-1	419	2.658E-115	1	6	1673	83	419	0.412	1.311E-123	156	740	792	-1673	-6	1668	1709	0
255248528	-1	441	6.337E-122	1	3	1673	83	441	0.432	3.380E-131	144	719	775	-1673	-3	1671	1709	0
255897284	-1	432	3.245E-119	1	3	1673	83	432	0.425	8.277E-128	147	722	775	-1673	-3	1671	1709	0
256300369	-1	308	6.900E-82	1	6	1646	83	308	0.303	1.036E-85	134	808	871	-1646	-6	1641	1709	0
258691300	-1	317	1.348E-84	1	6	1673	83	317	0.302	1.576E-88	119	813	876	-1673	-6	1668	1709	0
259721809	-1	341	8.033E-92	1	6	1700	83	341	0.364	9.925E-97	105	654	719	-1700	-6	1695	1709	0
261581563	-1	444	7.921E-123	1	3	1673	83	444	0.436	3.799E-132	141	713	773	-1673	-3	1671	1709	0
262529385	-1	454	7.736E-126	1	6	1688	83	454	0.443	2.111E-135	107	679	737	-1688	-6	1683	1709	0
262552163	-1	460	1.209E-127	1	6	1688	83	460	0.448	1.424E-137	126	698	756	-1688	-6	1683	1709	0
262930460	-1	449	2.475E-124	1	3	1688	83	449	0.439	1.224E-133	235	807	864	-1688	-3	1686	1709	0
263241263	-1	664	4.701E-189	2	9	2079	57	115	0.528	3.877E-25	23	130	776	-2079	-1741	339	2295	1741
263241263	-1	664	4.701E-189	2	9	2079	83	554	0.515	8.694E-170	125	699	776	-1688	-9	1680	1709	0
263285315	-1	427	1.038E-117	1	3	1673	83	427	0.423	3.499E-126	133	705	763	-1673	-3	1671	1709	0
263386803	-1	433	1.622E-119	1	6	1673	83	433	0.424	2.375E-128	135	715	767	-1673	-6	1668	1709	0
263517709	-1	328	6.581E-88	1	3	1418	83	328	0.394	2.003E-92	2	487	545	-1418	-3	1416	1709	0
263624097	-1	430	1.298E-118	1	6	1688	83	430	0.414	2.884E-127	177	772	830	-1688	-6	1683	1709	0
263806475	-1	453	1.547E-125	1	3	1688	83	453	0.433	3.942E-135	106	695	748	-1688	-3	1686	1709	0
263902692	-1	301	8.832E-80	1	3	1646	83	301	0.297	3.645E-83	136	813	876	-1646	-3	1644	1709	0
266726775	-1	365	4.788E-99	1	9	1646	83	365	0.391	4.367E-105	140	677	735	-1646	-9	1638	1709	0
267924175	-1	322	4.212E-86	1	6	1646	83	322	0.311	2.830E-90	138	814	880	-1646	-6	1641	1709	0
270921857	-1	362	3.830E-98	1	3	1649	83	362	0.387	5.242E-104	132	668	731	-1649	-3	1647	1709	0
271049117	-1	303	2.208E-80	1	3	1646	83	303	0.299	7.796E-84	135	812	875	-1646	-3	1644	1709	0
272550471	-1	338	6.426E-91	1	6	1688	83	338	0.363	8.688E-96	104	656	720	-1688	-6	1683	1709	0
273606031	-1	316	2.695E-84	1	3	1646	83	316	0.307	2.147E-88	135	812	875	-1646	-3	1644	1709	0
275243670	-1	589	1.776E-166	2	6	2097	57	106	0.474	5.200E-22	35	148	776	-2097	-1741	357	2295	1741
275243670	-1	589	1.776E-166	2	6	2097	83	483	0.462	1.391E-145	148	724	776	-1673	-6	1668	1709	0
275421137	-1	321	8.423E-86	1	6	1673	83	321	0.305	5.254E-90	119	813	877	-1673	-6	1668	1709	0
277080930	-1	459	2.417E-127	1	3	1688	83	459	0.446	3.636E-137	117	690	747	-1688	-3	1686	1709	0
277109954	-1	430	1.298E-118	1	3	1688	83	430	0.425	2.111E-127	125	698	758	-1688	-3	1686	1709	0
277254997	-1	434	8.111E-120	1	3	1688	83	434	0.428	9.314E-129	126	700	769	-1688	-3	1686	1709	0
277255192	-1	449	2.475E-124	1	3	1688	83	449	0.440	8.959E-134	238	810	867	-1688	-3	1686	1709	0
278014330	-1	435	4.056E-120	1	3	1664	83	435	0.431	6.817E-129	1	570	628	-1664	-3	1662	1709	0
278103405	-1	430	1.298E-118	1	3	1673	83	430	0.426	2.111E-127	144	716	774	-1673	-3	1671	1709	0
278148125	-1	479	2.305E-133	2	6	2055	57	91	0.462	7.404E-17	38	138	763	-2055	-1741	315	2295	1741
278148125	-1	479	2.305E-133	2	6	2055	83	388	0.398	8.755E-113	138	703	763	-1673	-6	1668	1709	0
278193997	-1	431	6.489E-119	1	3	1673	83	431	0.426	1.545E-127	139	711	769	-1673	-3	1671	1709	0
278314763	-1	433	1.622E-119	1	3	1673	83	433	0.427	3.245E-128	178	751	810	-1673	-3	1671	1709	0
279423267	-1	341	8.033E-92	1	6	1700	83	341	0.364	9.925E-97	116	665	730	-1700	-6	1695	1709	0
279977040	-1	323	2.106E-86	1	6	1646	83	323	0.311	1.119E-90	138	814	878	-1646	-6	1641	1709	0
281386371	-1	305	5.520E-81	1	3	1646	83	305	0.300	1.224E-84	135	812	875	-1646	-3	1644	1709	0
281477597	-1	340	1.607E-91	1	6	1688	83	340	0.365	2.515E-96	124	676	740	-1688	-6	1683	1709	0
283596739	-1	367	1.197E-99	1	6	1673	83	367	0.388	1.260E-105	114	665	734	-1673	-6	1668	1709	0
285131618	-1	325	5.265E-87	1	3	1646	83	325	0.313	3.246E-91	131	803	863	-1646	-3	1644	1709	0
285573108	-1	371	7.481E-101	1	6	1688	83	371	0.388	4.128E-107	118	670	729	-1688	-6	1683	1709	0
286398742	-1	321	8.423E-86	1	3	1646	83	321	0.311	5.254E-90	131	803	863	-1646	-3	1644	1709	0
291766242	-1	465	3.777E-129	1	6	1688	83	465	0.451	2.450E-139	183	755	813	-1688	-6	1683	1709	0
292318972	-1	643	9.859E-183	2	9	2079	57	117	0.534	1.107E-25	20	127	742	-2079	-1741	339	2295	1741
292318972	-1	643	9.859E-183	2	9	2079	83	531	0.509	4.958E-162	122	665	742	-1688	-9	1680	1709	0
292433068	-1	426	2.076E-117	1	3	1673	83	426	0.423	8.921E-126	143	715	773	-1673	-3	1671	1709	0
292522045	-1	435	4.056E-120	1	6	1664	83	435	0.420	4.989E-129	1	591	648	-1664	-6	1659	1709	0
292533874	-1	191	1.147E-46	1	3	776	83	191	0.393	2.943E-46	5	285	343	-776	-3	774	1709	0
292638627	-1	427	1.038E-117	1	3	1673	83	427	0.424	3.499E-126	142	713	771	-1673	-3	1671	1709	0
292801893	-1	439	2.535E-121	1	3	1664	83	439	0.434	3.006E-130	1	570	628	-1664	-3	1662	1709	0
293889738	-1	310	1.725E-82	1	3	1646	83	310	0.303	4.101E-86	135	812	875	-1646	-3	1644	1709	0
296108566	-1	293	2.261E-77	1	3	1646	83	293	0.288	2.360E-80	121	816	875	-1646	-3	1644	1709	0
296118868	-1	315	5.391E-84	1	57	1646	83	315	0.311	7.392E-88	133	793	872	-1646	-57	1590	1709	0
296375846	-1	346	2.510E-93	1	6	1646	83	346	0.376	2.404E-98	133	666	731	-1646	-6	1641	1709	0
296700037	-1	314	1.078E-83	1	6	1646	83	314	0.305	1.371E-87	138	815	876	-1646	-6	1641	1709	0
297055958	-1	308	6.900E-82	1	6	1646	83	308	0.302	1.410E-85	148	824	887	-1646	-6	1641	1709	0
297878420	-1	372	3.741E-101	1	6	1673	83	372	0.391	2.217E-107	114	668	738	-1673	-6	1668	1709	0
298165046	-1	361	7.661E-98	1	6	1688	83	361	0.380	1.816E-103	118	670	729	-1688	-6	1683	1709	0
298613648	-1	308	6.900E-82	1	3	1673	83	308	0.296	1.921E-85	117	813	876	-1673	-3	1671	1709	0
298650928	-1	307	1.380E-81	1	6	1646	83	307	0.302	3.561E-85	145	819	882	-1646	-6	1641	1709	0
302998789	-1	289	3.618E-76	1	3	1646	83	289	0.290	2.773E-79	131	808	872	-1646	-3	1644	1709	0
303178917	-1	351	7.845E-95	1	6	1649	83	351	0.380	2.291E-100	129	664	735	-1649	-6	1644	1709	0
303622925	-1	297	1.413E-78	1	3	1646	83	297	0.290	7.959E-82	147	842	900	-1646	-3	1644	1709	0
306151391	-1	451	6.188E-125	1	6	1673	83	451	0.444	1.879E-134	131	698	756	-1673	-6	1668	1709	0
306862128	-1	432	3.245E-119	1	3	1664	83	432	0.429	4.434E-128	1	570	628	-1664	-3	1662	1709	0
307073545	-1	462	3.022E-128	1	6	1673	83	462	0.443	4.080E-138	141	723	775	-1673	-6	1668	1709	0
307128189	-1	447	9.901E-124	1	3	1673	83	447	0.439	4.270E-133	138	709	767	-1673	-3	1671	1709	0
307172486	-1	424	8.306E-117	1	3	1673	83	424	0.421	2.274E-125	146	719	776	-1673	-3	1671	1709	0
307251557	-1	536	1.600E-150	2	3	2079	57	92	0.442	2.907E-17	31	141	773	-2079	-1741	339	2295	1741
307251557	-1	536	1.600E-150	2	3	2079	83	444	0.436	3.799E-132	141	713	773	-1673	-3	1671	1709	0
307308671	-1	430	1.298E-118	1	3	1673	83	430	0.425	3.939E-127	144	716	774	-1673	-3	1671	1709	0
308015141	-1	286	2.894E-75	1	3	1646	83	286	0.289	4.425E-78	134	809	871	-1646	-3	1644	1709	0
309474052	-1	366	2.394E-99	1	6	1688	83	366	0.385	1.720E-105	118	670	729	-1688	-6	1683	1709	0
310357884	-1	299	3.533E-79	1	3	1676	83	299	0.295	1.252E-82	131	814	877	-1676	-3	1674	1709	0
312406111	-1	341	8.033E-92	1	6	1646	83	341	0.372	9.925E-97	133	677	735	-1646	-6	1641	1709	0
314232992	-1	458	4.835E-127	1	3	1688	83	458	0.444	9.282E-137	138	714	765	-1688	-3	1686	1709	0
316651630	-1	309	3.450E-82	1	3	1646	83	309	0.302	7.606E-86	135	812	875	-1646	-3	1644	1709	0
316981530	-1	353	1.961E-95	1	9	1646	83	353	0.382	4.854E-101	138	672	736	-1646	-9	1638	1709	0
320679206	-1	452	3.094E-125	1	3	1688	83	452	0.441	1.006E-134	127	700	757	-1688	-3	1686	1709	0
320706996	-1	466	1.889E-129	1	6	1688	83	466	0.452	1.792E-139	126	698	756	-1688	-6	1683	1709	0
320738276	-1	453	1.547E-125	1	3	1688	83	453	0.442	3.942E-135	127	699	756	-1688	-3	1686	1709	0
321532854	-1	438	5.070E-121	1	3	1673	83	438	0.432	4.107E-130	142	714	772	-1673	-3	1671	1709	0
321725784	-1	383	1.826E-104	1	3	1673	83	383	0.347	3.664E-111	143	823	881	-1673	-3	1671	1709	0
321799973	-1	430	1.298E-118	1	3	1688	83	430	0.416	3.939E-127	125	714	769	-1688	-3	1686	1709	0
321825894	-1	426	2.076E-117	1	3	1673	83	426	0.416	8.921E-126	146	730	1055	-1673	-3	1671	1709	0
326759438	-1	351	7.845E-95	1	3	1646	83	351	0.379	3.124E-100	133	675	738	-1646	-3	1644	1709	0
327019771	-1	310	1.725E-82	1	6	1646	83	310	0.303	4.101E-86	132	808	871	-1646	-6	1641	1709	0
327620819	-1	372	3.741E-101	1	6	1676	83	372	0.391	2.217E-107	128	668	731	-1676	-6	1671	1709	0
331646329	-1	303	2.208E-80	1	3	1646	83	303	0.299	5.726E-84	135	812	874	-1646	-3	1644	1709	0
333396586	-1	359	3.064E-97	1	6	1646	83	359	0.386	8.578E-103	138	680	742	-1646	-6	1641	1709	0
335222298	-1	447	9.901E-124	1	3	1688	83	447	0.438	3.125E-133	126	698	755	-1688	-3	1686	1709	0
335246765	-1	443	1.584E-122	1	3	1688	83	443	0.435	1.325E-131	126	698	756	-1688	-3	1686	1709	0
335260277	-1	348	6.276E-94	1	3	1688	83	348	0.371	2.741E-99	74	553	610	-1688	-3	1686	1709	0
335278964	-1	452	3.094E-125	1	3	1688	83	452	0.442	7.363E-135	199	771	828	-1688	-3	1686	1709	0
335421156	-1	447	9.901E-124	1	6	1673	83	447	0.441	3.125E-133	131	698	756	-1673	-6	1668	1709	0
335514927	-1	464	7.554E-129	1	6	1688	83	464	0.451	6.256E-139	126	698	756	-1688	-6	1683	1709	0
336053568	-1	498	4.397E-139	2	6	2046	57	68	0.415	3.501E-09	11	97	743	-2046	-1777	270	2295	1741
336053568	-1	498	4.397E-139	2	6	2046	83	435	0.423	6.817E-129	104	687	743	-1679	-6	1674	1709	0
336219793	-1	430	1.298E-118	1	3	1673	83	430	0.426	2.884E-127	144	716	774	-1673	-3	1671	1709	0
336243269	-1	430	1.298E-118	1	3	1673	83	430	0.425	2.884E-127	146	719	772	-1673	-3	1671	1709	0
336514781	-1	444	7.921E-123	1	3	1673	83	444	0.437	3.799E-132	145	715	774	-1673	-3	1671	1709	0
336536186	-1	434	8.111E-120	1	3	1688	83	434	0.419	1.739E-128	150	739	794	-1688	-3	1686	1709	0
339082558	-1	294	1.131E-77	1	6	1646	83	294	0.285	6.883E-81	133	844	903	-1646	-6	1641	1709	0
339863160	-1	293	2.261E-77	1	6	1646	83	293	0.293	1.734E-80	134	810	873	-1646	-6	1641	1709	0
340493486	-1	302	4.416E-80	1	3	1646	83	302	0.298	1.967E-83	136	813	876	-1646	-3	1644	1709	0
342319780	-1	316	2.695E-84	1	6	1646	83	316	0.307	2.147E-88	138	814	878	-1646	-6	1641	1709	0
343029778	-1	300	1.766E-79	1	3	1646	83	300	0.297	9.195E-83	135	812	873	-1646	-3	1644	1709	0
343737358	-1	322	4.212E-86	1	3	1646	83	322	0.312	2.077E-90	131	803	863	-1646	-3	1644	1709	0
343969691	-1	310	1.725E-82	1	3	1646	83	310	0.303	4.101E-86	135	812	874	-1646	-3	1644	1709	0
344014362	-1	301	8.832E-80	1	6	1646	83	301	0.298	2.678E-83	135	811	875	-1646	-6	1641	1709	0
347417190	-1	235	6.517E-60	1	783	1646	83	235	0.450	8.409E-61	135	411	412	-1646	-783	864	1709	0
347681404	-1	321	8.423E-86	1	3	1646	83	321	0.311	5.254E-90	131	803	863	-1646	-3	1644	1709	0
349819473	-1	429	2.596E-118	1	3	1688	83	429	0.425	5.382E-127	125	698	758	-1688	-3	1686	1709	0
350478932	-1	437	1.014E-120	1	3	1673	83	437	0.430	1.432E-129	146	720	773	-1673	-3	1671	1709	0
350532761	-1	436	2.028E-120	1	3	1673	83	436	0.431	2.673E-129	141	712	770	-1673	-3	1671	1709	0
350549041	-1	431	6.489E-119	1	3	1673	83	431	0.426	1.545E-127	165	738	791	-1673	-3	1671	1709	0
350595105	-1	437	1.014E-120	1	3	1673	83	437	0.432	7.668E-130	147	718	776	-1673	-3	1671	1709	0
350697414	-1	528	4.095E-148	2	3	2079	57	93	0.445	1.558E-17	34	144	775	-2079	-1741	339	2295	1741
350697414	-1	528	4.095E-148	2	3	2079	83	435	0.429	4.989E-129	144	717	775	-1673	-3	1671	1709	0
350729782	-1	432	3.245E-119	1	3	1673	83	432	0.427	8.277E-128	138	709	769	-1673	-3	1671	1709	0
350740091	-1	329	3.290E-88	1	3	1418	83	329	0.394	1.078E-92	2	487	519	-1418	-3	1416	1709	0
350881981	-1	85	9.302E-15	1	1777	2055	57	85	0.483	5.783E-15	41	129	142	-2055	-1777	279	2295	1741
350898867	-1	546	1.562E-153	2	3	2100	57	95	0.431	2.398E-18	21	141	775	-2100	-1741	360	2295	1741
350898867	-1	546	1.562E-153	2	3	2100	83	451	0.439	1.879E-134	141	716	775	-1673	-3	1671	1709	0
351834388	-1	355	4.903E-96	1	3	1646	83	355	0.383	1.028E-101	132	666	730	-1646	-3	1644	1709	0
352060295	-1	370	1.496E-100	1	3	1661	83	370	0.391	1.431E-106	125	664	729	-1661	-3	1659	1709	0
353105270	-1	358	6.129E-97	1	6	1700	83	358	0.376	1.596E-102	118	666	730	-1700	-6	1695	1709	0
354961347	-1	309	3.450E-82	1	6	1646	83	309	0.303	5.585E-86	134	808	871	-1646	-6	1641	1709	0
357727902	-1	836	7.853E-241	2	6	2088	57	142	0.612	1.522E-34	21	137	753	-2088	-1741	348	2295	1741
357727902	-1	836	7.853E-241	2	6	2088	83	694	0.626	3.600E-218	137	701	753	-1673	-6	1668	1709	0
359273268	-1	369	2.993E-100	1	6	1673	83	369	0.389	2.665E-106	115	667	737	-1673	-6	1668	1709	0
359359553	-1	276	2.964E-72	1	6	1646	83	276	0.273	1.309E-74	133	846	904	-1646	-6	1641	1709	0
359452653	-1	322	4.212E-86	1	6	1646	83	322	0.311	2.830E-90	138	814	877	-1646	-6	1641	1709	0
359581592	-1	432	3.245E-119	1	3	1673	83	432	0.428	4.434E-128	147	718	776	-1673	-3	1671	1709	0
360445180	-1	436	2.028E-120	1	3	1673	83	436	0.430	1.956E-129	145	718	777	-1673	-3	1671	1709	0
360604144	-1	426	2.076E-117	1	6	1673	83	426	0.423	8.921E-126	138	709	762	-1673	-6	1668	1709	0
364305229	-1	445	3.961E-123	1	3	1688	83	445	0.436	2.780E-132	126	698	755	-1688	-3	1686	1709	0
364318936	-1	438	5.070E-121	1	3	1688	83	438	0.430	5.612E-130	126	700	769	-1688	-3	1686	1709	0
364364726	-1	462	3.022E-128	1	3	1688	83	462	0.449	2.184E-138	126	699	756	-1688	-3	1686	1709	0
365083239	-1	454	7.736E-126	1	3	1688	83	454	0.435	1.544E-135	164	751	802	-1688	-3	1686	1709	0
365092438	-1	673	9.182E-192	2	9	2079	57	113	0.519	2.540E-24	23	130	775	-2079	-1741	339	2295	1741
365092438	-1	673	9.182E-192	2	9	2079	83	565	0.523	1.342E-173	125	699	775	-1688	-9	1680	1709	0
365139791	-1	497	8.794E-139	2	3	2079	57	72	0.358	2.182E-10	40	156	812	-2079	-1741	339	2295	1741
365139791	-1	497	8.794E-139	2	3	2079	83	430	0.408	2.111E-127	151	757	812	-1688	-3	1686	1709	0
365468863	-1	433	1.622E-119	1	3	1673	83	433	0.428	3.245E-128	143	714	772	-1673	-3	1671	1709	0
365502206	-1	440	1.267E-121	1	3	1673	83	440	0.434	8.623E-131	142	712	771	-1673	-3	1671	1709	0
365596739	-1	436	2.028E-120	1	3	1673	83	436	0.430	1.956E-129	145	717	775	-1673	-3	1671	1709	0
365726224	-1	297	1.413E-78	1	3	1673	83	297	0.294	7.959E-82	109	790	925	-1673	-3	1671	1709	0
371950748	-1	340	1.607E-91	1	195	1649	83	340	0.404	2.515E-96	115	591	714	-1649	-195	1455	1709	0
372352640	-1	1076	4.445E-313	2	0	2079	57	169	0.732	5.694E-44	58	168	778	-2079	-1741	339	2295	1741
372352640	-1	1076	4.445E-313	2	0	2079	83	907	0.789	4.726E-292	168	729	778	-1673	0	1674	1709	0
373879599	-1	1062	7.282E-309	2	0	2079	57	162	0.705	1.644E-41	38	149	757	-2079	-1741	339	2295	1741
373879599	-1	1062	7.282E-309	2	0	2079	83	900	0.787	1.867E-289	149	707	757	-1673	0	1674	1709	0
377612417	-1	316	2.695E-84	1	3	1673	83	316	0.301	3.984E-88	119	814	876	-1673	-3	1671	1709	0
378886347	-1	441	6.337E-122	1	3	1688	83	441	0.434	4.619E-131	126	698	755	-1688	-3	1686	1709	0
378905063	-1	463	1.511E-128	1	3	1688	83	463	0.449	1.169E-138	126	699	756	-1688	-3	1686	1709	0
379121190	-1	449	2.475E-124	1	3	1688	83	449	0.446	1.224E-133	84	634	688	-1688	-3	1686	1709	0
379139016	-1	434	8.111E-120	1	6	1688	83	434	0.428	1.273E-128	126	699	769	-1688	-6	1683	1709	0
379157212	-1	749	1.215E-214	2	6	2124	57	143	0.539	5.926E-35	4	141	854	-2124	-1741	384	2295	1741
379157212	-1	749	1.215E-214	2	6	2124	83	606	0.568	6.705E-188	141	663	854	-1673	-6	1668	1709	0
379683157	-1	440	1.267E-121	1	3	1673	83	440	0.433	1.178E-130	142	714	772	-1673	-3	1671	1709	0
379748736	-1	259	3.885E-67	2	3	2046	57	69	0.419	1.891E-09	6	92	524	-2046	-1777	270	2295	1741
379748736	-1	259	3.885E-67	2	3	2046	83	199	0.396	7.373E-49	103	392	524	-776	-3	774	1709	0
379759500	-1	84	1.860E-14	1	1759	2109	57	84	0.378	2.005E-14	17	143	149	-2109	-1759	351	2295	1741
379845969	-1	238	8.146E-61	1	3	1076	83	238	0.376	5.440E-62	123	496	555	-1076	-3	1074	1709	0
380026705	-1	436	2.028E-120	1	3	1673	83	436	0.429	2.673E-129	146	719	772	-1673	-3	1671	1709	0
380100095	-1	426	2.076E-117	1	3	1673	83	426	0.423	4.780E-126	139	711	769	-1673	-3	1671	1709	0
382268847	-1	337	1.285E-90	1	3	1676	83	337	0.310	1.615E-95	116	825	896	-1676	-3	1674	1709	0
388067308	-1	308	6.900E-82	1	6	1673	83	308	0.297	1.410E-85	119	813	876	-1673	-6	1668	1709	0
388736717	-1	356	2.451E-96	1	6	1673	83	356	0.379	5.526E-102	114	668	738	-1673	-6	1668	1709	0
389245782	-1	453	1.547E-125	1	6	1673	83	453	0.446	2.885E-135	141	708	763	-1673	-6	1668	1709	0
390557516	-1	314	1.078E-83	1	3	1646	83	314	0.306	1.007E-87	157	833	895	-1646	-3	1644	1709	0
393559005	-1	468	4.721E-130	1	6	1688	83	468	0.453	2.748E-140	183	755	813	-1688	-6	1683	1709	0
393596438	-1	404	8.709E-111	1	3	1688	83	404	0.412	2.497E-118	126	671	729	-1688	-3	1686	1709	0
394134177	-1	426	2.076E-117	1	3	1688	83	426	0.411	6.530E-126	151	745	798	-1688	-3	1686	1709	0
394174097	-1	429	2.596E-118	1	3	1673	83	429	0.424	7.353E-127	146	719	772	-1673	-3	1671	1709	0
394217655	-1	509	2.147E-142	1	3	1688	83	509	0.491	2.045E-154	129	682	765	-1688	-3	1686	1709	0
394219831	-1	437	1.014E-120	1	3	1673	83	437	0.431	1.432E-129	147	718	776	-1673	-3	1671	1709	0
394461720	-1	426	2.076E-117	1	6	1673	83	426	0.418	8.921E-126	136	717	769	-1673	-6	1668	1709	0
394487889	-1	430	1.298E-118	1	6	1688	83	430	0.413	3.939E-127	180	775	833	-1688	-6	1683	1709	0
394552902	-1	542	2.499E-152	2	6	2088	57	93	0.436	1.558E-17	23	136	796	-2088	-1741	348	2295	1741
394552902	-1	542	2.499E-152	2	6	2088	83	454	0.430	2.111E-135	131	727	796	-1688	-6	1683	1709	0
397274895	-1	300	1.766E-79	1	3	1646	83	300	0.297	9.195E-83	135	812	875	-1646	-3	1644	1709	0
397520753	-1	304	1.104E-80	1	66	1646	83	304	0.305	2.269E-84	133	790	872	-1646	-66	1581	1709	0
397797147	-1	308	6.900E-82	1	6	1646	83	308	0.302	1.410E-85	135	811	875	-1646	-6	1641	1709	0
398073262	-1	307	1.380E-81	1	6	1646	83	307	0.301	2.615E-85	133	809	873	-1646	-6	1641	1709	0
398711741	-1	360	1.532E-97	1	6	1646	83	360	0.387	3.379E-103	134	671	734	-1646	-6	1641	1709	0
402797392	-1	299	3.533E-79	1	69	1673	83	299	0.297	1.252E-82	116	789	872	-1673	-69	1605	1709	0
404073825	-1	354	9.806E-96	1	3	1649	83	354	0.381	3.559E-101	133	669	732	-1649	-3	1647	1709	0
405455673	-1	297	1.413E-78	1	390	1649	83	297	0.406	1.083E-81	132	550	551	-1649	-390	1260	1709	0
405902186	-1	1106	4.150E-322	2	0	2103	57	199	0.793	4.297E-54	38	157	764	-2103	-1741	363	2295	1741
405902186	-1	1106	4.150E-322	2	0	2103	83	907	0.792	4.726E-292	157	715	764	-1673	0	1674	1709	0
406482230	-1	430	1.298E-118	1	3	1688	83	430	0.416	3.939E-127	150	739	794	-1688	-3	1686	1709	0
407970148	-1	458	4.835E-127	1	6	1688	83	458	0.446	9.282E-137	126	698	756	-1688	-6	1683	1709	0
408062471	-1	1064	1.821E-309	2	0	2127	57	181	0.692	6.162E-48	49	167	774	-2127	-1741	387	2295	1741
408062471	-1	1064	1.821E-309	2	0	2127	83	883	0.774	1.403E-283	167	725	774	-1673	0	1674	1709	0
408096014	-1	444	7.921E-123	1	3	1688	83	444	0.436	3.799E-132	126	698	755	-1688	-3	1686	1709	0
408098471	-1	469	2.361E-130	1	6	1688	83	469	0.454	1.076E-140	122	694	752	-1688	-6	1683	1709	0
408219268	-1	463	1.511E-128	1	3	1688	83	463	0.449	1.598E-138	126	699	743	-1688	-3	1686	1709	0
408657102	-1	631	4.038E-179	2	9	2142	57	77	0.343	3.916E-12	7	112	761	-2142	-1741	402	2295	1741
408657102	-1	631	4.038E-179	2	9	2142	83	559	0.520	1.080E-171	107	679	761	-1688	-9	1680	1709	0
408802050	-1	435	4.056E-120	1	3	1673	83	435	0.429	6.817E-129	146	719	772	-1673	-3	1671	1709	0
409042770	-1	673	9.182E-192	2	9	2142	57	109	0.445	3.110E-23	5	133	776	-2142	-1741	402	2295	1741
409042770	-1	673	9.182E-192	2	9	2142	83	569	0.528	4.266E-175	128	699	776	-1688	-9	1680	1709	0
409124918	-1	436	2.028E-120	1	3	1673	83	436	0.429	1.956E-129	146	720	773	-1673	-3	1671	1709	0
409143755	-1	440	1.267E-121	1	3	1673	83	440	0.433	8.623E-131	142	714	772	-1673	-3	1671	1709	0
409211616	-1	302	4.416E-80	1	3	1343	83	302	0.386	1.445E-83	0	459	517	-1343	-3	1341	1709	0
410381252	-1	313	2.156E-83	1	3	1646	83	313	0.305	3.465E-87	135	812	875	-1646	-3	1644	1709	0
411704000	-1	348	6.276E-94	1	6	1646	83	348	0.378	2.741E-99	132	672	735	-1646	-6	1641	1709	0
411959196	-1	321	8.423E-86	1	6	1646	83	321	0.310	7.158E-90	137	813	876	-1646	-6	1641	1709	0
412012952	-1	293	2.261E-77	1	6	1646	83	293	0.286	1.275E-80	132	834	892	-1646	-6	1641	1709	0
412628109	-1	298	7.066E-79	1	6	1646	83	298	0.296	4.296E-82	133	809	873	-1646	-6	1641	1709	0
415275779	-1	324	1.053E-86	1	6	1646	83	324	0.312	4.423E-91	138	814	878	-1646	-6	1641	1709	0
421412688	-1	784	3.537E-225	2	0	2079	57	153	0.668	4.284E-38	28	136	706	-2079	-1741	339	2295	1741
421412688	-1	784	3.537E-225	2	0	2079	83	631	0.585	1.739E-196	136	656	706	-1673	0	1674	1709	0
422533722	-1	468	4.721E-130	1	6	1688	83	468	0.453	2.748E-140	127	699	757	-1688	-6	1683	1709	0
422670278	-1	449	2.475E-124	1	3	1688	83	449	0.440	8.959E-134	183	755	812	-1688	-3	1686	1709	0
423493470	-1	430	1.298E-118	1	3	1673	83	430	0.425	2.111E-127	146	719	772	-1673	-3	1671	1709	0
423592421	-1	196	3.583E-48	1	3	776	83	196	0.401	6.014E-48	32	311	369	-776	-3	774	1709	0
423612620	-1	431	6.489E-119	1	3	1688	83	431	0.418	1.131E-127	150	739	1042	-1688	-3	1686	1709	0
423642917	-1	436	2.028E-120	1	3	1673	83	436	0.430	2.673E-129	142	714	772	-1673	-3	1671	1709	0
423730644	-1	402	3.484E-110	1	3	1673	83	402	0.414	1.185E-117	138	682	741	-1673	-3	1671	1709	0
423873276	-1	368	5.985E-100	1	6	1673	83	368	0.389	3.636E-106	115	667	737	-1673	-6	1668	1709	0
425509874	-1	315	5.391E-84	1	6	1646	83	315	0.307	5.427E-88	133	807	870	-1646	-6	1641	1709	0
425773775	-1	324	1.053E-86	1	6	1646	83	324	0.312	6.027E-91	141	817	880	-1646	-6	1641	1709	0
426177781	-1	314	1.078E-83	1	6	1646	83	314	0.306	1.007E-87	147	823	888	-1646	-6	1641	1709	0
426310233	-1	294	1.131E-77	1	6	1646	83	294	0.293	6.883E-81	135	811	875	-1646	-6	1641	1709	0
430178790	-1	308	6.900E-82	1	3	1673	83	308	0.297	1.410E-85	116	811	873	-1673	-3	1671	1709	0
431475884	-1	316	2.695E-84	1	6	1646	83	316	0.307	3.984E-88	137	813	876	-1646	-6	1641	1709	0
432058327	-1	308	6.900E-82	1	3	1646	83	308	0.302	1.036E-85	135	812	875	-1646	-3	1644	1709	0
432856820	-1	372	3.741E-101	1	3	1673	83	372	0.391	2.217E-107	113	664	729	-1673	-3	1671	1709	0
434811605	-1	356	2.451E-96	1	6	1679	83	356	0.378	7.538E-102	118	664	729	-1679	-6	1674	1709	0
437012585	-1	451	6.188E-125	1	3	1688	83	451	0.440	2.569E-134	127	700	757	-1688	-3	1686	1709	0
437038675	-1	445	3.961E-123	1	3	1688	83	445	0.437	2.035E-132	126	698	756	-1688	-3	1686	1709	0
437053387	-1	439	2.535E-121	1	3	1688	83	439	0.432	2.200E-130	126	698	755	-1688	-3	1686	1709	0
437072722	-1	462	3.022E-128	1	3	1688	83	462	0.448	4.080E-138	126	699	756	-1688	-3	1686	1709	0
437146630	-1	1046	4.772E-304	2	0	2079	57	169	0.730	7.800E-44	42	152	762	-2079	-1741	339	2295	1741
437146630	-1	1046	4.772E-304	2	0	2079	83	877	0.766	1.573E-281	152	713	762	-1673	0	1674	1709	0
437488905	-1	280	1.852E-73	1	3	1181	83	280	0.403	3.279E-76	122	522	587	-1181	-3	1179	1709	0
437489743	-1	466	1.889E-129	1	3	1688	83	466	0.451	1.792E-139	126	699	764	-1688	-3	1686	1709	0
437776039	-1	426	2.076E-117	1	3	1673	83	426	0.421	8.921E-126	146	721	774	-1673	-3	1671	1709	0
437809236	-1	429	2.596E-118	1	3	1673	83	429	0.423	7.353E-127	146	721	1080	-1673	-3	1671	1709	0
437900086	-1	437	1.014E-120	1	3	1673	83	437	0.431	1.432E-129	142	714	772	-1673	-3	1671	1709	0
438011194	-1	430	1.298E-118	1	3	1673	83	430	0.427	2.884E-127	138	707	766	-1673	-3	1671	1709	0
438055752	-1	422	3.322E-116	1	6	1673	83	422	0.416	1.082E-124	136	715	767	-1673	-6	1668	1709	0
438684723	-1	349	3.138E-94	1	9	1646	83	349	0.379	1.081E-99	139	673	737	-1646	-9	1638	1709	0
441714041	-1	301	8.832E-80	1	81	1673	83	301	0.299	4.962E-83	123	792	795	-1673	-81	1593	1709	0
442406723	-1	301	8.832E-80	1	6	1646	83	301	0.298	4.962E-83	135	809	869	-1646	-6	1641	1709	0
445537447	-1	287	1.447E-75	1	6	1646	83	287	0.280	1.758E-78	133	844	903	-1646	-6	1641	1709	0
446194499	-1	357	1.226E-96	1	30	1661	83	357	0.386	2.970E-102	128	662	732	-1661	-30	1632	1709	0
446658266	-1	435	4.056E-120	1	3	1673	83	435	0.429	6.817E-129	139	711	777	-1673	-3	1671	1709	0
448948815	-1	303	2.208E-80	1	3	1646	83	303	0.299	5.726E-84	135	812	874	-1646	-3	1644	1709	0
449469647	-1	366	2.394E-99	1	3	1664	83	366	0.311	3.201E-105	1	770	823	-1664	-3	1662	1709	0
451752648	-1	436	2.028E-120	1	3	1688	83	436	0.429	3.652E-129	126	700	769	-1688	-3	1686	1709	0
452294686	-1	531	5.119E-149	1	6	1673	83	531	0.510	6.781E-162	126	666	731	-1673	-6	1668	1709	0
452295636	-1	528	4.095E-148	2	3	2079	57	93	0.445	1.558E-17	30	140	769	-2079	-1741	339	2295	1741
452295636	-1	528	4.095E-148	2	3	2079	83	435	0.430	6.817E-129	140	711	769	-1673	-3	1671	1709	0
452386152	-1	505	3.435E-141	2	3	2046	57	81	0.432	1.763E-13	6	104	742	-2046	-1741	306	2295	1741
452386152	-1	505	3.435E-141	2	3	2046	83	429	0.416	7.353E-127	99	687	742	-1688	-3	1686	1709	0
452427280	-1	435	4.056E-120	1	3	1673	83	435	0.429	4.989E-129	170	743	796	-1673	-3	1671	1709	0
452529829	-1	440	1.267E-121	1	3	1673	83	440	0.433	1.178E-130	142	714	772	-1673	-3	1671	1709	0
452587980	-1	421	6.645E-116	1	6	1673	83	421	0.413	3.767E-124	137	720	772	-1673	-6	1668	1709	0
452660079	-1	419	2.658E-115	1	6	1688	83	419	0.401	1.311E-123	160	765	821	-1688	-6	1683	1709	0
452729470	-1	431	6.489E-119	1	3	1673	83	431	0.426	1.545E-127	146	719	772	-1673	-3	1671	1709	0
456233495	-1	312	4.313E-83	1	6	1646	83	312	0.303	4.720E-87	136	817	875	-1646	-6	1641	1709	0
458278674	-1	364	9.576E-99	1	66	1700	83	364	0.391	8.130E-105	118	647	730	-1700	-66	1635	1709	0
459001307	-1	438	5.070E-121	1	3	1673	83	438	0.432	4.107E-130	137	709	768	-1673	-3	1671	1709	0
459731167	-1	348	6.276E-94	1	6	1688	83	348	0.371	2.741E-99	110	664	721	-1688	-6	1683	1709	0
463959399	-1	678	2.869E-193	2	9	2079	57	116	0.531	2.071E-25	23	130	776	-2079	-1741	339	2295	1741
463959399	-1	678	2.869E-193	2	9	2079	83	567	0.525	1.495E-174	125	699	776	-1688	-9	1680	1709	0
 