1341	1	308	6.900E-82	1	3479	4933	86	308	0.368	8.372E-87	268	769	774	3479	4933	1455	3461	4936
768160	1	307	1.380E-81	1	3479	4789	86	307	0.398	2.126E-86	254	700	757	3479	4789	1311	3461	4936
791978	1	323	2.106E-86	1	3479	4906	86	323	0.391	1.152E-91	254	736	757	3479	4906	1428	3461	4936
806582	1	296	2.826E-78	1	3479	4789	86	296	0.389	1.269E-82	253	698	755	3479	4789	1311	3461	4936
1535667	1	327	1.316E-87	1	3479	4933	86	327	0.385	3.757E-93	257	755	765	3479	4933	1455	3461	4936
1569171	1	302	4.416E-80	1	3479	4786	86	302	0.388	1.645E-84	210	665	722	3479	4786	1308	3461	4936
1570439	1	289	3.618E-76	1	3479	4789	86	289	0.375	4.601E-80	266	723	789	3479	4789	1311	3461	4936
1587654	1	291	9.044E-77	1	3479	4933	86	291	0.353	7.160E-81	273	775	781	3479	4933	1455	3461	4936
1612049	1	309	3.450E-82	1	3479	4789	86	309	0.394	6.136E-87	276	732	783	3479	4789	1311	3461	4936
1731639	1	315	5.391E-84	1	3479	4789	86	315	0.403	4.246E-89	258	709	768	3479	4789	1311	3461	4936
1839973	1	306	2.760E-81	1	3479	4933	86	306	0.367	3.958E-86	283	783	788	3479	4933	1455	3461	4936
1858212	1	319	3.369E-85	1	3479	4777	86	319	0.404	1.894E-90	272	727	783	3479	4777	1299	3461	4936
1889786	1	315	5.391E-84	1	3479	4789	86	315	0.413	4.246E-89	244	646	702	3479	4789	1311	3461	4936
1892998	1	606	1.355E-171	2	3059	4933	61	167	0.651	4.643E-44	77	204	722	3059	3418	360	3047	3457
1892998	1	606	1.355E-171	2	3059	4933	86	440	0.485	4.388E-132	203	695	722	3479	4933	1455	3461	4936
1919823	1	596	1.387E-168	2	3059	4933	61	164	0.639	7.963E-43	130	257	776	3059	3418	360	3047	3457
1919823	1	596	1.387E-168	2	3059	4933	86	433	0.478	1.683E-129	256	749	776	3479	4933	1455	3461	4936
6943913	1	854	2.996E-246	3	2649	4930	54	135	0.585	3.850E-32	24	136	758	2649	2999	351	2478	2999
6943913	1	854	2.996E-246	3	2649	4930	61	204	0.800	5.955E-57	136	258	758	3059	3424	366	3047	3457
6943913	1	854	2.996E-246	3	2649	4930	86	518	0.547	4.810E-159	255	753	758	3479	4930	1452	3461	4936
8729992	1	300	1.766E-79	1	3479	4786	86	300	0.384	5.694E-84	263	722	777	3479	4786	1308	3461	4936
8813819	1	325	5.265E-87	1	3479	4786	86	325	0.416	1.305E-92	284	729	781	3479	4786	1308	3461	4936
12704607	1	308	6.900E-82	1	3479	4789	86	308	0.400	1.142E-86	260	705	762	3479	4789	1311	3461	4936
15477124	1	298	7.066E-79	1	3479	4789	86	298	0.390	2.688E-83	253	698	755	3479	4789	1311	3461	4936
15513422	1	314	1.078E-83	1	3479	4789	86	314	0.405	7.908E-89	254	700	757	3479	4789	1311	3461	4936
16082561	1	308	6.900E-82	1	3479	4825	86	308	0.392	8.372E-87	267	725	772	3479	4825	1347	3461	4936
16097675	1	297	1.413E-78	1	3479	4789	86	297	0.384	6.821E-83	299	753	804	3479	4789	1311	3461	4936
16110384	1	289	3.618E-76	1	3479	4789	86	289	0.375	4.601E-80	266	723	782	3479	4789	1311	3461	4936
16118926	1	305	5.520E-81	1	3479	4789	86	305	0.390	1.005E-85	266	723	774	3479	4789	1311	3461	4936
16139630	1	302	4.416E-80	1	3479	4933	86	302	0.363	1.206E-84	239	740	747	3479	4933	1455	3461	4936
16240937	1	334	1.028E-89	1	3479	4912	86	334	0.392	1.889E-95	262	758	776	3479	4912	1434	3461	4936
16322578	1	316	2.695E-84	1	3479	4933	86	316	0.374	1.671E-89	264	767	776	3479	4933	1455	3461	4936
16360323	1	319	3.369E-85	1	3479	4789	86	319	0.408	2.585E-90	271	718	777	3479	4789	1311	3461	4936
16477948	1	304	1.104E-80	1	3479	4813	86	304	0.387	3.481E-85	264	723	773	3479	4813	1335	3461	4936
16550578	1	542	2.499E-152	2	3086	4933	61	151	0.669	1.419E-38	119	230	739	3086	3418	333	3047	3457
16550578	1	542	2.499E-152	2	3086	4933	86	392	0.449	2.268E-115	229	706	739	3479	4933	1455	3461	4936
16551497	1	547	7.811E-154	2	3059	4933	61	160	0.656	1.872E-41	70	190	930	3059	3418	360	3047	3457
16551497	1	547	7.811E-154	2	3059	4933	86	388	0.446	3.778E-114	189	666	930	3479	4933	1455	3461	4936
16579086	1	314	1.078E-83	1	3479	4789	86	314	0.402	7.908E-89	259	710	769	3479	4789	1311	3461	4936
25543218	1	314	1.078E-83	1	3479	4789	86	314	0.404	7.908E-89	259	707	766	3479	4789	1311	3461	4936
26055583	1	304	1.104E-80	1	3479	4789	86	304	0.392	1.871E-85	128	580	639	3479	4789	1311	3461	4936
30049247	1	305	5.520E-81	1	3479	4786	86	305	0.397	1.005E-85	76	521	579	3479	4786	1308	3461	4936
30056209	1	232	5.214E-59	1	3479	4567	86	232	0.377	9.316E-61	231	567	568	3479	4567	1089	3461	4936
30602605	1	282	4.631E-74	1	3479	4624	86	282	0.420	6.553E-78	275	650	688	3479	4624	1146	3461	4936
30619769	1	307	1.380E-81	1	3479	4789	86	307	0.395	2.901E-86	260	711	769	3479	4789	1311	3461	4936
30729166	1	288	7.235E-76	1	3491	4789	86	288	0.377	8.554E-80	277	729	785	3491	4789	1299	3461	4936
30856349	1	313	2.156E-83	1	3479	4933	86	313	0.372	2.742E-88	267	768	773	3479	4933	1455	3461	4936
30895913	1	321	8.423E-86	1	3479	4795	86	321	0.406	5.459E-91	263	716	772	3479	4795	1317	3461	4936
30927425	1	317	1.348E-84	1	3479	4828	86	317	0.394	8.970E-90	119	586	628	3479	4828	1350	3461	4936
30941633	1	313	2.156E-83	1	3479	4828	86	313	0.391	2.742E-88	260	726	768	3479	4828	1350	3461	4936
30949751	1	309	3.450E-82	1	3479	4825	86	309	0.391	4.497E-87	270	731	778	3479	4825	1347	3461	4936
30970471	1	271	9.484E-71	1	3548	4789	86	271	0.381	3.809E-74	0	418	476	3548	4789	1242	3461	4936
31080239	1	290	1.809E-76	1	3536	4831	86	290	0.383	1.815E-80	1	445	490	3536	4831	1296	3461	4936
31095826	1	302	4.416E-80	1	3479	4789	86	302	0.389	1.206E-84	279	733	784	3479	4789	1311	3461	4936
39400430	1	313	2.156E-83	1	3479	4933	86	313	0.372	2.010E-88	269	770	775	3479	4933	1455	3461	4936
42998479	1	316	2.695E-84	1	3479	4789	86	316	0.404	2.280E-89	259	709	768	3479	4789	1311	3461	4936
44448768	1	310	1.725E-82	1	3479	4789	86	310	0.401	3.296E-87	253	699	756	3479	4789	1311	3461	4936
44588554	1	260	1.942E-67	1	3692	4915	86	260	0.368	2.973E-70	1	422	589	3692	4915	1224	3461	4936
45152266	1	310	1.725E-82	1	3479	4933	86	310	0.370	1.770E-87	268	769	774	3479	4933	1455	3461	4936
45254031	1	301	8.832E-80	1	3479	4786	86	301	0.386	2.244E-84	273	730	790	3479	4786	1308	3461	4936
45350334	1	308	6.900E-82	1	3479	4825	86	308	0.389	1.142E-86	268	730	772	3479	4825	1347	3461	4936
45394836	1	251	9.944E-65	1	3647	4786	86	251	0.374	3.589E-67	0	397	449	3647	4786	1140	3461	4936
45415127	1	619	1.654E-175	2	3059	4927	61	169	0.656	1.313E-44	143	270	790	3059	3418	360	3047	3457
45415127	1	619	1.654E-175	2	3059	4927	86	451	0.495	9.318E-136	269	760	790	3479	4927	1449	3461	4936
45422842	1	333	2.056E-89	1	3479	4786	86	333	0.420	3.522E-95	276	726	778	3479	4786	1308	3461	4936
45442020	1	291	9.044E-77	1	3479	4927	86	291	0.363	5.250E-81	265	737	750	3479	4927	1449	3461	4936
45487179	1	314	1.078E-83	1	3479	4912	86	314	0.378	1.473E-88	236	727	745	3479	4912	1434	3461	4936
45519686	1	321	8.423E-86	1	3479	4786	86	321	0.408	2.930E-91	228	680	740	3479	4786	1308	3461	4936
45529224	1	315	5.391E-84	1	3479	4795	86	315	0.401	5.795E-89	263	716	772	3479	4795	1317	3461	4936
45533230	1	301	8.832E-80	1	3479	4786	86	301	0.389	2.244E-84	272	724	776	3479	4786	1308	3461	4936
45570370	1	293	2.261E-77	1	3479	4786	86	293	0.392	1.518E-81	299	732	790	3479	4786	1308	3461	4936
45602137	1	468	4.721E-130	2	3059	4834	61	151	0.612	2.669E-38	145	268	772	3059	3415	357	3047	3457
45602137	1	468	4.721E-130	2	3059	4834	86	317	0.400	1.224E-89	268	726	772	3479	4834	1356	3461	4936
45619228	1	293	2.261E-77	1	3479	4789	86	293	0.380	1.518E-81	266	721	774	3479	4789	1311	3461	4936
45678655	1	327	1.316E-87	1	3479	4933	86	327	0.385	3.757E-93	264	763	773	3479	4933	1455	3461	4936
51842457	1	317	1.348E-84	1	3479	4912	86	317	0.380	8.970E-90	265	757	776	3479	4912	1434	3461	4936
52224443	1	85	9.302E-15	1	2682	2963	54	85	0.479	4.046E-15	50	139	151	2682	2963	282	2478	2999
54415149	1	287	1.447E-75	1	3479	4906	86	287	0.357	2.168E-79	120	606	623	3479	4906	1428	3461	4936
55882780	1	318	6.739E-85	1	3479	4828	86	318	0.396	3.529E-90	260	726	768	3479	4828	1350	3461	4936
58956192	1	290	1.809E-76	1	3479	4915	86	290	0.360	1.815E-80	253	739	756	3479	4915	1437	3461	4936
58978531	1	298	7.066E-79	1	3479	4930	86	298	0.365	2.688E-83	253	744	755	3479	4930	1452	3461	4936
59658036	1	618	3.308E-175	2	3059	4933	61	169	0.659	6.982E-45	137	264	898	3059	3418	360	3047	3457
59658036	1	618	3.308E-175	2	3059	4933	86	450	0.494	1.744E-135	263	754	898	3479	4933	1455	3461	4936
59700673	1	295	5.653E-78	1	3479	4915	86	295	0.368	4.390E-82	285	764	780	3479	4915	1437	3461	4936
59739704	1	314	1.078E-83	1	3479	4936	86	314	0.379	7.908E-89	270	759	760	3479	4936	1458	3461	4936
59745784	1	280	1.852E-73	1	3548	4789	86	280	0.381	4.203E-77	15	448	499	3548	4789	1242	3461	4936
59765730	1	421	6.645E-116	1	3479	4906	86	421	0.482	1.474E-125	224	691	713	3479	4906	1428	3461	4936
59833913	1	249	3.978E-64	1	3716	4786	86	249	0.385	1.231E-66	2	381	437	3716	4786	1071	3461	4936
59836760	1	293	2.261E-77	1	3479	4930	86	293	0.365	1.113E-81	222	705	710	3479	4930	1452	3461	4936
59993005	1	323	2.106E-86	1	3479	4789	86	323	0.412	1.152E-91	222	669	726	3479	4789	1311	3461	4936
59997600	1	291	9.044E-77	1	3479	4789	86	291	0.366	5.250E-81	264	741	799	3479	4789	1311	3461	4936
60043567	1	318	6.739E-85	1	3479	4918	86	318	0.381	4.816E-90	265	756	769	3479	4918	1440	3461	4936
60111644	1	303	2.208E-80	1	3479	4786	86	303	0.391	6.479E-85	266	717	769	3479	4786	1308	3461	4936
70865341	1	653	9.628E-186	2	3137	4930	61	139	0.700	3.465E-34	1	97	597	3137	3424	288	3047	3457
70865341	1	653	9.628E-186	2	3137	4930	86	517	0.546	1.233E-158	94	592	597	3479	4930	1452	3461	4936
71135837	1	310	1.725E-82	1	3479	4933	86	310	0.374	1.770E-87	260	753	762	3479	4933	1455	3461	4936
73512947	1	317	1.348E-84	1	3479	4915	86	317	0.383	8.970E-90	253	740	756	3479	4915	1437	3461	4936
74180310	1	708	2.672E-202	3	2655	4927	54	103	0.475	4.282E-21	18	127	768	2655	2999	345	2478	2999
74180310	1	708	2.672E-202	3	2655	4927	61	164	0.645	5.807E-43	127	253	768	3059	3418	360	3047	3457
74180310	1	708	2.672E-202	3	2655	4927	86	442	0.488	9.165E-133	252	742	768	3479	4927	1449	3461	4936
74181524	1	316	2.695E-84	1	3479	4789	86	316	0.404	2.280E-89	259	709	768	3479	4789	1311	3461	4936
74320275	1	312	4.313E-83	1	3479	4789	86	312	0.397	3.742E-88	257	713	764	3479	4789	1311	3461	4936
74344132	1	609	1.694E-172	2	3059	4933	61	169	0.657	9.574E-45	130	257	751	3059	3418	360	3047	3457
74344132	1	609	1.694E-172	2	3059	4933	86	441	0.492	2.345E-132	256	724	751	3479	4933	1455	3461	4936
74377969	1	292	4.522E-77	1	3479	4918	86	292	0.365	3.850E-81	303	774	786	3479	4918	1440	3461	4936
74398713	1	194	1.433E-47	1	4040	4834	86	194	0.387	6.887E-48	3	293	337	4040	4834	795	3461	4936
74433824	1	312	4.313E-83	1	3479	4933	86	312	0.372	5.106E-88	290	789	794	3479	4933	1455	3461	4936
74481758	1	278	7.409E-73	1	3605	4789	86	278	0.394	1.977E-76	300	709	767	3605	4789	1185	3461	4936
74578919	1	92	7.267E-17	1	2658	2999	54	92	0.439	2.002E-17	21	132	215	2658	2999	342	2478	2999
74579619	1	302	4.416E-80	1	3479	4786	86	302	0.382	1.206E-84	300	765	821	3479	4786	1308	3461	4936
74583507	1	287	1.447E-75	1	3548	4789	86	287	0.391	1.590E-79	8	436	494	3548	4789	1242	3461	4936
74619009	1	313	2.156E-83	1	3479	4789	86	313	0.401	2.010E-88	263	713	771	3479	4789	1311	3461	4936
74631625	1	607	6.775E-172	2	3059	4927	61	166	0.646	1.642E-43	130	257	776	3059	3418	360	3047	3457
74631625	1	607	6.775E-172	2	3059	4927	86	442	0.487	1.254E-132	256	747	776	3479	4927	1449	3461	4936
74717554	1	612	2.117E-173	2	3059	4933	61	166	0.646	1.642E-43	130	257	773	3059	3418	360	3047	3457
74717554	1	612	2.117E-173	2	3059	4933	86	447	0.492	2.923E-134	256	746	773	3479	4933	1455	3461	4936
74720597	1	313	2.156E-83	1	3479	4933	86	313	0.373	2.742E-88	268	767	772	3479	4933	1455	3461	4936
74749988	1	314	1.078E-83	1	3479	4786	86	314	0.403	7.908E-89	259	708	768	3479	4786	1308	3461	4936
82887549	1	290	1.809E-76	1	3479	4789	86	290	0.375	1.815E-80	119	577	630	3479	4789	1311	3461	4936
83275953	1	314	1.078E-83	1	3479	4933	86	314	0.374	1.079E-88	120	619	629	3479	4933	1455	3461	4936
86811971	1	307	1.380E-81	1	3479	4933	86	307	0.368	2.901E-86	283	782	787	3479	4933	1455	3461	4936
88014249	1	316	2.695E-84	1	3479	4786	86	316	0.408	1.671E-89	254	699	757	3479	4786	1308	3461	4936
88017615	1	307	1.380E-81	1	3479	4789	86	307	0.398	2.126E-86	254	700	757	3479	4789	1311	3461	4936
88071099	1	296	2.826E-78	1	3479	4915	86	296	0.365	1.269E-82	252	739	758	3479	4915	1437	3461	4936
88214171	1	315	5.391E-84	1	3479	4915	86	315	0.381	4.246E-89	253	741	769	3479	4915	1437	3461	4936
88730015	1	321	8.423E-86	1	3479	4927	86	321	0.381	3.999E-91	265	762	775	3479	4927	1449	3461	4936
88791206	1	311	8.625E-83	1	3482	4912	86	311	0.375	1.297E-87	70	562	576	3482	4912	1431	3461	4936
88868176	1	316	2.695E-84	1	3479	4933	86	316	0.375	1.671E-89	268	768	773	3479	4933	1455	3461	4936
88886019	1	312	4.313E-83	1	3479	4933	86	312	0.372	6.968E-88	268	767	772	3479	4933	1455	3461	4936
89169913	1	306	2.760E-81	1	3479	4933	86	306	0.366	7.367E-86	268	769	774	3479	4933	1455	3461	4936
89196961	1	308	6.900E-82	1	3479	4933	86	308	0.369	8.372E-87	267	766	771	3479	4933	1455	3461	4936
89253995	1	547	7.811E-154	2	3059	4933	61	160	0.656	1.872E-41	137	257	765	3059	3418	360	3047	3457
89253995	1	547	7.811E-154	2	3059	4933	86	388	0.446	3.778E-114	256	733	765	3479	4933	1455	3461	4936
94139091	1	291	9.044E-77	1	3479	4936	86	291	0.351	5.250E-81	234	742	749	3479	4936	1458	3461	4936
96065391	1	331	8.226E-89	1	3479	4927	86	331	0.390	1.224E-94	263	759	767	3479	4927	1449	3461	4936
98000880	1	303	2.208E-80	1	3479	4789	86	303	0.391	6.479E-85	264	715	773	3479	4789	1311	3461	4936
102610715	1	317	1.348E-84	1	3479	4786	86	317	0.408	8.970E-90	253	698	756	3479	4786	1308	3461	4936
102756509	1	297	1.413E-78	1	3479	4789	86	297	0.390	5.001E-83	253	698	755	3479	4789	1311	3461	4936
103030450	1	329	3.290E-88	1	3479	4789	86	329	0.418	1.082E-93	253	699	756	3479	4789	1311	3461	4936
103325353	1	273	2.371E-71	1	3479	4786	86	273	0.360	8.110E-75	143	601	656	3479	4786	1308	3461	4936
103328080	1	311	8.625E-83	1	3479	4789	86	311	0.398	9.508E-88	260	712	770	3479	4789	1311	3461	4936
103390380	1	270	1.897E-70	1	3479	4933	86	270	0.344	9.633E-74	302	779	786	3479	4933	1455	3461	4936
103393220	1	304	1.104E-80	1	3479	4795	86	304	0.391	1.871E-85	265	718	774	3479	4795	1317	3461	4936
103466454	1	314	1.078E-83	1	3479	4933	86	314	0.374	1.079E-88	269	768	773	3479	4933	1455	3461	4936
103478326	1	287	1.447E-75	1	3479	4789	86	287	0.373	1.166E-79	292	749	800	3479	4789	1311	3461	4936
103534429	1	579	1.819E-163	2	3059	4924	61	164	0.598	5.807E-43	162	300	876	3059	3424	366	3047	3457
103534429	1	579	1.819E-163	2	3059	4924	86	418	0.460	2.464E-124	297	797	876	3479	4924	1446	3461	4936
103547714	1	315	5.391E-84	1	3479	4789	86	315	0.403	4.246E-89	261	711	769	3479	4789	1311	3461	4936
103589193	1	336	2.571E-90	1	3479	4906	86	336	0.399	2.915E-96	276	763	775	3479	4906	1428	3461	4936
103589584	1	307	1.380E-81	1	3479	4933	86	307	0.368	2.126E-86	268	767	772	3479	4933	1455	3461	4936
103648340	1	439	2.535E-121	1	3479	4933	86	439	0.485	8.208E-132	257	748	777	3479	4933	1455	3461	4936
103725688	1	323	2.106E-86	1	3479	4912	86	323	0.382	1.152E-91	288	785	801	3479	4912	1434	3461	4936
103735881	1	304	1.104E-80	1	3479	4936	86	304	0.365	1.871E-85	266	767	769	3479	4936	1458	3461	4936
103796625	1	550	9.764E-155	2	3062	4933	61	159	0.659	2.568E-41	55	174	683	3062	3418	357	3047	3457
103796625	1	550	9.764E-155	2	3062	4933	86	392	0.449	2.268E-115	173	650	683	3479	4933	1455	3461	4936
103823497	1	312	4.313E-83	1	3479	4789	86	312	0.400	3.742E-88	263	714	772	3479	4789	1311	3461	4936
103824754	1	304	1.104E-80	1	3479	4813	86	304	0.387	2.552E-85	264	723	773	3479	4813	1335	3461	4936
103825144	1	269	3.793E-70	1	3479	4786	86	269	0.369	1.788E-73	210	643	702	3479	4786	1308	3461	4936
117112930	1	321	8.423E-86	1	3479	4915	86	321	0.386	5.459E-91	253	740	756	3479	4915	1437	3461	4936
117124572	1	290	1.809E-76	1	3479	4933	86	290	0.356	1.815E-80	268	762	773	3479	4933	1455	3461	4936
117156035	1	311	8.625E-83	1	3479	4918	86	311	0.376	1.297E-87	253	742	769	3479	4918	1440	3461	4936
117156745	1	309	3.450E-82	1	3479	4789	86	309	0.400	6.136E-87	253	699	756	3479	4789	1311	3461	4936
117264428	1	218	8.542E-55	1	3479	4789	86	218	0.319	4.256E-56	201	553	610	3479	4789	1311	3461	4936
117298689	1	190	2.293E-46	1	4088	4789	86	190	0.433	1.057E-46	14	258	315	4088	4789	702	3461	4936
117806900	1	250	1.989E-64	1	3773	4789	86	250	0.403	4.884E-67	0	357	415	3773	4789	1017	3461	4936
117816975	1	318	6.739E-85	1	3479	4915	86	318	0.379	4.816E-90	261	757	774	3479	4915	1437	3461	4936
117884213	1	301	8.832E-80	1	3479	4786	86	301	0.389	4.175E-84	266	717	769	3479	4786	1308	3461	4936
118057697	1	307	1.380E-81	1	3479	4933	86	307	0.368	2.901E-86	283	782	787	3479	4933	1455	3461	4936
118073912	1	310	1.725E-82	1	3479	4795	86	310	0.386	1.770E-87	8	479	535	3479	4795	1317	3461	4936
118191937	1	317	1.348E-84	1	3479	4933	86	317	0.377	6.573E-90	268	767	772	3479	4933	1455	3461	4936
118239237	1	273	2.371E-71	1	3581	4795	86	273	0.382	1.105E-74	0	419	475	3581	4795	1215	3461	4936
118246785	1	596	1.387E-168	2	3059	4933	61	165	0.643	3.088E-43	130	257	776	3059	3418	360	3047	3457
118246785	1	596	1.387E-168	2	3059	4933	86	432	0.477	4.305E-129	256	749	776	3479	4933	1455	3461	4936
118259868	1	547	7.811E-154	2	3062	4900	61	179	0.647	4.894E-48	0	137	734	3062	3424	363	3047	3457
118259868	1	547	7.811E-154	2	3062	4900	86	371	0.412	2.573E-108	134	650	734	3479	4900	1422	3461	4936
118372845	1	317	1.348E-84	1	3479	4795	86	317	0.403	1.224E-89	263	716	772	3479	4795	1317	3461	4936
118381505	1	296	2.826E-78	1	3479	4660	86	296	0.425	1.269E-82	119	506	532	3479	4660	1182	3461	4936
118394616	1	84	1.860E-14	1	2691	2999	54	84	0.442	1.031E-14	5	106	199	2691	2999	309	2478	2999
125381873	1	315	5.391E-84	1	3479	4906	86	315	0.380	4.246E-89	122	611	623	3479	4906	1428	3461	4936
129477979	1	301	8.832E-80	1	3479	4786	86	301	0.389	4.175E-84	266	717	769	3479	4786	1308	3461	4936
131679397	1	318	6.739E-85	1	3479	4915	86	318	0.384	4.816E-90	249	736	752	3479	4915	1437	3461	4936
131696429	1	318	6.739E-85	1	3479	4786	86	318	0.409	3.529E-90	253	698	756	3479	4786	1308	3461	4936
131810588	1	318	6.739E-85	1	3479	4915	86	318	0.384	3.529E-90	253	740	756	3479	4915	1437	3461	4936
131812022	1	299	3.533E-79	1	3479	4789	86	299	0.392	1.059E-83	253	698	755	3479	4789	1311	3461	4936
131846074	1	312	4.313E-83	1	3479	4789	86	312	0.403	3.742E-88	254	700	757	3479	4789	1311	3461	4936
132435977	1	287	1.447E-75	1	3479	4912	86	287	0.356	1.590E-79	267	756	773	3479	4912	1434	3461	4936
132674538	1	310	1.725E-82	1	3479	4789	86	310	0.398	1.770E-87	268	719	772	3479	4789	1311	3461	4936
132680671	1	304	1.104E-80	1	3479	4813	86	304	0.387	3.481E-85	264	723	773	3479	4813	1335	3461	4936
132853366	1	292	4.522E-77	1	3479	4789	86	292	0.377	3.850E-81	266	724	777	3479	4789	1311	3461	4936
132885174	1	551	4.882E-155	2	3059	4933	61	161	0.661	5.295E-42	70	190	927	3059	3418	360	3047	3457
132885174	1	551	4.882E-155	2	3059	4933	86	391	0.449	4.238E-115	189	666	927	3479	4933	1455	3461	4936
132901339	1	305	5.520E-81	1	3485	4933	86	305	0.364	1.371E-85	180	684	687	3485	4933	1449	3461	4936
132922660	1	90	2.907E-16	1	2652	2963	54	90	0.462	9.552E-17	68	170	182	2652	2963	312	2478	2999
138173051	1	312	4.313E-83	1	3479	4789	86	312	0.401	6.968E-88	258	706	765	3479	4789	1311	3461	4936
138302736	1	464	7.554E-129	2	3059	4933	61	152	0.620	1.035E-38	143	265	772	3059	3415	357	3047	3457
138302736	1	464	7.554E-129	2	3059	4933	86	312	0.373	5.106E-88	265	762	772	3479	4933	1455	3461	4936
146195592	1	300	1.766E-79	1	3479	4789	86	300	0.392	5.694E-84	253	698	755	3479	4789	1311	3461	4936
146237126	1	310	1.725E-82	1	3479	4789	86	310	0.401	3.296E-87	253	699	756	3479	4789	1311	3461	4936
146492341	1	829	1.005E-238	3	2649	4930	54	126	0.548	5.321E-29	20	137	769	2649	2999	351	2478	2999
146492341	1	829	1.005E-238	3	2649	4930	61	186	0.745	8.845E-51	137	258	769	3059	3424	366	3047	3457
146492341	1	829	1.005E-238	3	2649	4930	86	520	0.553	1.371E-159	255	747	769	3479	4930	1452	3461	4936
146957349	1	317	1.348E-84	1	3479	4912	86	317	0.381	6.573E-90	267	758	775	3479	4912	1434	3461	4936
147180179	1	280	1.852E-73	1	3479	4795	86	280	0.378	4.203E-77	263	684	740	3479	4795	1317	3461	4936
147201788	1	302	4.416E-80	1	3479	4786	86	302	0.390	1.645E-84	266	717	769	3479	4786	1308	3461	4936
147264972	1	470	1.180E-130	2	2655	4933	54	110	0.501	1.517E-23	18	127	737	2655	2999	345	2478	2999
147264972	1	470	1.180E-130	2	2655	4933	86	449	0.493	4.463E-135	218	710	737	3479	4933	1455	3461	4936
147283803	1	315	5.391E-84	1	3479	4795	86	315	0.401	5.795E-89	263	716	772	3479	4795	1317	3461	4936
147325865	1	311	8.625E-83	1	3479	4933	86	311	0.371	9.508E-88	268	767	772	3479	4933	1455	3461	4936
147326301	1	314	1.078E-83	1	3479	4933	86	314	0.374	1.079E-88	268	767	772	3479	4933	1455	3461	4936
147377138	1	329	3.290E-88	1	3479	4936	86	329	0.383	7.924E-94	265	770	774	3479	4936	1458	3461	4936
147432643	1	330	1.645E-88	1	3479	4930	86	330	0.388	3.114E-94	262	760	773	3479	4930	1452	3461	4936
147455169	1	274	1.185E-71	2	2688	4903	54	92	0.489	2.002E-17	68	165	805	2688	2984	297	2478	2999
147455169	1	274	1.185E-71	2	2688	4903	86	273	0.382	8.110E-75	258	661	805	3641	4903	1263	3461	4936
154890691	1	336	2.571E-90	1	3479	4912	86	336	0.394	2.915E-96	275	771	789	3479	4912	1434	3461	4936
155964313	1	309	3.450E-82	1	3479	4819	86	309	0.389	4.497E-87	273	737	778	3479	4819	1341	3461	4936
156136604	1	462	3.022E-128	2	3059	4933	61	151	0.619	1.419E-38	146	268	770	3059	3415	357	3047	3457
156136604	1	462	3.022E-128	2	3059	4933	86	311	0.372	9.508E-88	268	765	770	3479	4933	1455	3461	4936
156906734	1	351	7.845E-95	1	3479	4936	86	351	0.406	1.535E-101	305	802	804	3479	4936	1458	3461	4936
160769377	1	326	2.632E-87	1	3479	4789	86	326	0.416	9.558E-93	253	699	756	3479	4789	1311	3461	4936
160776804	1	297	1.413E-78	1	3479	4789	86	297	0.390	5.001E-83	254	699	756	3479	4789	1311	3461	4936
160923779	1	312	4.313E-83	1	3479	4915	86	312	0.378	6.968E-88	253	741	769	3479	4915	1437	3461	4936
161012942	1	309	3.450E-82	1	3479	4789	86	309	0.400	6.136E-87	253	699	742	3479	4789	1311	3461	4936
161461986	1	295	5.653E-78	1	3479	4789	86	295	0.384	2.360E-82	262	714	773	3479	4789	1311	3461	4936
161554701	1	293	2.261E-77	1	3482	4933	86	293	0.352	1.113E-81	240	748	755	3482	4933	1452	3461	4936
161575061	1	308	6.900E-82	1	3479	4789	86	308	0.396	1.558E-86	264	715	773	3479	4789	1311	3461	4936
161595171	1	316	2.695E-84	1	3479	4933	86	316	0.376	1.671E-89	268	767	772	3479	4933	1455	3461	4936
161703007	1	312	4.313E-83	1	3479	4789	86	312	0.402	3.742E-88	258	706	765	3479	4789	1311	3461	4936
161725667	1	318	6.739E-85	1	3479	4795	86	318	0.404	4.816E-90	119	572	628	3479	4795	1317	3461	4936
161804960	1	605	2.710E-171	2	3059	4933	61	167	0.651	4.643E-44	127	254	772	3059	3418	360	3047	3457
161804960	1	605	2.710E-171	2	3059	4933	86	439	0.484	1.535E-131	253	745	772	3479	4933	1455	3461	4936
161816478	1	319	3.369E-85	1	3479	4777	86	319	0.403	2.585E-90	272	727	783	3479	4777	1299	3461	4936
161836043	1	331	8.226E-89	1	3479	4930	86	331	0.389	1.224E-94	262	760	773	3479	4930	1452	3461	4936
161940716	1	307	1.380E-81	1	3479	4798	86	307	0.393	2.126E-86	8	462	517	3479	4798	1320	3461	4936
162016104	1	316	2.695E-84	1	3479	4936	86	316	0.373	3.112E-89	243	746	750	3479	4936	1458	3461	4936
171322427	1	317	1.348E-84	1	3479	4912	86	317	0.379	8.970E-90	260	755	769	3479	4912	1434	3461	4936
173945657	1	309	3.450E-82	1	3479	4933	86	309	0.369	6.136E-87	283	782	787	3479	4933	1455	3461	4936
175266736	1	316	2.695E-84	1	3479	4786	86	316	0.408	1.671E-89	254	699	757	3479	4786	1308	3461	4936
175277102	1	320	1.685E-85	1	3479	4915	86	320	0.386	7.450E-91	234	721	737	3479	4915	1437	3461	4936
175433049	1	316	2.695E-84	1	3479	4915	86	316	0.382	2.280E-89	253	740	756	3479	4915	1437	3461	4936
175575441	1	854	2.996E-246	3	2640	4930	54	135	0.574	2.811E-32	43	158	780	2640	2999	360	2478	2999
175575441	1	854	2.996E-246	3	2640	4930	61	204	0.800	5.955E-57	158	280	780	3059	3424	366	3047	3457
175575441	1	854	2.996E-246	3	2640	4930	86	518	0.547	4.810E-159	277	775	780	3479	4930	1452	3461	4936
176040433	1	296	2.826E-78	1	3479	4789	86	296	0.384	1.269E-82	19	472	527	3479	4789	1311	3461	4936
176067880	1	289	3.618E-76	1	3479	4789	86	289	0.375	4.601E-80	266	723	783	3479	4789	1311	3461	4936
176169158	1	289	3.618E-76	1	3479	4918	86	289	0.358	3.375E-80	281	770	783	3479	4918	1440	3461	4936
176230403	1	297	1.413E-78	1	3479	4789	86	297	0.385	9.304E-83	261	713	772	3479	4789	1311	3461	4936
176239237	1	307	1.380E-81	1	3479	4795	86	307	0.394	2.901E-86	265	718	774	3479	4795	1317	3461	4936
176283921	1	303	2.208E-80	1	3479	4933	86	303	0.365	4.749E-85	267	766	771	3479	4933	1455	3461	4936
176306348	1	310	1.725E-82	1	3479	4789	86	310	0.398	1.770E-87	263	714	772	3479	4789	1311	3461	4936
176369063	1	292	4.522E-77	1	3479	4786	86	292	0.365	3.850E-81	300	779	835	3479	4786	1308	3461	4936
176386060	1	295	5.653E-78	1	3479	4930	86	295	0.356	2.360E-82	281	785	795	3479	4930	1452	3461	4936
176393184	1	605	2.710E-171	2	3059	4933	61	167	0.651	4.643E-44	127	254	772	3059	3418	360	3047	3457
176393184	1	605	2.710E-171	2	3059	4933	86	439	0.484	1.535E-131	253	745	772	3479	4933	1455	3461	4936
176429885	1	310	1.725E-82	1	3479	4789	86	310	0.399	2.415E-87	267	716	775	3479	4789	1311	3461	4936
176446118	1	312	4.313E-83	1	3479	4933	86	312	0.372	5.106E-88	268	767	772	3479	4933	1455	3461	4936
176461120	1	311	8.625E-83	1	3479	4933	86	311	0.371	1.297E-87	268	768	773	3479	4933	1455	3461	4936
176477275	1	474	7.377E-132	2	3059	4789	61	154	0.624	1.557E-39	139	262	770	3059	3415	357	3047	3457
176477275	1	474	7.377E-132	2	3059	4789	86	320	0.408	1.017E-90	262	711	770	3479	4789	1311	3461	4936
176503521	1	544	6.249E-153	2	3062	4930	61	159	0.659	2.568E-41	55	174	1138	3062	3418	357	3047	3457
176503521	1	544	6.249E-153	2	3062	4930	86	386	0.445	1.802E-113	173	649	1138	3479	4930	1452	3461	4936
176574369	1	315	5.391E-84	1	3479	4819	86	315	0.395	5.795E-89	273	736	777	3479	4819	1341	3461	4936
184072366	1	294	1.131E-77	1	3479	4786	86	294	0.382	8.164E-82	275	728	784	3479	4786	1308	3461	4936
186703854	1	306	2.760E-81	1	3479	4786	86	306	0.392	5.400E-86	233	688	743	3479	4786	1308	3461	4936
190220264	1	297	1.413E-78	1	3479	4789	86	297	0.389	9.304E-83	254	699	756	3479	4789	1311	3461	4936
190574791	1	198	8.957E-49	1	3812	4549	86	198	0.445	2.435E-49	93	334	361	3812	4549	738	3461	4936
190576529	1	313	2.156E-83	1	3479	4795	86	313	0.400	2.010E-88	263	715	771	3479	4795	1317	3461	4936
190653369	1	282	4.631E-74	1	3548	4789	86	282	0.382	1.218E-77	14	447	498	3548	4789	1242	3461	4936
190795434	1	317	1.348E-84	1	3479	4933	86	317	0.377	6.573E-90	263	762	772	3479	4933	1455	3461	4936
190827738	1	278	7.409E-73	1	3557	4933	86	278	0.357	1.450E-76	437	910	915	3557	4933	1377	3461	4936
190880523	1	314	1.078E-83	1	3479	4825	86	314	0.395	1.079E-88	268	730	772	3479	4825	1347	3461	4936
190907321	1	316	2.695E-84	1	3479	4789	86	316	0.401	3.112E-89	269	723	774	3479	4789	1311	3461	4936
190923694	1	299	3.533E-79	1	3479	4786	86	299	0.379	1.971E-83	300	765	821	3479	4786	1308	3461	4936
191051739	1	528	4.095E-148	2	3062	4801	61	158	0.654	9.080E-41	55	174	632	3062	3418	357	3047	3457
191051739	1	528	4.095E-148	2	3062	4801	86	371	0.463	3.516E-108	173	605	632	3479	4801	1323	3461	4936
202004466	1	852	1.198E-245	3	2649	4930	54	135	0.585	3.850E-32	24	136	758	2649	2999	351	2478	2999
202004466	1	852	1.198E-245	3	2649	4930	61	203	0.796	1.536E-56	136	258	758	3059	3424	366	3047	3457
202004466	1	852	1.198E-245	3	2649	4930	86	517	0.546	1.233E-158	255	753	758	3479	4930	1452	3461	4936
203287891	1	309	3.450E-82	1	3479	4933	86	309	0.369	6.136E-87	283	782	787	3479	4933	1455	3461	4936
204401818	1	310	1.725E-82	1	3479	4789	86	310	0.401	2.415E-87	253	699	756	3479	4789	1311	3461	4936
204402725	1	298	7.066E-79	1	3479	4789	86	298	0.390	2.688E-83	254	699	756	3479	4789	1311	3461	4936
204730537	1	374	9.352E-102	1	3482	4933	86	374	0.432	3.952E-109	72	558	561	3482	4933	1452	3461	4936
204819928	1	318	6.739E-85	1	3479	4915	86	318	0.384	3.529E-90	253	740	764	3479	4915	1437	3461	4936
205052967	1	312	4.313E-83	1	3479	4933	86	312	0.372	5.106E-88	268	767	772	3479	4933	1455	3461	4936
205085763	1	710	6.681E-203	3	2655	4933	54	111	0.504	8.098E-24	21	130	776	2655	2999	345	2478	2999
205085763	1	710	6.681E-203	3	2655	4933	61	165	0.643	3.088E-43	130	257	776	3059	3418	360	3047	3457
205085763	1	710	6.681E-203	3	2655	4933	86	435	0.480	2.571E-130	256	749	776	3479	4933	1455	3461	4936
205104243	1	304	1.104E-80	1	3479	4915	86	304	0.363	2.552E-85	275	778	786	3479	4915	1437	3461	4936
205105306	1	299	3.533E-79	1	3479	4786	86	299	0.386	1.059E-83	255	709	752	3479	4786	1308	3461	4936
205302276	1	331	8.226E-89	1	3479	4927	86	331	0.387	1.224E-94	266	767	772	3479	4927	1449	3461	4936
205312830	1	308	6.900E-82	1	3479	4789	86	308	0.396	1.142E-86	264	715	773	3479	4789	1311	3461	4936
205380444	1	310	1.725E-82	1	3479	4789	86	310	0.397	3.296E-87	268	719	772	3479	4789	1311	3461	4936
205388762	1	310	1.725E-82	1	3479	4789	86	310	0.398	3.296E-87	260	710	768	3479	4789	1311	3461	4936
205403878	1	94	1.817E-17	1	2688	2975	54	94	0.510	3.068E-18	40	134	164	2688	2975	288	2478	2999
205427007	1	614	5.293E-174	2	3059	4933	61	164	0.640	5.807E-43	130	257	776	3059	3418	360	3047	3457
205427007	1	614	5.293E-174	2	3059	4933	86	451	0.494	9.318E-136	256	749	776	3479	4933	1455	3461	4936
205471612	1	304	1.104E-80	1	3479	4933	86	304	0.364	2.552E-85	268	769	774	3479	4933	1455	3461	4936
205614082	1	307	1.380E-81	1	3479	4795	86	307	0.394	2.901E-86	265	718	774	3479	4795	1317	3461	4936
205639270	1	553	1.220E-155	3	2685	4912	54	88	0.451	4.553E-16	43	143	776	2685	2999	315	2478	2999
205639270	1	553	1.220E-155	3	2685	4912	61	145	0.588	3.042E-36	143	267	776	3059	3418	360	3047	3457
205639270	1	553	1.220E-155	3	2685	4912	86	321	0.383	5.459E-91	266	758	776	3479	4912	1434	3461	4936
214867233	1	311	8.625E-83	1	3479	4786	86	311	0.396	9.508E-88	302	757	812	3479	4786	1308	3461	4936
216014312	1	306	2.760E-81	1	3479	4825	86	306	0.388	3.958E-86	259	720	768	3479	4825	1347	3461	4936
216923193	1	800	5.396E-230	3	2649	4930	54	135	0.585	3.850E-32	24	136	734	2649	2999	351	2478	2999
216923193	1	800	5.396E-230	3	2649	4930	61	156	0.748	4.403E-40	134	234	734	3125	3424	300	3047	3457
216923193	1	800	5.396E-230	3	2649	4930	86	514	0.543	1.518E-157	231	729	734	3479	4930	1452	3461	4936
218890710	1	287	1.447E-75	1	3467	4789	86	287	0.377	2.168E-79	111	561	622	3467	4789	1323	3461	4936
219086893	1	310	1.725E-82	1	3524	4915	86	310	0.385	2.415E-87	18	490	506	3524	4915	1392	3461	4936
219087020	1	315	5.391E-84	1	3479	4915	86	315	0.380	5.795E-89	253	741	769	3479	4915	1437	3461	4936
219603872	1	304	1.104E-80	1	3479	4819	86	304	0.384	1.871E-85	273	738	779	3479	4819	1341	3461	4936
219713219	1	90	2.907E-16	1	2685	2963	54	90	0.504	9.552E-17	40	128	141	2685	2963	279	2478	2999
219759177	1	312	4.313E-83	1	3479	4933	86	312	0.373	3.742E-88	269	766	776	3479	4933	1455	3461	4936
219796482	1	284	1.158E-74	1	3548	4789	86	284	0.390	1.392E-78	24	449	508	3548	4789	1242	3461	4936
219908350	1	311	8.625E-83	1	3479	4825	86	311	0.392	1.297E-87	263	724	771	3479	4825	1347	3461	4936
219919444	1	297	1.413E-78	1	3479	4720	86	297	0.401	5.001E-83	261	689	696	3479	4720	1242	3461	4936
219919732	1	318	6.739E-85	1	3479	4933	86	318	0.377	3.529E-90	227	726	736	3479	4933	1455	3461	4936
219940014	1	604	5.420E-171	2	3059	4927	61	164	0.645	5.807E-43	93	219	709	3059	3418	360	3047	3457
219940014	1	604	5.420E-171	2	3059	4927	86	441	0.493	3.208E-132	218	683	709	3479	4927	1449	3461	4936
219992064	1	317	1.348E-84	1	3479	4789	86	317	0.402	6.573E-90	270	725	776	3479	4789	1311	3461	4936
220028151	1	315	5.391E-84	1	3479	4933	86	315	0.377	4.246E-89	261	756	759	3479	4933	1455	3461	4936
220033885	1	300	1.766E-79	1	3479	4933	86	300	0.362	5.694E-84	268	767	772	3479	4933	1455	3461	4936
220162159	1	620	8.270E-176	2	3059	4933	61	172	0.662	1.050E-45	134	262	784	3059	3418	360	3047	3457
220162159	1	620	8.270E-176	2	3059	4933	86	449	0.492	3.262E-135	261	754	784	3479	4933	1455	3461	4936
225572231	1	316	2.695E-84	1	3479	4789	86	316	0.404	2.280E-89	232	682	741	3479	4789	1311	3461	4936
230042090	1	622	2.068E-176	2	3059	4927	61	169	0.656	1.313E-44	134	261	781	3059	3418	360	3047	3457
230042090	1	622	2.068E-176	2	3059	4927	86	454	0.497	1.040E-136	260	751	781	3479	4927	1449	3461	4936
233444595	1	312	4.313E-83	1	3479	4915	86	312	0.378	3.742E-88	253	741	769	3479	4915	1437	3461	4936
234134033	1	306	2.760E-81	1	3479	4795	86	306	0.393	3.958E-86	265	718	774	3479	4795	1317	3461	4936
234136394	1	304	1.104E-80	1	3479	4936	86	304	0.365	1.871E-85	266	767	769	3479	4936	1458	3461	4936
234198637	1	452	3.094E-125	2	3059	4828	61	154	0.623	2.135E-39	146	269	775	3059	3415	357	3047	3457
234198637	1	452	3.094E-125	2	3059	4828	86	298	0.377	3.667E-83	269	737	775	3479	4828	1350	3461	4936
234263964	1	297	1.413E-78	1	3479	4789	86	297	0.384	9.304E-83	289	742	797	3479	4789	1311	3461	4936
234283179	1	287	1.447E-75	1	3479	4786	86	287	0.386	2.168E-79	275	708	760	3479	4786	1308	3461	4936
234336813	1	315	5.391E-84	1	3479	4933	86	315	0.374	4.246E-89	270	771	776	3479	4933	1455	3461	4936
234352350	1	317	1.348E-84	1	3479	4915	86	317	0.378	8.970E-90	263	759	776	3479	4915	1437	3461	4936
234360175	1	312	4.313E-83	1	3479	4912	86	312	0.373	5.106E-88	295	792	806	3479	4912	1434	3461	4936
234379540	1	318	6.739E-85	1	3479	4795	86	318	0.404	3.529E-90	263	716	772	3479	4795	1317	3461	4936
234380603	1	303	2.208E-80	1	3479	4795	86	303	0.390	4.749E-85	265	718	774	3479	4795	1317	3461	4936
234411413	1	310	1.725E-82	1	3479	4789	86	310	0.400	1.770E-87	258	706	765	3479	4789	1311	3461	4936
234530547	1	455	3.868E-126	2	3059	4786	61	157	0.643	1.245E-40	141	262	789	3059	3415	357	3047	3457
234530547	1	455	3.868E-126	2	3059	4786	86	298	0.376	2.688E-83	262	731	789	3479	4786	1308	3461	4936
234543613	1	456	1.934E-126	2	3059	4825	61	157	0.643	1.245E-40	142	263	788	3059	3415	357	3047	3457
234543613	1	456	1.934E-126	2	3059	4825	86	299	0.372	1.445E-83	263	742	788	3479	4825	1347	3461	4936
234660397	1	588	3.552E-166	2	3059	4936	61	172	0.704	1.050E-45	135	252	739	3059	3418	360	3047	3457
234660397	1	588	3.552E-166	2	3059	4936	86	417	0.470	6.299E-124	251	723	739	3479	4936	1458	3461	4936
239771823	1	305	5.520E-81	1	3479	4813	86	305	0.393	1.371E-85	261	712	767	3479	4813	1335	3461	4936
239854669	1	480	1.153E-133	2	3068	4789	61	149	0.615	9.437E-38	1	122	626	3068	3418	351	3047	3457
239854669	1	480	1.153E-133	2	3068	4789	86	332	0.419	8.963E-95	121	570	626	3479	4789	1311	3461	4936
243075389	1	302	4.416E-80	1	3479	4789	86	302	0.388	1.206E-84	264	719	777	3479	4789	1311	3461	4936
245492448	1	302	4.416E-80	1	3479	4789	86	302	0.393	8.838E-85	264	712	771	3479	4789	1311	3461	4936
248026446	1	297	1.413E-78	1	3479	4915	86	297	0.366	5.001E-83	252	739	758	3479	4915	1437	3461	4936
248171396	1	298	7.066E-79	1	3479	4789	86	298	0.390	2.688E-83	253	698	755	3479	4789	1311	3461	4936
248171769	1	319	3.369E-85	1	3479	4915	86	319	0.385	1.388E-90	71	558	574	3479	4915	1437	3461	4936
248682499	1	310	1.725E-82	1	3479	4933	86	310	0.370	1.770E-87	268	769	774	3479	4933	1455	3461	4936
248805963	1	296	2.826E-78	1	3482	4912	86	296	0.367	1.269E-82	289	771	785	3482	4912	1431	3461	4936
248807982	1	312	4.313E-83	1	3479	4789	86	312	0.400	3.742E-88	263	714	772	3479	4789	1311	3461	4936
249013204	1	302	4.416E-80	1	3479	4789	86	302	0.392	1.206E-84	260	709	768	3479	4789	1311	3461	4936
249013521	1	319	3.369E-85	1	3479	4795	86	319	0.405	2.585E-90	263	716	772	3479	4795	1317	3461	4936
249038925	1	380	1.461E-103	1	3479	4906	86	380	0.445	2.671E-111	250	717	738	3479	4906	1428	3461	4936
249046549	1	306	2.760E-81	1	3479	4936	86	306	0.366	5.400E-86	266	767	769	3479	4936	1458	3461	4936
249177377	1	307	1.380E-81	1	3479	4789	86	307	0.395	2.126E-86	8	459	517	3479	4789	1311	3461	4936
249212413	1	603	1.084E-170	2	3059	4936	61	164	0.642	4.234E-43	121	248	755	3059	3418	360	3047	3457
249212413	1	603	1.084E-170	2	3059	4936	86	440	0.486	6.001E-132	247	737	755	3479	4936	1458	3461	4936
255192724	1	297	1.413E-78	1	3479	4786	86	297	0.384	5.001E-83	285	740	792	3479	4786	1308	3461	4936
255248528	1	316	2.695E-84	1	3479	4789	86	316	0.402	3.112E-89	266	719	775	3479	4789	1311	3461	4936
255897284	1	314	1.078E-83	1	3479	4933	86	314	0.373	1.079E-88	269	770	775	3479	4933	1455	3461	4936
261581563	1	330	1.645E-88	1	3479	4930	86	330	0.388	4.251E-94	262	760	773	3479	4930	1452	3461	4936
262529385	1	319	3.369E-85	1	3479	4915	86	319	0.385	1.388E-90	234	721	737	3479	4915	1437	3461	4936
262552163	1	318	6.739E-85	1	3479	4915	86	318	0.384	3.529E-90	253	740	756	3479	4915	1437	3461	4936
262930460	1	297	1.413E-78	1	3479	4789	86	297	0.389	9.304E-83	362	807	864	3479	4789	1311	3461	4936
263241263	1	597	6.937E-169	2	3059	4933	61	165	0.643	3.088E-43	130	257	776	3059	3418	360	3047	3457
263241263	1	597	6.937E-169	2	3059	4933	86	433	0.478	1.683E-129	256	749	776	3479	4933	1455	3461	4936
263285315	1	307	1.380E-81	1	3479	4789	86	307	0.395	2.126E-86	254	705	763	3479	4789	1311	3461	4936
263386803	1	301	8.832E-80	1	3479	4786	86	301	0.389	3.060E-84	264	715	767	3479	4786	1308	3461	4936
263413465	1	316	2.695E-84	1	3479	4789	86	316	0.404	1.671E-89	260	711	770	3479	4789	1311	3461	4936
263428305	1	340	1.607E-91	1	3479	4936	86	340	0.396	1.293E-97	277	775	777	3479	4936	1458	3461	4936
263443262	1	314	1.078E-83	1	3479	4834	86	314	0.390	7.908E-89	288	758	802	3479	4834	1356	3461	4936
263517709	1	306	2.760E-81	1	3479	4789	86	306	0.394	5.400E-86	36	487	545	3479	4789	1311	3461	4936
263623431	1	279	3.705E-73	1	3599	4789	86	279	0.392	1.064E-76	275	689	740	3599	4789	1191	3461	4936
263624097	1	309	3.450E-82	1	3479	4912	86	309	0.368	6.136E-87	312	814	830	3479	4912	1434	3461	4936
263682694	1	322	4.212E-86	1	3479	4912	86	322	0.381	2.147E-91	288	785	801	3479	4912	1434	3461	4936
263682706	1	209	4.374E-52	1	3479	4786	86	209	0.311	3.541E-53	233	588	640	3479	4786	1308	3461	4936
263806475	1	316	2.695E-84	1	3479	4936	86	316	0.373	3.112E-89	241	744	748	3479	4936	1458	3461	4936
270301415	1	313	2.156E-83	1	3479	4789	86	313	0.403	2.010E-88	259	707	766	3479	4789	1311	3461	4936
271407944	1	315	5.391E-84	1	3479	4789	86	315	0.399	5.795E-89	265	721	772	3479	4789	1311	3461	4936
272667934	1	316	2.695E-84	1	3479	4834	86	316	0.392	2.280E-89	270	739	776	3479	4834	1356	3461	4936
275243670	1	353	1.961E-95	1	3479	4936	86	353	0.408	3.227E-102	277	774	776	3479	4936	1458	3461	4936
277080930	1	313	2.156E-83	1	3479	4789	86	313	0.404	2.742E-88	244	690	747	3479	4789	1311	3461	4936
277109954	1	297	1.413E-78	1	3479	4915	86	297	0.365	9.304E-83	252	739	758	3479	4915	1437	3461	4936
277254464	1	320	1.685E-85	1	3479	4915	86	320	0.386	7.450E-91	253	740	756	3479	4915	1437	3461	4936
277254997	1	312	4.313E-83	1	3479	4915	86	312	0.378	6.968E-88	253	741	769	3479	4915	1437	3461	4936
277255192	1	297	1.413E-78	1	3479	4789	86	297	0.390	5.001E-83	365	810	867	3479	4789	1311	3461	4936
277810294	1	306	2.760E-81	1	3479	4915	86	306	0.365	5.400E-86	277	781	789	3479	4915	1437	3461	4936
277867755	1	291	9.044E-77	1	3479	4789	86	291	0.385	5.250E-81	253	697	748	3479	4789	1311	3461	4936
278014330	1	317	1.348E-84	1	3479	4795	86	317	0.403	1.224E-89	119	572	628	3479	4795	1317	3461	4936
278103405	1	306	2.760E-81	1	3479	4789	86	306	0.394	5.400E-86	265	716	774	3479	4789	1311	3461	4936
278148125	1	271	9.484E-71	1	3479	4912	86	271	0.344	5.189E-74	259	745	763	3479	4912	1434	3461	4936
278178961	1	485	3.602E-135	2	3059	4789	61	153	0.614	5.505E-39	142	266	770	3059	3418	360	3047	3457
278178961	1	485	3.602E-135	2	3059	4789	86	333	0.420	3.522E-95	265	714	770	3479	4789	1311	3461	4936
278193997	1	306	2.760E-81	1	3479	4789	86	306	0.394	5.400E-86	260	711	769	3479	4789	1311	3461	4936
278314763	1	295	5.653E-78	1	3479	4789	86	295	0.383	4.390E-82	299	751	810	3479	4789	1311	3461	4936
286047221	1	305	5.520E-81	1	3479	4786	86	305	0.395	1.005E-85	275	723	775	3479	4786	1308	3461	4936
291766242	1	316	2.695E-84	1	3479	4915	86	316	0.382	2.280E-89	310	797	813	3479	4915	1437	3461	4936
292318972	1	695	2.189E-198	3	2655	4933	54	109	0.497	3.886E-23	18	127	742	2655	2999	345	2478	2999
292318972	1	695	2.189E-198	3	2655	4933	61	153	0.678	5.505E-39	127	237	742	3059	3370	312	3047	3457
292318972	1	695	2.189E-198	3	2655	4933	86	434	0.490	4.810E-130	236	715	742	3518	4933	1416	3461	4936
292359011	1	317	1.348E-84	1	3479	4927	86	317	0.380	8.970E-90	262	755	768	3479	4927	1449	3461	4936
292433068	1	303	2.208E-80	1	3479	4813	86	303	0.386	6.479E-85	264	723	773	3479	4813	1335	3461	4936
292522000	1	304	1.104E-80	1	3479	4912	86	304	0.368	2.552E-85	301	795	810	3479	4912	1434	3461	4936
292533874	1	202	5.598E-50	1	4016	4789	86	202	0.409	1.161E-50	5	285	343	4016	4789	774	3461	4936
292638627	1	304	1.104E-80	1	3479	4789	86	304	0.393	3.481E-85	263	713	771	3479	4789	1311	3461	4936
292638820	1	318	6.739E-85	1	3479	4828	86	318	0.397	3.529E-90	260	725	767	3479	4828	1350	3461	4936
292785066	1	302	4.416E-80	1	3479	4789	86	302	0.391	8.838E-85	258	709	764	3479	4789	1311	3461	4936
292801893	1	321	8.423E-86	1	3479	4795	86	321	0.406	5.459E-91	119	572	628	3479	4795	1317	3461	4936
292839693	1	531	5.119E-149	2	3062	4807	61	158	0.654	9.080E-41	55	174	849	3062	3418	357	3047	3457
292839693	1	531	5.119E-149	2	3062	4807	86	374	0.464	3.952E-109	173	607	849	3479	4807	1329	3461	4936
301094445	1	323	2.106E-86	1	3479	4789	86	323	0.407	8.441E-92	272	727	784	3479	4789	1311	3461	4936
301126313	1	312	4.313E-83	1	3479	4915	86	312	0.382	3.742E-88	268	750	759	3479	4915	1437	3461	4936
301668713	1	289	3.618E-76	1	3479	4912	86	289	0.351	3.375E-80	190	692	705	3479	4912	1434	3461	4936
303176083	1	319	3.369E-85	1	3479	4789	86	319	0.408	1.894E-90	259	708	767	3479	4789	1311	3461	4936
306151391	1	307	1.380E-81	1	3479	4786	86	307	0.399	2.901E-86	253	698	756	3479	4786	1308	3461	4936
306862128	1	317	1.348E-84	1	3479	4789	86	317	0.404	1.224E-89	119	570	628	3479	4789	1311	3461	4936
306942960	1	308	6.900E-82	1	3479	4921	86	308	0.366	1.142E-86	276	780	788	3479	4921	1443	3461	4936
306987750	1	308	6.900E-82	1	3479	4789	86	308	0.394	8.372E-87	167	622	673	3479	4789	1311	3461	4936
306988509	1	301	8.832E-80	1	3494	4789	86	301	0.390	2.244E-84	74	525	576	3494	4789	1296	3461	4936
307045413	1	311	8.625E-83	1	3479	4912	86	311	0.371	1.297E-87	211	710	727	3479	4912	1434	3461	4936
307057146	1	320	1.685E-85	1	3479	4762	86	320	0.410	1.017E-90	262	708	744	3479	4762	1284	3461	4936
307093583	1	330	1.645E-88	1	3479	4927	86	330	0.386	3.114E-94	266	767	772	3479	4927	1449	3461	4936
307128189	1	321	8.423E-86	1	3479	4789	86	321	0.409	2.930E-91	259	709	767	3479	4789	1311	3461	4936
307172486	1	306	2.760E-81	1	3479	4825	86	306	0.387	7.367E-86	268	730	776	3479	4825	1347	3461	4936
307251557	1	330	1.645E-88	1	3479	4930	86	330	0.388	3.114E-94	262	760	773	3479	4930	1452	3461	4936
307308671	1	306	2.760E-81	1	3479	4795	86	306	0.393	7.367E-86	265	718	774	3479	4795	1317	3461	4936
307325158	1	292	4.522E-77	1	3479	4912	86	292	0.363	2.824E-81	299	784	798	3479	4912	1434	3461	4936
307365450	1	297	1.413E-78	1	3479	4786	86	297	0.383	6.821E-83	288	743	800	3479	4786	1308	3461	4936
307412639	1	621	4.135E-176	2	3059	4906	61	173	0.665	5.582E-46	134	262	785	3059	3418	360	3047	3457
307412639	1	621	4.135E-176	2	3059	4906	86	449	0.499	6.104E-135	261	745	785	3479	4906	1428	3461	4936
314232992	1	327	1.316E-87	1	3479	4906	86	327	0.392	2.752E-93	267	753	765	3479	4906	1428	3461	4936
315337293	1	312	4.313E-83	1	3479	4786	86	312	0.397	5.106E-88	266	721	781	3479	4786	1308	3461	4936
318013043	1	314	1.078E-83	1	3479	4789	86	314	0.402	7.908E-89	120	571	628	3479	4789	1311	3461	4936
320679206	1	307	1.380E-81	1	3479	4789	86	307	0.398	2.126E-86	254	700	757	3479	4789	1311	3461	4936
320706996	1	315	5.391E-84	1	3479	4786	86	315	0.406	4.246E-89	253	698	756	3479	4786	1308	3461	4936
320738276	1	304	1.104E-80	1	3479	4789	86	304	0.396	2.552E-85	254	699	756	3479	4789	1311	3461	4936
321375252	1	297	1.413E-78	1	3479	4789	86	297	0.384	6.821E-83	287	740	791	3479	4789	1311	3461	4936
321530156	1	305	5.520E-81	1	3494	4789	86	305	0.393	1.371E-85	74	525	576	3494	4789	1296	3461	4936
321532854	1	317	1.348E-84	1	3479	4789	86	317	0.404	1.224E-89	263	714	772	3479	4789	1311	3461	4936
321701750	1	304	1.104E-80	1	3479	4825	86	304	0.388	1.871E-85	264	722	770	3479	4825	1347	3461	4936
321725784	1	304	1.104E-80	1	3479	4813	86	304	0.387	3.481E-85	372	831	881	3479	4813	1335	3461	4936
321782544	1	325	5.265E-87	1	3479	4789	86	325	0.409	1.305E-92	265	720	771	3479	4789	1311	3461	4936
321799973	1	313	2.156E-83	1	3479	4912	86	313	0.375	2.742E-88	260	755	769	3479	4912	1434	3461	4936
321977176	1	308	6.900E-82	1	3479	4906	86	308	0.375	8.372E-87	275	763	775	3479	4906	1428	3461	4936
329948042	1	307	1.380E-81	1	3479	4789	86	307	0.392	2.126E-86	258	714	765	3479	4789	1311	3461	4936
332283203	1	312	4.313E-83	1	3479	4828	86	312	0.393	5.106E-88	261	722	763	3479	4828	1350	3461	4936
335222298	1	293	2.261E-77	1	3479	4789	86	293	0.386	1.113E-81	253	698	755	3479	4789	1311	3461	4936
335246765	1	290	1.809E-76	1	3479	4915	86	290	0.360	1.815E-80	253	739	756	3479	4915	1437	3461	4936
335260277	1	217	1.708E-54	1	3479	4789	86	217	0.318	1.066E-55	201	553	610	3479	4789	1311	3461	4936
335278964	1	298	7.066E-79	1	3479	4789	86	298	0.390	3.667E-83	326	771	828	3479	4789	1311	3461	4936
335421156	1	308	6.900E-82	1	3479	4786	86	308	0.400	1.142E-86	253	698	756	3479	4786	1308	3461	4936
335514927	1	316	2.695E-84	1	3479	4786	86	316	0.407	2.280E-89	253	698	756	3479	4786	1308	3461	4936
335934494	1	298	7.066E-79	1	3479	4786	86	298	0.385	3.667E-83	297	750	809	3479	4786	1308	3461	4936
335976425	1	309	3.450E-82	1	3479	4915	86	309	0.370	6.136E-87	146	643	651	3479	4915	1437	3461	4936
336053568	1	304	1.104E-80	1	3482	4912	86	304	0.369	2.552E-85	237	729	743	3482	4912	1431	3461	4936
336176405	1	332	4.113E-89	1	3479	4927	86	332	0.388	4.808E-95	266	767	772	3479	4927	1449	3461	4936
336182757	1	316	2.695E-84	1	3479	4828	86	316	0.394	3.112E-89	251	717	759	3479	4828	1350	3461	4936
336219793	1	306	2.760E-81	1	3479	4789	86	306	0.394	3.958E-86	265	716	774	3479	4789	1311	3461	4936
336243269	1	312	4.313E-83	1	3479	4825	86	312	0.392	6.968E-88	268	730	772	3479	4825	1347	3461	4936
336273401	1	304	1.104E-80	1	3479	4927	86	304	0.364	2.552E-85	275	777	782	3479	4927	1449	3461	4936
336346487	1	447	9.901E-124	2	3059	4789	61	153	0.614	5.505E-39	143	267	734	3059	3418	360	3047	3457
336346487	1	447	9.901E-124	2	3059	4789	86	295	0.394	2.360E-82	266	678	734	3479	4789	1311	3461	4936
336406894	1	316	2.695E-84	1	3479	4825	86	316	0.397	3.112E-89	263	724	771	3479	4825	1347	3461	4936
336425968	1	308	6.900E-82	1	3479	4912	86	308	0.373	8.372E-87	36	528	546	3479	4912	1434	3461	4936
336450914	1	298	7.066E-79	1	3479	4786	86	298	0.385	3.667E-83	210	664	721	3479	4786	1308	3461	4936
336514781	1	312	4.313E-83	1	3479	4789	86	312	0.401	5.106E-88	266	715	774	3479	4789	1311	3461	4936
336536186	1	317	1.348E-84	1	3479	4912	86	317	0.379	6.573E-90	285	780	794	3479	4912	1434	3461	4936
342158564	1	325	5.265E-87	1	3479	4912	86	325	0.387	2.431E-92	222	713	730	3479	4912	1434	3461	4936
349265303	1	263	2.428E-68	1	3479	4915	86	263	0.334	3.422E-71	260	752	773	3479	4915	1437	3461	4936
349819473	1	296	2.826E-78	1	3479	4915	86	296	0.365	1.269E-82	252	739	758	3479	4915	1437	3461	4936
349930847	1	317	1.348E-84	1	3479	4915	86	317	0.383	8.970E-90	422	909	925	3479	4915	1437	3461	4936
350478932	1	315	5.391E-84	1	3479	4933	86	315	0.374	4.246E-89	268	768	773	3479	4933	1455	3461	4936
350532761	1	312	4.313E-83	1	3479	4789	86	312	0.401	3.742E-88	262	712	770	3479	4789	1311	3461	4936
350549041	1	312	4.313E-83	1	3479	4933	86	312	0.372	6.968E-88	287	786	791	3479	4933	1455	3461	4936
350595105	1	319	3.369E-85	1	3479	4912	86	319	0.382	2.585E-90	268	759	776	3479	4912	1434	3461	4936
350618239	1	90	2.907E-16	1	2685	2963	54	90	0.501	1.305E-16	40	128	136	2685	2963	279	2478	2999
350697414	1	470	1.180E-130	2	3059	4789	61	155	0.632	6.038E-40	144	266	775	3059	3418	360	3047	3457
350697414	1	470	1.180E-130	2	3059	4789	86	316	0.403	1.671E-89	265	717	775	3479	4789	1311	3461	4936
350716360	1	311	8.625E-83	1	3479	4789	86	311	0.395	1.297E-87	276	732	783	3479	4789	1311	3461	4936
350729782	1	311	8.625E-83	1	3479	4930	86	311	0.372	9.508E-88	259	756	769	3479	4930	1452	3461	4936
350740091	1	307	1.380E-81	1	3479	4789	86	307	0.395	2.126E-86	36	487	519	3479	4789	1311	3461	4936
350817604	1	328	6.581E-88	1	3479	4789	86	328	0.412	1.477E-93	167	622	673	3479	4789	1311	3461	4936
350850028	1	313	2.156E-83	1	3479	4828	86	313	0.391	2.742E-88	119	585	627	3479	4828	1350	3461	4936
350898867	1	324	1.053E-86	1	3479	4915	86	324	0.384	3.319E-92	262	758	775	3479	4915	1437	3461	4936
351004204	1	548	3.905E-154	2	3062	4930	61	158	0.654	9.080E-41	55	174	889	3062	3418	357	3047	3457
351004204	1	548	3.905E-154	2	3062	4930	86	391	0.449	4.238E-115	173	649	889	3479	4930	1452	3461	4936
359581592	1	467	9.443E-130	2	3059	4933	61	152	0.620	1.035E-38	147	269	776	3059	3415	357	3047	3457
359581592	1	467	9.443E-130	2	3059	4933	86	315	0.375	5.795E-89	269	766	776	3479	4933	1455	3461	4936
360445180	1	304	1.104E-80	1	3479	4912	86	304	0.368	3.481E-85	266	759	777	3479	4912	1434	3461	4936
360604144	1	296	2.826E-78	1	3479	4912	86	296	0.362	1.731E-82	259	751	762	3479	4912	1434	3461	4936
364305229	1	292	4.522E-77	1	3479	4789	86	292	0.385	2.824E-81	253	698	755	3479	4789	1311	3461	4936
364318506	1	304	1.104E-80	1	3479	4786	86	304	0.396	3.481E-85	234	679	737	3479	4786	1308	3461	4936
364318936	1	315	5.391E-84	1	3479	4915	86	315	0.381	4.246E-89	253	741	769	3479	4915	1437	3461	4936
364364726	1	308	6.900E-82	1	3479	4789	86	308	0.400	8.372E-87	253	699	756	3479	4789	1311	3461	4936
365029547	1	462	3.022E-128	2	3059	4789	61	154	0.606	2.135E-39	150	277	781	3059	3424	366	3047	3457
365029547	1	462	3.022E-128	2	3059	4789	86	311	0.396	9.508E-88	274	730	781	3479	4789	1311	3461	4936
365092438	1	608	3.387E-172	2	3059	4933	61	169	0.656	1.313E-44	130	257	775	3059	3418	360	3047	3457
365092438	1	608	3.387E-172	2	3059	4933	86	440	0.484	6.001E-132	256	749	775	3479	4933	1455	3461	4936
365107733	1	302	4.416E-80	1	3479	4786	86	302	0.388	1.645E-84	210	665	722	3479	4786	1308	3461	4936
365139791	1	287	1.447E-75	1	3482	4933	86	287	0.343	1.166E-79	287	805	812	3482	4933	1452	3461	4936
365220693	1	335	5.141E-90	1	3479	4936	86	335	0.391	7.422E-96	277	776	781	3479	4936	1458	3461	4936
365259188	1	312	4.313E-83	1	3479	4789	86	312	0.397	3.742E-88	275	731	782	3479	4789	1311	3461	4936
365450699	1	297	1.413E-78	1	3479	4825	86	297	0.378	9.304E-83	267	730	772	3479	4825	1347	3461	4936
365468863	1	462	3.022E-128	2	3059	4933	61	153	0.624	4.014E-39	143	265	772	3059	3415	357	3047	3457
365468863	1	462	3.022E-128	2	3059	4933	86	309	0.370	6.136E-87	265	762	772	3479	4933	1455	3461	4936
365502206	1	324	1.053E-86	1	3479	4789	86	324	0.412	3.319E-92	263	712	771	3479	4789	1311	3461	4936
365576833	1	331	8.226E-89	1	3479	4927	86	331	0.390	1.224E-94	252	748	756	3479	4927	1449	3461	4936
365596739	1	317	1.348E-84	1	3479	4789	86	317	0.404	1.224E-89	266	717	775	3479	4789	1311	3461	4936
372984462	1	465	3.777E-129	2	3059	4702	61	154	0.621	1.135E-39	138	262	795	3059	3418	360	3047	3457
372984462	1	465	3.777E-129	2	3059	4702	86	312	0.431	3.742E-88	261	665	795	3479	4702	1224	3461	4936
373879599	1	1029	6.255E-299	3	2526	4933	54	168	0.549	1.728E-43	0	149	757	2526	2999	474	2478	2999
373879599	1	1029	6.255E-299	3	2526	4933	61	227	0.897	9.064E-65	149	268	757	3059	3418	360	3047	3457
373879599	1	1029	6.255E-299	3	2526	4933	86	635	0.657	2.736E-199	267	754	757	3479	4933	1455	3461	4936
378886347	1	300	1.766E-79	1	3479	4789	86	300	0.392	7.767E-84	253	698	755	3479	4789	1311	3461	4936
378905063	1	309	3.450E-82	1	3479	4789	86	309	0.400	4.497E-87	253	699	756	3479	4789	1311	3461	4936
379121190	1	312	4.313E-83	1	3479	4891	86	312	0.388	6.968E-88	210	674	688	3479	4891	1413	3461	4936
379139016	1	311	8.625E-83	1	3479	4918	86	311	0.376	1.297E-87	253	742	769	3479	4918	1440	3461	4936
379630364	1	442	3.168E-122	2	3059	4789	61	155	0.632	6.038E-40	123	245	756	3059	3415	357	3047	3457
379630364	1	442	3.168E-122	2	3059	4789	86	287	0.386	1.166E-79	245	663	756	3479	4789	1311	3461	4936
379683157	1	319	3.369E-85	1	3479	4795	86	319	0.405	2.585E-90	263	716	772	3479	4795	1317	3461	4936
379748736	1	257	1.554E-66	2	2679	4834	54	63	0.376	1.428E-07	1	92	524	2679	2963	285	2478	2999
379748736	1	257	1.554E-66	2	2679	4834	86	203	0.389	4.657E-51	103	406	524	4016	4834	819	3461	4936
379750167	1	304	1.104E-80	1	3479	4918	86	304	0.366	2.552E-85	293	790	805	3479	4918	1440	3461	4936
379776276	1	308	6.900E-82	1	3479	4912	86	308	0.363	1.142E-86	301	811	826	3479	4912	1434	3461	4936
379845969	1	242	5.092E-62	1	3803	4789	86	242	0.400	3.147E-64	148	496	555	3803	4789	987	3461	4936
379970293	1	333	2.056E-89	1	3479	4825	86	333	0.413	2.579E-95	264	724	769	3479	4825	1347	3461	4936
379976939	1	549	1.953E-154	2	3059	4594	61	167	0.651	4.643E-44	31	158	602	3059	3418	360	3047	3457
379976939	1	549	1.953E-154	2	3059	4594	86	383	0.541	2.999E-112	157	523	602	3479	4594	1116	3461	4936
380026705	1	314	1.078E-83	1	3479	4825	86	314	0.394	1.473E-88	268	730	772	3479	4825	1347	3461	4936
380055378	1	726	1.019E-207	3	2655	4933	54	109	0.497	3.886E-23	18	127	772	2655	2999	345	2478	2999
380055378	1	726	1.019E-207	3	2655	4933	61	168	0.652	3.386E-44	127	254	772	3059	3418	360	3047	3457
380055378	1	726	1.019E-207	3	2655	4933	86	450	0.493	2.385E-135	253	745	772	3479	4933	1455	3461	4936
380100095	1	306	2.760E-81	1	3479	4789	86	306	0.394	7.367E-86	260	711	769	3479	4789	1311	3461	4936
388871484	1	557	7.628E-157	3	2685	4921	54	91	0.462	5.114E-17	49	149	780	2685	2999	315	2478	2999
388871484	1	557	7.628E-157	3	2685	4921	61	148	0.602	2.433E-37	149	272	780	3059	3415	357	3047	3457
388871484	1	557	7.628E-157	3	2685	4921	86	318	0.380	4.816E-90	272	765	780	3479	4921	1443	3461	4936
389245782	1	331	8.226E-89	1	3479	4927	86	331	0.390	1.224E-94	259	755	763	3479	4927	1449	3461	4936
389801521	1	313	2.156E-83	1	3479	4786	86	313	0.400	2.010E-88	270	722	781	3479	4786	1308	3461	4936
393428252	1	302	4.416E-80	1	3479	4930	86	302	0.368	8.838E-85	251	743	754	3479	4930	1452	3461	4936
393559005	1	320	1.685E-85	1	3479	4915	86	320	0.386	7.450E-91	310	797	813	3479	4915	1437	3461	4936
393596438	1	275	5.927E-72	1	3542	4915	86	275	0.358	1.726E-75	247	712	729	3542	4915	1374	3461	4936
394130629	1	314	1.078E-83	1	3479	4936	86	314	0.371	1.473E-88	268	771	773	3479	4936	1458	3461	4936
394134177	1	303	2.208E-80	1	3479	4918	86	303	0.363	6.479E-85	286	788	798	3479	4918	1440	3461	4936
394174097	1	310	1.725E-82	1	3479	4825	86	310	0.391	2.415E-87	268	730	772	3479	4825	1347	3461	4936
394217655	1	382	3.653E-104	1	3479	4933	86	382	0.441	5.602E-112	258	731	765	3479	4933	1455	3461	4936
394219831	1	318	6.739E-85	1	3479	4912	86	318	0.381	4.816E-90	268	759	776	3479	4912	1434	3461	4936
394316602	1	309	3.450E-82	1	3479	4912	86	309	0.364	4.497E-87	301	811	824	3479	4912	1434	3461	4936
394461720	1	301	8.832E-80	1	3479	4786	86	301	0.389	4.175E-84	266	717	769	3479	4786	1308	3461	4936
394487889	1	309	3.450E-82	1	3479	4912	86	309	0.368	6.136E-87	315	817	833	3479	4912	1434	3461	4936
394630485	1	551	4.882E-155	2	3059	4933	61	160	0.656	1.872E-41	70	190	1181	3059	3418	360	3047	3457
394630485	1	551	4.882E-155	2	3059	4933	86	392	0.449	2.268E-115	189	666	1181	3479	4933	1455	3461	4936
394679760	1	300	1.766E-79	1	3479	4831	86	300	0.382	7.767E-84	266	727	769	3479	4831	1353	3461	4936
405902186	1	1339	0.000E+00	3	2526	4936	54	247	0.761	5.175E-71	0	157	764	2526	2999	474	2478	2999
405902186	1	1339	0.000E+00	3	2526	4936	61	251	0.969	2.846E-73	157	278	764	3059	3424	366	3047	3457
405902186	1	1339	0.000E+00	3	2526	4936	86	844	0.835	1.034E-271	275	763	764	3479	4936	1458	3461	4936
406482230	1	315	5.391E-84	1	3479	4912	86	315	0.377	4.246E-89	285	780	794	3479	4912	1434	3461	4936
407970148	1	316	2.695E-84	1	3479	4915	86	316	0.382	1.671E-89	253	740	756	3479	4915	1437	3461	4936
407976607	1	293	2.261E-77	1	3479	4930	86	293	0.360	2.071E-81	253	744	755	3479	4930	1452	3461	4936
407989090	1	312	4.313E-83	1	3479	4789	86	312	0.403	5.106E-88	253	699	756	3479	4789	1311	3461	4936
408096014	1	299	3.533E-79	1	3479	4789	86	299	0.391	1.971E-83	253	698	755	3479	4789	1311	3461	4936
408098471	1	321	8.423E-86	1	3479	4915	86	321	0.386	5.459E-91	249	736	752	3479	4915	1437	3461	4936
408219268	1	309	3.450E-82	1	3479	4789	86	309	0.400	6.136E-87	253	699	743	3479	4789	1311	3461	4936
408657102	1	620	8.270E-176	2	3059	4933	61	169	0.659	6.982E-45	112	239	761	3059	3418	360	3047	3457
408657102	1	620	8.270E-176	2	3059	4933	86	452	0.496	3.640E-136	238	729	761	3479	4933	1455	3461	4936
408802050	1	314	1.078E-83	1	3479	4933	86	314	0.373	1.473E-88	268	767	772	3479	4933	1455	3461	4936
408869380	1	320	1.685E-85	1	3479	4786	86	320	0.405	7.450E-91	201	655	713	3479	4786	1308	3461	4936
408897692	1	395	4.459E-108	1	3479	4906	86	395	0.458	1.861E-116	241	713	735	3479	4906	1428	3461	4936
409042770	1	714	4.175E-204	3	2655	4933	54	109	0.499	2.840E-23	24	133	776	2655	2999	345	2478	2999
409042770	1	714	4.175E-204	3	2655	4933	61	164	0.642	4.234E-43	133	260	776	3059	3418	360	3047	3457
409042770	1	714	4.175E-204	3	2655	4933	86	442	0.488	9.165E-133	259	749	776	3479	4933	1455	3461	4936
409124918	1	315	5.391E-84	1	3479	4933	86	315	0.374	5.795E-89	268	768	773	3479	4933	1455	3461	4936
409143755	1	317	1.348E-84	1	3479	4795	86	317	0.403	1.224E-89	263	716	772	3479	4795	1317	3461	4936
409146636	1	606	1.355E-171	2	3059	4933	61	167	0.651	4.643E-44	127	254	772	3059	3418	360	3047	3457
409146636	1	606	1.355E-171	2	3059	4933	86	440	0.485	6.001E-132	253	745	772	3479	4933	1455	3461	4936
409169149	1	526	1.638E-147	2	3071	4807	61	153	0.650	4.014E-39	201	317	978	3071	3418	348	3047	3457
409169149	1	526	1.638E-147	2	3071	4807	86	374	0.464	2.892E-109	316	750	978	3479	4807	1329	3461	4936
409171872	1	547	7.811E-154	2	3059	4933	61	161	0.661	5.295E-42	137	257	765	3059	3418	360	3047	3457
409171872	1	547	7.811E-154	2	3059	4933	86	387	0.445	9.647E-114	256	733	765	3479	4933	1455	3461	4936
409211616	1	306	2.760E-81	1	3479	4789	86	306	0.394	7.367E-86	8	459	517	3479	4789	1311	3461	4936
419899696	1	463	1.511E-128	2	3059	4789	61	150	0.610	3.660E-38	149	272	781	3059	3415	357	3047	3457
419899696	1	463	1.511E-128	2	3059	4789	86	313	0.402	2.010E-88	272	721	781	3479	4789	1311	3461	4936
421412688	1	543	1.250E-152	2	2649	4930	54	135	0.585	3.850E-32	24	136	706	2649	2999	351	2478	2999
421412688	1	543	1.250E-152	2	2649	4930	86	501	0.545	6.518E-153	231	701	706	3479	4930	1452	3461	4936
422533722	1	316	2.695E-84	1	3479	4786	86	316	0.408	1.671E-89	254	699	757	3479	4786	1308	3461	4936
422638072	1	217	1.708E-54	1	3479	4789	86	217	0.318	1.066E-55	201	553	610	3479	4789	1311	3461	4936
422670278	1	297	1.413E-78	1	3479	4789	86	297	0.390	5.001E-83	310	755	812	3479	4789	1311	3461	4936
423257597	1	302	4.416E-80	1	3479	4933	86	302	0.364	8.838E-85	283	783	788	3479	4933	1455	3461	4936
423402119	1	297	1.413E-78	1	3479	4786	86	297	0.377	5.001E-83	295	762	817	3479	4786	1308	3461	4936
423410860	1	605	2.710E-171	2	3059	4933	61	167	0.651	4.643E-44	127	254	772	3059	3418	360	3047	3457
423410860	1	605	2.710E-171	2	3059	4933	86	439	0.484	1.535E-131	253	745	772	3479	4933	1455	3461	4936
423493470	1	312	4.313E-83	1	3479	4825	86	312	0.393	3.742E-88	268	730	772	3479	4825	1347	3461	4936
423564937	1	311	8.625E-83	1	3479	4828	86	311	0.390	9.508E-88	260	726	768	3479	4828	1350	3461	4936
423571853	1	326	2.632E-87	1	3479	4912	86	326	0.387	9.558E-93	265	758	776	3479	4912	1434	3461	4936
423592421	1	201	1.120E-49	1	4016	4789	86	201	0.409	2.894E-50	32	311	369	4016	4789	774	3461	4936
423598513	1	603	1.084E-170	2	3059	4933	61	167	0.651	4.643E-44	127	254	772	3059	3418	360	3047	3457
423598513	1	603	1.084E-170	2	3059	4933	86	437	0.483	3.929E-131	253	745	772	3479	4933	1455	3461	4936
423642917	1	315	5.391E-84	1	3479	4795	86	315	0.401	4.246E-89	263	716	772	3479	4795	1317	3461	4936
423730644	1	316	2.695E-84	1	3479	4789	86	316	0.404	2.280E-89	232	682	741	3479	4789	1311	3461	4936
432905375	1	319	3.369E-85	1	3479	4789	86	319	0.404	2.585E-90	271	725	775	3479	4789	1311	3461	4936
435167011	1	316	2.695E-84	1	3479	4834	86	316	0.392	2.280E-89	268	737	774	3479	4834	1356	3461	4936
437012585	1	306	2.760E-81	1	3479	4789	86	306	0.397	5.400E-86	254	700	757	3479	4789	1311	3461	4936
437038675	1	292	4.522E-77	1	3479	4915	86	292	0.362	2.824E-81	253	739	756	3479	4915	1437	3461	4936
437053387	1	296	2.826E-78	1	3479	4789	86	296	0.388	1.731E-82	253	698	755	3479	4789	1311	3461	4936
437072722	1	310	1.725E-82	1	3479	4789	86	310	0.401	3.296E-87	253	699	756	3479	4789	1311	3461	4936
437146630	1	1066	4.551E-310	3	2526	4936	54	169	0.553	4.899E-44	0	152	762	2526	2999	474	2478	2999
437146630	1	1066	4.551E-310	3	2526	4936	61	234	0.910	2.246E-67	152	273	762	3059	3424	366	3047	3457
437146630	1	1066	4.551E-310	3	2526	4936	86	666	0.679	4.461E-210	270	761	762	3479	4936	1458	3461	4936
437213505	1	320	1.685E-85	1	3479	4915	86	320	0.386	7.450E-91	253	740	756	3479	4915	1437	3461	4936
437301044	1	314	1.078E-83	1	3479	4786	86	314	0.406	7.908E-89	253	698	756	3479	4786	1308	3461	4936
437488905	1	281	9.261E-74	1	3575	4915	86	281	0.368	2.262E-77	108	563	587	3575	4915	1341	3461	4936
437489743	1	323	2.106E-86	1	3479	4915	86	323	0.388	8.441E-92	253	740	764	3479	4915	1437	3461	4936
437776039	1	306	2.760E-81	1	3479	4933	86	306	0.366	7.367E-86	268	769	774	3479	4933	1455	3461	4936
437900086	1	315	5.391E-84	1	3479	4789	86	315	0.403	4.246E-89	263	714	772	3479	4789	1311	3461	4936
438011194	1	316	2.695E-84	1	3479	4828	86	316	0.395	3.112E-89	259	723	766	3479	4828	1350	3461	4936
438055752	1	295	5.653E-78	1	3479	4786	86	295	0.384	2.360E-82	264	715	767	3479	4786	1308	3461	4936
438139184	1	604	5.420E-171	2	3059	4933	61	167	0.651	4.643E-44	127	254	772	3059	3418	360	3047	3457
438139184	1	604	5.420E-171	2	3059	4933	86	438	0.483	2.872E-131	253	745	772	3479	4933	1455	3461	4936
438192470	1	306	2.760E-81	1	3479	4933	86	306	0.367	3.958E-86	283	783	788	3479	4933	1455	3461	4936
438219788	1	452	3.094E-125	1	3479	4933	86	452	0.495	4.980E-136	183	675	702	3479	4933	1455	3461	4936
446658266	1	310	1.725E-82	1	3479	4789	86	310	0.397	3.296E-87	260	711	777	3479	4789	1311	3461	4936
449469647	1	259	3.885E-67	1	3680	4933	86	259	0.358	4.048E-70	380	818	823	3680	4933	1254	3461	4936
451610590	1	311	8.625E-83	1	3479	4918	86	311	0.376	1.297E-87	253	742	769	3479	4918	1440	3461	4936
451752648	1	313	2.156E-83	1	3479	4915	86	313	0.379	2.742E-88	253	741	769	3479	4915	1437	3461	4936
452294686	1	564	5.959E-159	2	3059	4912	61	167	0.687	4.643E-44	126	245	731	3059	3418	360	3047	3457
452294686	1	564	5.959E-159	2	3059	4912	86	398	0.460	1.526E-117	244	708	731	3479	4912	1434	3461	4936
452295636	1	320	1.685E-85	1	3479	4828	86	320	0.398	7.450E-91	261	727	769	3479	4828	1350	3461	4936
452355617	1	608	3.387E-172	2	3059	4933	61	167	0.651	4.643E-44	127	254	772	3059	3418	360	3047	3457
452355617	1	608	3.387E-172	2	3059	4933	86	442	0.487	1.254E-132	253	745	772	3479	4933	1455	3461	4936
452386152	1	297	1.413E-78	1	3479	4789	86	297	0.384	9.304E-83	234	687	742	3479	4789	1311	3461	4936
452427280	1	314	1.078E-83	1	3479	4933	86	314	0.374	7.908E-89	292	791	796	3479	4933	1455	3461	4936
452457106	1	256	3.108E-66	2	2661	3415	54	99	0.467	9.815E-20	40	151	430	2661	2999	339	2478	2999
452457106	1	256	3.108E-66	2	2661	3415	61	157	0.629	1.707E-40	151	275	430	3059	3415	357	3047	3457
452529829	1	318	6.739E-85	1	3479	4795	86	318	0.404	4.816E-90	263	716	772	3479	4795	1317	3461	4936
452587980	1	296	2.826E-78	1	3479	4786	86	296	0.383	1.269E-82	266	720	772	3479	4786	1308	3461	4936
452660079	1	301	8.832E-80	1	3479	4786	86	301	0.381	2.244E-84	300	765	821	3479	4786	1308	3461	4936
452729470	1	313	2.156E-83	1	3479	4933	86	313	0.373	2.010E-88	268	767	772	3479	4933	1455	3461	4936
459001307	1	315	5.391E-84	1	3479	4789	86	315	0.403	4.246E-89	258	709	768	3479	4789	1311	3461	4936
459277251	1	310	1.725E-82	1	3479	4819	86	310	0.390	2.415E-87	274	738	779	3479	4819	1341	3461	4936
461936688	1	327	1.316E-87	1	3479	4912	86	327	0.389	2.752E-93	273	765	783	3479	4912	1434	3461	4936
463959399	1	609	1.694E-172	2	3059	4933	61	169	0.659	6.982E-45	130	257	776	3059	3418	360	3047	3457
463959399	1	609	1.694E-172	2	3059	4933	86	441	0.485	1.715E-132	256	749	776	3479	4933	1455	3461	4936
 