276296858	1	3076	276296858	1	3076
276296858	1	3076	305380016	1	3076
276296858	1	3076	319921595	1	3076
348401258	1	19703	824915	1	19652
348401258	1	19703	175278865	1	19655
348401258	1	19703	349929808	1	19670
348401258	1	19703	154800594	1	19676
348401258	1	19703	437324407	1	19682
348401258	1	19703	233571354	1	19685
348401258	1	19703	379019166	1	19691
348401258	1	19703	175434039	1	19691
348401258	1	19703	320846707	1	19691
348401258	1	19703	408098921	1	19691
348401258	1	19703	71928502	1	19691
348401258	1	19703	175383625	1	19694
348401258	1	19703	248089616	1	19694
348401258	1	19703	408049889	1	19694
348401258	1	19703	379311058	1	19694
348401258	1	19703	227894257	1	19694
348401258	1	19703	262571129	1	19697
348401258	1	19703	393445459	1	19697
348401258	1	19703	823854	1	19700
348401258	1	19703	364503751	1	19700
348401258	1	19703	30016459	1	19700
348401258	1	19703	348401258	1	19703
348401258	1	19703	117136877	1	19706
348401258	1	19703	146352790	1	19706
348401258	1	19703	30049550	1	19724
348401258	1	19703	204761062	1	19724
348401258	1	19703	393589421	1	19724
348401258	1	19703	233629234	1	19727
348401258	1	19703	420705775	1	19727
348401258	1	19703	407980946	1	19727
348401258	1	19703	262714397	1	19727
348401258	1	19703	233638127	1	19727
348401258	1	19703	1230026	1	19727
348401258	1	19703	44559725	1	19727
348401258	1	19703	422680277	1	19727
348401258	1	19703	44453578	1	19727
348401258	1	19703	277224137	1	19742
348401258	1	19703	15490752	1	19748
348401258	1	19703	176102576	1	19748
348401258	1	19703	306428346	1	19754
348401258	1	19703	102581139	1	19754
348401258	1	19703	379014987	1	19754
348401258	1	19703	131811902	1	19793
160857451	1	20090	305626437	1	20090
160857451	1	20090	222085	1	20090
160857451	1	20090	291321523	1	20090
160857451	1	20090	291180144	1	20090
160857451	1	20090	87681829	1	20090
160857451	1	20090	436769733	1	20090
160857451	1	20090	334694323	1	20090
160857451	1	20090	73339029	1	20090
160857451	1	20090	232881884	1	20090
160857451	1	20090	29400140	1	20090
160857451	1	20090	203916405	1	20090
160857451	1	20090	160473701	1	20090
160857451	1	20090	160446811	1	20090
160857451	1	20090	29868534	1	20090
160857451	1	20090	103004395	1	20090
160857451	1	20090	349783853	1	20090
160857451	1	20090	378867349	1	20090
160857451	1	20090	393835740	1	20090
160857451	1	20090	393835834	1	20090
160857451	1	20090	73920739	1	20090
160857451	1	20090	161170233	1	20090
160857451	1	20090	233878324	1	20090
160857451	1	20090	422358787	1	20090
160857451	1	20090	131526953	1	20090
160857451	1	20090	291371403	1	20090
160857451	1	20090	262287891	1	20090
160857451	1	20090	44163164	1	20090
160857451	1	20090	58377414	1	20090
160857451	1	20090	276851491	1	20090
160857451	1	20090	276803390	1	20090
160857451	1	20090	233033128	1	20090
160857451	1	20090	116624233	1	20090
160857451	1	20090	87638501	1	20090
160857451	1	20090	276706215	1	20090
160857451	1	20090	155486585	1	20090
160857451	1	20090	110991163	1	20090
160857451	1	20090	291062511	1	20090
160857451	1	20090	73145220	1	20090
160857451	1	20090	407602232	1	20090
160857451	1	20090	349722817	1	20090
160857451	1	20090	183124229	1	20090
160857451	1	20090	363810379	1	20090
160857451	1	20090	145874576	1	20090
160857451	1	20090	436854187	1	20090
160857451	1	20090	29551615	1	20090
160857451	1	20090	407670644	1	20090
160857451	1	20090	430921338	1	20090
160857451	1	20090	102036600	1	20090
160857451	1	20090	334879219	1	20090
160857451	1	20090	270371824	1	20090
160857451	1	20090	393380609	1	20090
160857451	1	20090	160857451	1	20090
160857451	1	20090	96411637	1	20090
160857451	1	20090	29779517	1	20090
160857451	1	20090	161170339	1	20090
160857451	1	20090	103004081	1	20090
160857451	1	20090	306057868	1	20090
160857451	1	20090	145656192	1	20090
160857451	1	20090	436701488	1	20090
160857451	1	20090	199417585	1	20090
160857451	1	20090	451479443	1	20090
160857451	1	20090	430443642	1	20090
160857451	1	20090	407480346	1	20090
160857451	1	20090	102261815	1	20090
160857451	1	20090	29822532	1	20090
160857451	1	20090	335111034	1	20090
160857451	1	20090	174839058	1	20090
160857451	1	20090	378801699	1	20090
160857451	1	20090	422184405	1	20090
160857451	1	20090	335344175	1	20090
160857451	1	20090	632009	1	20096
160857451	1	20090	87677360	1	20096
160857451	1	20090	378771762	1	20096
160857451	1	20090	170678794	1	20096
160857451	1	20090	160652017	1	20096
160857451	1	20090	102265021	1	20096
160857451	1	20090	204321651	1	20096
160857451	1	20090	297784725	1	20096
160857451	1	20090	232912095	1	20096
160857451	1	20090	1178481	1	20096
160857451	1	20090	72921382	1	20096
160857451	1	20090	72924744	1	20096
160857451	1	20090	111946547	1	20096
160857451	1	20090	262469357	1	20096
160857451	1	20090	378354847	1	20096
160857451	1	20090	230312778	1	20096
160857451	1	20090	349701770	1	20096
160857451	1	20090	102493970	1	20096
160857451	1	20090	305658652	1	20096
160857451	1	20090	44021201	1	20096
160857451	1	20090	262518845	1	20096
160857451	1	20090	437018803	1	20096
160857451	1	20090	457876	1	20096
160857451	1	20090	422476642	1	20096
160857451	1	20090	407551167	1	20096
160857451	1	20090	189605326	1	20096
160857451	1	20090	204014166	1	20096
160857451	1	20090	58559946	1	20096
160857451	1	20090	407844335	1	20096
160857451	1	20090	28901769	1	20096
160857451	1	20090	440521747	1	20096
160857451	1	20090	196048959	1	20096
160857451	1	20090	330936163	1	20096
160857451	1	20090	400960745	1	20096
160857451	1	20090	204154750	1	20096
160857451	1	20090	334812940	1	20096
501168	1	20266	364439326	1	20251
160857451	1	20090	29776453	1	20263
160857451	1	20090	306048265	1	20263
160857451	1	20090	320489279	1	20263
160857451	1	20090	131082726	1	20263
160857451	1	20090	203841262	1	20263
160857451	1	20090	131409241	1	20263
160857451	1	20090	174764366	1	20263
160857451	1	20090	254900121	1	20263
160857451	1	20090	247660140	1	20263
160857451	1	20090	393835447	1	20263
160857451	1	20090	233408329	1	20263
160857451	1	20090	451055598	1	20263
160857451	1	20090	306144789	1	20263
160857451	1	20090	363906908	1	20263
160857451	1	20090	613230	1	20263
160857451	1	20090	68313418	1	20263
160857451	1	20090	72952662	1	20263
160857451	1	20090	214534035	1	20263
160857451	1	20090	275892364	1	20263
160857451	1	20090	363851692	1	20263
160857451	1	20090	102211118	1	20263
160857451	1	20090	189477065	1	20263
160857451	1	20090	247554478	1	20263
160857451	1	20090	15199217	1	20263
501168	1	20266	407765860	1	20263
501168	1	20266	116690867	1	20263
501168	1	20266	58576389	1	20263
501168	1	20266	218331057	1	20263
501168	1	20266	320118937	1	20263
501168	1	20266	38017401	1	20263
501168	1	20266	335435755	1	20263
501168	1	20266	978094	1	20263
501168	1	20266	73733851	1	20263
501168	1	20266	350022308	1	20263
160857451	1	20090	202802534	1	20266
160857451	1	20090	305871205	1	20266
160857451	1	20090	436499283	1	20266
160857451	1	20090	145712688	1	20266
160857451	1	20090	145660679	1	20266
160857451	1	20090	189307308	1	20266
160857451	1	20090	189270224	1	20266
160857451	1	20090	276551495	1	20266
160857451	1	20090	116954581	1	20266
160857451	1	20090	451262557	1	20266
160857451	1	20090	413453925	1	20266
160857451	1	20090	451603911	1	20266
501168	1	20266	362382482	1	20266
501168	1	20266	291332362	1	20266
501168	1	20266	451194386	1	20266
501168	1	20266	234171	1	20266
501168	1	20266	73167987	1	20266
501168	1	20266	131419263	1	20266
501168	1	20266	501168	1	20266
501168	1	20266	451575052	1	20266
501168	1	20266	364428234	1	20266
501168	1	20266	276824222	1	20266
501168	1	20266	203866226	1	20266
501168	1	20266	218852919	1	20266
501168	1	20266	364033396	1	20266
501168	1	20266	393116632	1	20266
501168	1	20266	451378275	1	20266
501168	1	20266	174832030	1	20266
501168	1	20266	131546731	1	20266
501168	1	20266	43839754	1	20266
501168	1	20266	44564991	1	20266
501168	1	20266	117110913	1	20266
407957778	1	20522	407957778	1	20522
117239531	1	29657	306194957	1	29645
160857451	1	20090	437059660	1	29648
117239531	1	29657	189895687	1	29648
160857451	1	20090	30138089	1	29651
160857451	1	20090	422762332	1	29651
160857451	1	20090	364360295	1	29651
117239531	1	29657	407988056	1	29654
117239531	1	29657	117239531	1	29657
160857451	1	20090	204360678	1	29657
160857451	1	20090	73673673	1	29657
160857451	1	20090	102755622	1	29657
160857451	1	20090	393587117	1	29657
117239531	1	29657	379045948	1	29657
160857451	1	20090	349930739	1	29660
160857451	1	20090	160896239	1	29660
117239531	1	29657	335511359	1	29660
117239531	1	29657	263350785	1	29660
117239531	1	29657	262972250	1	29663
117239531	1	29657	218915505	1	29663
117239531	1	29657	117562091	1	29666
117239531	1	29657	329782281	1	29666
117239531	1	29657	146472641	1	29684
160857451	1	20090	59100105	1	29696
117239531	1	29657	321144619	1	29696
160857451	1	20090	372666863	1	29699
160857451	1	20090	184926251	1	29699
160857451	1	20090	131839113	1	29699
160857451	1	20090	379044179	1	29699
117239531	1	29657	190096110	1	29699
117239531	1	29657	378900377	1	29699
117239531	1	29657	821816	1	29699
117239531	1	29657	117111370	1	29699
117239531	1	29657	437304403	1	29699
117239531	1	29657	335429343	1	29699
117239531	1	29657	29968599	1	29699
117239531	1	29657	88136013	1	29699
117239531	1	29657	408050029	1	29699
117239531	1	29657	451671604	1	29699
117239531	1	29657	437487410	1	29699
117239531	1	29657	335389778	1	29705
160857451	1	20090	335419798	1	29708
117239531	1	29657	15766299	1	29720
117239531	1	29657	277412077	1	29720
117239531	1	29657	131639499	1	29720
160857451	1	20090	306153569	1	29732
160857451	1	20090	102570865	1	29732
160857451	1	20090	117113883	1	29732
160857451	1	20090	277115357	1	29732
160857451	1	20090	73641242	1	29744
160857451	1	20090	291797504	1	29747
160857451	1	20090	146382187	1	29753
160857451	1	20090	291798260	1	29753
160857451	1	20090	15229754	1	30062
160857451	1	20090	335402870	1	30062
160857451	1	20090	73769521	1	30062
160857451	1	20090	306066891	1	30062
160857451	1	20090	436558224	1	30062
160857451	1	20090	218463739	1	30062
160857451	1	20090	363988550	1	30062
160857451	1	20090	73229281	1	30062
160857451	1	20090	73402448	1	30068
160857451	1	20090	233352424	1	30068
160857451	1	20090	218818332	1	30068
160857451	1	20090	451476632	1	30068
160857451	1	20090	146121926	1	30068
160857451	1	20090	320418263	1	30068
160857451	1	20090	15276591	1	30233
160857451	1	20090	233056801	1	30233
160857451	1	20090	233120043	1	30233
160857451	1	20090	262162537	1	30233
160857451	1	20090	314888522	1	30233
160857451	1	20090	375075577	1	30233
160857451	1	20090	599354	1	30233
160857451	1	20090	379376633	1	30233
160857451	1	20090	175106305	1	30233
160857451	1	20090	37101944	1	30233
160857451	1	20090	218383584	1	30233
160857451	1	20090	364049670	1	30233
160857451	1	20090	291298428	1	30233
160857451	1	20090	437543565	1	30233
160857451	1	20090	59463630	1	30233
160857451	1	20090	291601699	1	30233
160857451	1	20090	407412540	1	30233
160857451	1	20090	349274811	1	30233
160857451	1	20090	407816908	1	30233
160857451	1	20090	102357855	1	30233
160857451	1	20090	15409478	1	30233
160857451	1	20090	436530826	1	30233
160857451	1	20090	174992077	1	30233
160857451	1	20090	204660705	1	30233
160857451	1	20090	321128310	1	30233
160857451	1	20090	262667985	1	30233
160857451	1	20090	422242881	1	30236
160857451	1	20090	422395823	1	30236
160857451	1	20090	12935278	1	30236
160857451	1	20090	40688919	1	30236
160857451	1	20090	65271731	1	30236
160857451	1	20090	256598776	1	30236
160857451	1	20090	345985433	1	30236
160857451	1	20090	171449091	1	30236
160857451	1	20090	391650812	1	30236
160857451	1	20090	301576561	1	30236
160857451	1	20090	247684532	1	30236
160857451	1	20090	276844479	1	30236
160857451	1	20090	29702306	1	30236
160857451	1	20090	392906310	1	30236
160857451	1	20090	364114483	1	30236
160857451	1	20090	898178	1	30236
160857451	1	20090	393439517	1	30236
160857451	1	20090	58586510	1	30236
160857451	1	20090	422659275	1	30236
160857451	1	20090	305998288	1	30236
160857451	1	20090	189689966	1	30245
160857451	1	20090	315911244	1	30491
160857451	1	20090	219088077	1	30491
53352199	1	33867	936464	1	33642
53352199	1	33867	233598278	1	33642
53352199	1	33867	262555055	1	33642
53352199	1	33867	408102957	1	33642
53352199	1	33867	291610786	1	33642
53352199	1	33867	15347895	1	33642
53352199	1	33867	189972821	1	33642
53352199	1	33867	408097565	1	33642
53352199	1	33867	146219985	1	33642
53352199	1	33867	44588271	1	33660
53352199	1	33867	437210867	1	33660
53352199	1	33867	436515627	1	33678
53352199	1	33867	233847187	1	33681
53352199	1	33867	44556872	1	33693
53352199	1	33867	102567934	1	33708
53352199	1	33867	160920169	1	33708
53352199	1	33867	349816621	1	33708
53352199	1	33867	350049757	1	33708
53352199	1	33867	437299028	1	33708
53352199	1	33867	291781249	1	33708
53352199	1	33867	131933519	1	33708
53352199	1	33867	350055443	1	33708
53352199	1	33867	364361421	1	33708
53352199	1	33867	320735390	1	33708
53352199	1	33867	378848779	1	33708
53352199	1	33867	146469383	1	33708
53352199	1	33867	131652741	1	33708
53352199	1	33867	73520879	1	33708
53352199	1	33867	349818720	1	33708
53352199	1	33867	44205689	1	33855
53352199	1	33867	262490277	1	33864
53352199	1	33867	53352199	1	33867
53352199	1	33867	204010922	1	33870
53352199	1	33867	204204426	1	33885
53352199	1	33867	87990574	1	33891
53352199	1	33867	58828874	1	33891
53352199	1	33867	72913591	1	33891
53352199	1	33867	102111633	1	33897
53352199	1	33867	29407800	1	33900
53352199	1	33867	131374882	1	33900
53352199	1	33867	189453054	1	33906
53352199	1	33867	160237091	1	33909
53352199	1	33867	102690711	1	33918
53352199	1	33867	142735973	1	33918
53352199	1	33867	364064357	1	33921
53352199	1	33867	703360	1	33927
53352199	1	33867	87720911	1	33930
53352199	1	33867	87545730	1	33930
53352199	1	33867	291544757	1	33933
53352199	1	33867	87765130	1	33936
53352199	1	33867	233233599	1	33936
53352199	1	33867	233232317	1	33936
53352199	1	33867	392982409	1	33936
53352199	1	33867	233155724	1	33942
53352199	1	33867	233103342	1	33954
53352199	1	33867	349339936	1	33966
53352199	1	33867	58596791	1	33966
53352199	1	33867	189785118	1	33966
53352199	1	33867	44158629	1	33966
53352199	1	33867	320565543	1	33966
53352199	1	33867	114345794	1	33966
53352199	1	33867	218818754	1	33966
53352199	1	33867	739270	1	33966
53352199	1	33867	305847531	1	33966
53352199	1	33867	422023514	1	33966
53352199	1	33867	129612187	1	33966
53352199	1	33867	305706678	1	33966
53352199	1	33867	408065017	1	33966
53352199	1	33867	364261659	1	33966
53352199	1	33867	315841	1	33966
53352199	1	33867	349336863	1	33966
53352199	1	33867	202353801	1	33966
53352199	1	33867	100222639	1	33966
53352199	1	33867	407482357	1	33966
53352199	1	33867	73404678	1	33966
53352199	1	33867	393137768	1	33966
53352199	1	33867	320565088	1	33966
53352199	1	33867	44090071	1	33966
53352199	1	33867	233379195	1	33966
53352199	1	33867	168243695	1	33966
53352199	1	33867	145755870	1	33966
53352199	1	33867	15060741	1	33966
53352199	1	33867	247773739	1	33966
53352199	1	33867	145929242	1	33966
53352199	1	33867	364171257	1	33966
53352199	1	33867	329155168	1	33966
53352199	1	33867	247910522	1	33969
53352199	1	33867	73320125	1	33969
53352199	1	33867	218329989	1	33969
53352199	1	33867	320345886	1	33972
53352199	1	33867	160388723	1	33972
53352199	1	33867	174970766	1	33972
53352199	1	33867	102380197	1	33972
53352199	1	33867	204053069	1	33972
53352199	1	33867	233137161	1	33972
53352199	1	33867	363865141	1	33972
53352199	1	33867	218557294	1	33972
53352199	1	33867	174818627	1	33972
53352199	1	33867	29512587	1	33972
53352199	1	33867	58491953	1	33972
53352199	1	33867	334900249	1	33972
53352199	1	33867	436616783	1	33972
53352199	1	33867	174881731	1	33975
53352199	1	33867	189415436	1	33975
53352199	1	33867	305694176	1	33975
53352199	1	33867	393097214	1	33975
53352199	1	33867	305862533	1	33975
53352199	1	33867	335126057	1	33975
53352199	1	33867	14930025	1	33975
53352199	1	33867	102010947	1	33975
53352199	1	33867	203791437	1	33975
53352199	1	33867	392825039	1	33975
53352199	1	33867	422092781	1	33975
53352199	1	33867	320459344	1	33975
53352199	1	33867	58577335	1	33975
53352199	1	33867	320129151	1	33975
53352199	1	33867	29297750	1	33975
53352199	1	33867	349408181	1	33975
53352199	1	33867	102331369	1	33975
53352199	1	33867	407760708	1	33975
53352199	1	33867	422356306	1	33975
53352199	1	33867	87846968	1	33975
53352199	1	33867	44069409	1	33975
53352199	1	33867	349687112	1	33975
53352199	1	33867	29797330	1	33975
53352199	1	33867	291569552	1	33975
53352199	1	33867	247459592	1	33975
53352199	1	33867	183700523	1	33975
53352199	1	33867	203868932	1	33975
53352199	1	33867	15024094	1	33975
53352199	1	33867	102206834	1	33975
53352199	1	33867	131435860	1	33975
53352199	1	33867	305932230	1	33975
53352199	1	33867	43935196	1	33975
53352199	1	33867	131525850	1	33975
53352199	1	33867	392829008	1	33975
53352199	1	33867	146125749	1	33975
53352199	1	33867	203844938	1	33975
53352199	1	33867	422428346	1	33975
53352199	1	33867	160709108	1	33975
53352199	1	33867	276844539	1	33975
53352199	1	33867	58920956	1	33975
53352199	1	33867	305645683	1	33975
53352199	1	33867	291199491	1	33975
53352199	1	33867	306013182	1	33975
53352199	1	33867	204335028	1	33975
53352199	1	33867	436765352	1	33975
53352199	1	33867	189481890	1	33975
53352199	1	33867	116999893	1	33975
53352199	1	33867	174873994	1	33981
53352199	1	33867	728216	1	33984
53352199	1	33867	291157470	1	33984
53352199	1	33867	38304265	1	33984
53352199	1	33867	392841627	1	33984
53352199	1	33867	189427801	1	33984
53352199	1	33867	378405615	1	33984
53352199	1	33867	87607242	1	33984
53352199	1	33867	102265952	1	33984
53352199	1	33867	305693514	1	33984
53352199	1	33867	102116013	1	33984
53352199	1	33867	364175059	1	33984
53352199	1	33867	233238801	1	33984
53352199	1	33867	131348906	1	33987
53352199	1	33867	174932075	1	33987
53352199	1	33867	58398674	1	33987
53352199	1	33867	232943930	1	33987
53352199	1	33867	117021553	1	33987
53352199	1	33867	447477249	1	33987
53352199	1	33867	146098788	1	33987
53352199	1	33867	204161972	1	33987
53352199	1	33867	306029130	1	33987
53352199	1	33867	262388086	1	33987
53352199	1	33867	422029935	1	33987
53352199	1	33867	262504710	1	33987
53352199	1	33867	291378701	1	33990
53352199	1	33867	58707109	1	33990
53352199	1	33867	131460131	1	33990
53352199	1	33867	73400902	1	33990
53352199	1	33867	116623437	1	33990
53352199	1	33867	451006991	1	33990
53352199	1	33867	58762381	1	33990
53352199	1	33867	58674043	1	33990
53352199	1	33867	102157385	1	33993
53352199	1	33867	305998817	1	33993
53352199	1	33867	334716327	1	33993
53352199	1	33867	451341455	1	33996
53352199	1	33867	291441415	1	34002
53352199	1	33867	378547782	1	34002
53352199	1	33867	407846175	1	34002
53352199	1	33867	218703576	1	34002
53352199	1	33867	247758627	1	34002
53352199	1	33867	388544884	1	34002
53352199	1	33867	305955660	1	34002
53352199	1	33867	378787922	1	34002
53352199	1	33867	334779688	1	34002
53352199	1	33867	451048329	1	34002
53352199	1	33867	116893525	1	34002
53352199	1	33867	117050894	1	34002
53352199	1	33867	436914669	1	34002
53352199	1	33867	451135425	1	34002
53352199	1	33867	335049650	1	34002
53352199	1	33867	145787151	1	34002
53352199	1	33867	233078971	1	34002
53352199	1	33867	407470810	1	34002
53352199	1	33867	262169619	1	34002
53352199	1	33867	160180392	1	34002
53352199	1	33867	261999239	1	34002
53352199	1	33867	116878966	1	34002
53352199	1	33867	262139278	1	34002
53352199	1	33867	247913305	1	34002
53352199	1	33867	320359420	1	34002
53352199	1	33867	247603098	1	34002
53352199	1	33867	212164433	1	34002
305380016	-1	1517	305380016	-1	1517
305380016	-1	1517	319921595	-1	1523
305380016	-1	1517	276296858	-1	1523
261228062	-1	14164	432619569	-1	14158
261228062	-1	14164	39372073	-1	14161
261228062	-1	14164	261228062	-1	14164
261228062	-1	14164	131897607	-1	14167
261228062	-1	14164	158231140	-1	14167
261228062	-1	14164	137933874	-1	14176
261228062	-1	14164	378981204	-1	14176
261228062	-1	14164	27280144	-1	14176
261228062	-1	14164	248105022	-1	14179
261228062	-1	14164	451684450	-1	14179
261228062	-1	14164	161135726	-1	14182
261228062	-1	14164	272080266	-1	14188
261228062	-1	14164	171642409	-1	14197
261228062	-1	14164	160982742	-1	14329
261228062	-1	14164	44672665	-1	14335
261228062	-1	14164	262648827	-1	14692
314988269	-1	23668	314988269	-1	23668
314988269	-1	23668	378981378	-1	23668
314988269	-1	23668	44523655	-1	23668
314988269	-1	23668	255753510	-1	23668
314988269	-1	23668	184787864	-1	23668
314988269	-1	23668	452755707	-1	23668
314988269	-1	23668	368802681	-1	23668
314988269	-1	23668	77776004	-1	23668
314988269	-1	23668	326008209	-1	23668
314988269	-1	23668	324968026	-1	23668
314988269	-1	23668	106869883	-1	23668
314988269	-1	23668	121411162	-1	23668
314988269	-1	23668	150795930	-1	23668
314988269	-1	23668	339529403	-1	23668
314988269	-1	23668	34153368	-1	23668
314988269	-1	23668	179567099	-1	23668
314988269	-1	23668	5068605	-1	23668
314988269	-1	23668	397695124	-1	23668
314988269	-1	23668	189939284	-1	23668
314988269	-1	23668	311662999	-1	23668
314988269	-1	23668	308322537	-1	23668
314988269	-1	23668	255600034	-1	23668
314988269	-1	23668	335532761	-1	23668
314988269	-1	23668	102738008	-1	23668
314988269	-1	23668	219200564	-1	23668
314988269	-1	23668	437194268	-1	23668
314988269	-1	23668	414406625	-1	23668
314988269	-1	23668	307998994	-1	23668
314988269	-1	23668	410461968	-1	23668
314988269	-1	23668	264512593	-1	23668
314988269	-1	23668	238596064	-1	23668
314988269	-1	23668	322017889	-1	23668
314988269	-1	23668	462338864	-1	23668
314988269	-1	23668	246352155	-1	23668
314988269	-1	23668	332394898	-1	23668
314988269	-1	23668	401096545	-1	23668
314988269	-1	23668	32871688	-1	23668
314988269	-1	23668	33465755	-1	23668
314988269	-1	23668	117278586	-1	23668
314988269	-1	23668	452433237	-1	23668
314988269	-1	23668	45563520	-1	23668
314988269	-1	23668	201480306	-1	23668
314988269	-1	23668	219825993	-1	23668
314988269	-1	23668	30684993	-1	23668
314988269	-1	23668	118386395	-1	23668
314988269	-1	23668	219953187	-1	23668
314988269	-1	23668	379665188	-1	23668
314988269	-1	23668	132916614	-1	23668
314988269	-1	23668	350794804	-1	23668
314988269	-1	23668	2037570	-1	23668
314988269	-1	23668	39341163	-1	23668
314988269	-1	23668	103269159	-1	23668
314988269	-1	23668	109926842	-1	23668
314988269	-1	23668	227593288	-1	23668
314988269	-1	23668	379560609	-1	23668
314988269	-1	23668	394659880	-1	23668
314988269	-1	23668	437739008	-1	23668
314988269	-1	23668	45535710	-1	23668
314988269	-1	23668	103709075	-1	23668
314988269	-1	23668	336037020	-1	23668
314988269	-1	23668	388437695	-1	23668
314988269	-1	23668	394533339	-1	23668
314988269	-1	23668	1911048	-1	23668
314988269	-1	23668	118192981	-1	23668
314988269	-1	23668	132815416	-1	23668
314988269	-1	23668	263752673	-1	23668
314988269	-1	23668	307063721	-1	23668
314988269	-1	23668	321723160	-1	23668
314988269	-1	23668	394486988	-1	23668
314988269	-1	23668	409075297	-1	23668
314988269	-1	23668	438055845	-1	23668
314988269	-1	23668	16499519	-1	23668
314988269	-1	23668	70348473	-1	23668
314988269	-1	23668	74617419	-1	23668
314988269	-1	23668	103656089	-1	23668
314988269	-1	23668	161787437	-1	23668
314988269	-1	23668	190847382	-1	23668
314988269	-1	23668	219909209	-1	23668
314988269	-1	23668	249117591	-1	23668
314988269	-1	23668	263726795	-1	23668
314988269	-1	23668	379752206	-1	23668
314988269	-1	23668	379942917	-1	23668
314988269	-1	23668	450380688	-1	23668
314988269	-1	23668	458726259	-1	23668
314988269	-1	23668	1857843	-1	23668
314988269	-1	23668	132735794	-1	23668
314988269	-1	23668	161484033	-1	23668
314988269	-1	23668	205414896	-1	23668
314988269	-1	23668	231370116	-1	23668
314988269	-1	23668	234522525	-1	23668
314988269	-1	23668	260061469	-1	23668
314988269	-1	23668	318354193	-1	23668
314988269	-1	23668	380121166	-1	23668
314988269	-1	23668	419384938	-1	23668
314988269	-1	23668	423459231	-1	23668
314988269	-1	23668	1745672	-1	23668
314988269	-1	23668	74657722	-1	23668
314988269	-1	23668	103577268	-1	23668
314988269	-1	23668	190867375	-1	23668
314988269	-1	23668	205440488	-1	23668
314988269	-1	23668	213784064	-1	23668
314988269	-1	23668	321865162	-1	23668
314988269	-1	23668	331831322	-1	23668
314988269	-1	23668	380031019	-1	23668
314988269	-1	23668	1826536	-1	23668
314988269	-1	23668	176358171	-1	23668
314988269	-1	23668	239810006	-1	23668
314988269	-1	23668	372894507	-1	23668
314988269	-1	23668	415948016	-1	23668
314988269	-1	23668	444802900	-1	23668
314988269	-1	23668	13876754	-1	23668
314988269	-1	23668	59696949	-1	23668
314988269	-1	23668	89035264	-1	23668
314988269	-1	23668	147409343	-1	23668
314988269	-1	23668	198852735	-1	23668
314988269	-1	23668	234573604	-1	23668
314988269	-1	23668	248922563	-1	23668
314988269	-1	23668	263741080	-1	23668
314988269	-1	23668	278239928	-1	23668
314988269	-1	23668	303044704	-1	23668
314988269	-1	23668	312744571	-1	23668
314988269	-1	23668	408904209	-1	23668
314988269	-1	23668	408949734	-1	23668
314988269	-1	23668	423565231	-1	23668
314988269	-1	23668	423699333	-1	23668
314988269	-1	23668	16221076	-1	23668
314988269	-1	23668	103508274	-1	23668
314988269	-1	23668	321954879	-1	23668
314988269	-1	23668	350782460	-1	23668
314988269	-1	23668	437737058	-1	23668
314988269	-1	23668	321654332	-1	23668
314988269	-1	23668	376518947	-1	23668
314988269	-1	23668	74686164	-1	23668
314988269	-1	23668	176333827	-1	23668
314988269	-1	23668	1980149	-1	23668
314988269	-1	23668	146916108	-1	23668
314988269	-1	23668	189466753	-1	23668
314988269	-1	23668	248992162	-1	23668
314988269	-1	23668	365324231	-1	23668
314988269	-1	23668	16241929	-1	23668
314988269	-1	23668	227284557	-1	23668
314988269	-1	23668	372976209	-1	23668
314988269	-1	23668	263481976	-1	23668
314988269	-1	23668	365033977	-1	23668
314988269	-1	23668	118397528	-1	23668
314988269	-1	23668	292896529	-1	23668
314988269	-1	23668	55970842	-1	23668
314988269	-1	23668	45249971	-1	23668
314988269	-1	23668	137925357	-1	23668
314988269	-1	23668	16559696	-1	23668
314988269	-1	23668	306886926	-1	23668
314988269	-1	23668	103479715	-1	23668
314988269	-1	23668	175961426	-1	23668
314988269	-1	23668	407177010	-1	23668
314988269	-1	23668	219887690	-1	23668
314988269	-1	23668	307062525	-1	23668
314988269	-1	23668	372097658	-1	23668
314988269	-1	23668	147014150	-1	23668
314988269	-1	23668	147095795	-1	23668
314988269	-1	23668	234698644	-1	23668
314988269	-1	23668	248962017	-1	23668
314988269	-1	23668	39519531	-1	23668
314988269	-1	23668	88762409	-1	23668
314988269	-1	23668	156436049	-1	23668
314988269	-1	23668	205086915	-1	23668
314988269	-1	23668	394130078	-1	23668
314988269	-1	23668	85604792	-1	23668
314988269	-1	23668	97705604	-1	23668
314988269	-1	23668	205231134	-1	23668
314988269	-1	23668	20654815	-1	23668
314988269	-1	23668	198394932	-1	23668
314988269	-1	23668	59774165	-1	23668
314988269	-1	23668	234740003	-1	23668
314988269	-1	23668	137747771	-1	23668
314988269	-1	23668	413999525	-1	23668
314988269	-1	23668	176331565	-1	23668
314988269	-1	23668	306902092	-1	23668
314988269	-1	23668	307336781	-1	23668
314988269	-1	23668	234358217	-1	23668
314988269	-1	23668	16406021	-1	23668
314988269	-1	23668	103399591	-1	23668
314988269	-1	23668	350806686	-1	23668
314988269	-1	23668	45641628	-1	23668
314988269	-1	23668	448128290	-1	23668
314988269	-1	23668	74232285	-1	23668
314988269	-1	23668	249094534	-1	23668
314988269	-1	23668	136817995	-1	23668
314988269	-1	23668	55750637	-1	23671
314988269	-1	23668	244149897	-1	23671
314988269	-1	23668	433588978	-1	23671
314988269	-1	23668	379909272	-1	23677
314988269	-1	23668	187589194	-1	23677
314988269	-1	23668	102689627	-1	23677
314988269	-1	23668	363447646	-1	23677
314988269	-1	23668	24228834	-1	23677
314988269	-1	23668	379563557	-1	23677
314988269	-1	23668	132449556	-1	23677
314988269	-1	23668	118109986	-1	23677
314988269	-1	23668	379840529	-1	23677
314988269	-1	23668	263600547	-1	23677
314988269	-1	23668	292643881	-1	23677
314988269	-1	23668	388866874	-1	23677
314988269	-1	23668	336217005	-1	23677
314988269	-1	23668	132719223	-1	23683
314988269	-1	23668	321589840	-1	23683
314988269	-1	23668	308664285	-1	23689
314988269	-1	23668	146464664	-1	23698
314988269	-1	23668	394406353	-1	23701
314988269	-1	23668	89031940	-1	23701
314988269	-1	23668	176257181	-1	23701
314988269	-1	23668	190821098	-1	23731
314988269	-1	23668	356144192	-1	23806
314988269	-1	23668	307265515	-1	24029
314988269	-1	23668	74266853	-1	24047
314988269	-1	23668	275385979	-1	24071
314988269	-1	23668	452693066	-1	24071
314988269	-1	23668	81189049	-1	24071
314988269	-1	23668	415901686	-1	24074
314988269	-1	23668	292851642	-1	24077
314988269	-1	23668	452320892	-1	24089
314988269	-1	23668	181858302	-1	24095
314988269	-1	23668	216656112	-1	24095
314988269	-1	23668	347830342	-1	24095
314988269	-1	23668	248988789	-1	24095
314988269	-1	23668	89077301	-1	24095
314988269	-1	23668	350548910	-1	24095
314988269	-1	23668	152393040	-1	24098
314988269	-1	23668	321567906	-1	24098
314988269	-1	23668	234178965	-1	24098
314988269	-1	23668	143989044	-1	24098
314988269	-1	23668	244979269	-1	24098
314988269	-1	23668	174756399	-1	24098
314988269	-1	23668	437765981	-1	24101
314988269	-1	23668	147364721	-1	24101
314988269	-1	23668	249117148	-1	24101
314988269	-1	23668	394570986	-1	24101
314988269	-1	23668	278129585	-1	24101
314988269	-1	23668	190556657	-1	24101
314988269	-1	23668	263574193	-1	24101
314988269	-1	23668	298173818	-1	24101
314988269	-1	23668	1573965	-1	24101
314988269	-1	23668	161565046	-1	24101
314988269	-1	23668	103353737	-1	24101
314988269	-1	23668	234488083	-1	24101
314988269	-1	23668	351023628	-1	24101
314988269	-1	23668	103504319	-1	24101
314988269	-1	23668	205205934	-1	24101
314988269	-1	23668	307401891	-1	24101
314988269	-1	23668	321943604	-1	24101
314988269	-1	23668	1620527	-1	24101
314988269	-1	23668	161664244	-1	24101
314988269	-1	23668	249232031	-1	24101
314988269	-1	23668	379651495	-1	24101
314988269	-1	23668	462862618	-1	24101
314988269	-1	23668	232184125	-1	24101
314988269	-1	23668	365311065	-1	24101
314988269	-1	23668	45182509	-1	24101
314988269	-1	23668	161422814	-1	24101
314988269	-1	23668	30868723	-1	24101
314988269	-1	23668	248765516	-1	24101
314988269	-1	23668	446066969	-1	24101
314988269	-1	23668	132682998	-1	24101
314988269	-1	23668	161475646	-1	24101
314988269	-1	23668	8276393	-1	24101
314988269	-1	23668	234239254	-1	24101
314988269	-1	23668	277862708	-1	24101
314988269	-1	23668	394515240	-1	24101
314988269	-1	23668	263465560	-1	24101
314988269	-1	23668	307358651	-1	24101
314988269	-1	23668	216347610	-1	24101
314988269	-1	23668	219847269	-1	24101
314988269	-1	23668	74477690	-1	24101
314988269	-1	23668	278032123	-1	24101
314988269	-1	23668	409129174	-1	24101
314988269	-1	23668	103839626	-1	24101
314988269	-1	23668	306840531	-1	24101
314988269	-1	23668	350599949	-1	24101
314988269	-1	23668	205373517	-1	24101
314988269	-1	23668	292362104	-1	24104
314988269	-1	23668	307326309	-1	24107
314988269	-1	23668	436901092	-1	24107
314988269	-1	23668	452414604	-1	24107
314988269	-1	23668	190823813	-1	24107
314988269	-1	23668	350778303	-1	24107
314988269	-1	23668	292797880	-1	24113
314988269	-1	23668	132727837	-1	24128
314988269	-1	23668	60085238	-1	24209
314988269	-1	23668	407988056	-1	24546
314988269	-1	23668	175278865	-1	24549
314988269	-1	23668	350050510	-1	24549
314988269	-1	23668	291610786	-1	24549
314988269	-1	23668	335429343	-1	24555
314988269	-1	23668	306194957	-1	24558
314988269	-1	23668	277224137	-1	24558
314988269	-1	23668	30016459	-1	24567
314988269	-1	23668	189972821	-1	24567
314988269	-1	23668	190096110	-1	24570
314988269	-1	23668	189895687	-1	24570
314988269	-1	23668	379045948	-1	24570
314988269	-1	23668	349929808	-1	24570
314988269	-1	23668	30048681	-1	24570
314988269	-1	23668	15347895	-1	24570
314988269	-1	23668	73520879	-1	24570
314988269	-1	23668	204761062	-1	24570
314988269	-1	23668	233847187	-1	24570
314988269	-1	23668	378900377	-1	24570
314988269	-1	23668	821816	-1	24570
314988269	-1	23668	131652741	-1	24570
314988269	-1	23668	437487410	-1	24570
314988269	-1	23668	437304403	-1	24570
314988269	-1	23668	146472641	-1	24570
314988269	-1	23668	349818720	-1	24570
314988269	-1	23668	378848779	-1	24570
314988269	-1	23668	146469383	-1	24570
314988269	-1	23668	117111370	-1	24570
314988269	-1	23668	422680277	-1	24570
314988269	-1	23668	393589421	-1	24570
314988269	-1	23668	88136013	-1	24570
314988269	-1	23668	408050029	-1	24570
314988269	-1	23668	451671604	-1	24570
314988269	-1	23668	29968599	-1	24570
314988269	-1	23668	263350785	-1	24573
314988269	-1	23668	329782281	-1	24573
314988269	-1	23668	277412077	-1	24573
314988269	-1	23668	15766299	-1	24573
314988269	-1	23668	131639499	-1	24579
314988269	-1	23668	321144619	-1	24588
314988269	-1	23668	379014987	-1	24588
314988269	-1	23668	335389778	-1	24591
314988269	-1	23668	44453578	-1	24642
 