2214189	1	111	1.386E-22	1	20086	20784	177	111	0.286	3.101E-21	48	308	320	20086	20784	699	19819	21114
2906508	-1	92	7.267E-17	1	9806	10036	656	92	0.595	2.166E-18	69	145	146	-10036	-9806	231	10132	9806
5583321	-1	52	7.990E-05	1	38780	38914	370	52	0.569	3.854E-03	33	77	80	-38914	-38780	135	39148	38288
6316504	1	84	1.860E-14	1	41692	42300	341	84	0.278	1.146E-12	1	194	218	41692	42300	609	41164	42384
18701022	-1	84	1.860E-14	1	37666	38268	378	84	0.280	1.956E-13	61	262	351	-38268	-37666	603	38478	37606
19960250	-1	1296	0.000E+00	1	40075	42309	355	1296	0.833	0.000E+00	0	753	763	-42309	-40075	2235	42360	40075
48698555	-1	54	1.998E-05	1	5969	6505	704	54	0.229	5.709E-03	84	264	309	-6505	-5969	537	6742	4685
74931063	1	142	6.454E-32	1	1	267	2	142	0.768	2.986E-36	12	100	101	1	267	267	1	267
76775490	-1	91	1.453E-16	1	3041	3295	730	91	0.547	1.617E-15	0	84	85	-3295	-3041	255	3424	2453
80269242	1	955	1.182E-276	1	14734	16257	144	955	0.900	9.680E-310	0	507	508	14734	16257	1524	14722	16257
83056286	1	731	3.186E-209	1	2642	3802	32	731	0.903	1.472E-232	0	386	387	2642	3802	1161	2339	3802
83214114	1	439	2.535E-121	1	3852	4676	38	439	0.778	1.504E-133	2	276	284	3852	4676	825	3564	4700
92675113	1	1090	2.713E-317	1	17272	19152	168	1090	0.836	0.000E+00	0	630	631	17272	19152	1881	16561	19152
96694959	-1	476	1.844E-132	1	10646	11428	650	476	0.874	3.021E-148	0	260	261	-11428	-10646	783	11494	10646
98105391	-1	512	2.684E-143	1	1087	2028	747	512	0.793	1.254E-159	21	334	336	-2028	-1087	942	2088	1078
113518163	-1	787	4.421E-226	1	27890	29335	477	787	0.785	3.769E-251	7	496	498	-29335	-27890	1446	29476	27887
123174012	-1	540	9.998E-152	1	31787	32836	445	540	0.757	4.605E-169	0	348	349	-32836	-31787	1050	32860	31787
125739232	1	396	2.230E-108	2	283	1051	7	183	0.760	7.493E-48	4	120	260	283	633	351	271	978
125739232	1	396	2.230E-108	2	283	1051	8	215	0.767	1.296E-60	124	259	260	644	1051	408	635	1051
135295152	-1	574	5.820E-162	1	11455	12471	641	574	0.820	1.740E-178	0	336	337	-12471	-11455	1017	12873	11455
137028554	-1	63	3.901E-08	1	27180	27290	486	63	0.799	1.133E-09	2	38	62	-27290	-27180	111	27323	27174
139740291	-1	295	5.653E-78	1	10038	10628	663	295	0.736	4.246E-81	2	198	276	-10628	-10038	591	10745	8991
149773906	-1	61	1.561E-07	1	26295	26480	493	61	0.501	3.285E-08	3	64	83	-26480	-26295	186	26486	26247
150677450	-1	49	6.392E-04	1	36440	36766	395	49	0.285	9.930E-02	3	111	125	-36766	-36440	327	37357	36128
150890482	1	927	3.172E-268	1	23567	25075	205	927	0.884	7.802E-300	0	502	504	23567	25075	1509	23534	25078
155069768	-1	52	7.990E-05	1	31126	31401	456	52	0.334	6.328E-04	1	92	94	-31401	-31126	276	31431	30934
177795564	-1	535	3.199E-150	2	29341	30386	464	135	0.744	2.213E-33	0	87	350	-30386	-30126	261	30431	30087
177795564	-1	535	3.199E-150	2	29341	30386	468	401	0.756	2.234E-120	90	349	350	-30120	-29341	780	30489	29341
178265940	-1	58	1.248E-06	1	24101	24643	511	58	0.232	8.738E-05	8	199	362	-24643	-24101	543	25159	24098
189325134	-1	165	7.694E-39	1	20102	22021	556	165	0.217	1.142E-36	140	793	867	-22021	-20102	1920	22420	19796
191879092	-1	90	2.907E-16	1	23573	24013	518	90	0.360	9.723E-15	11	152	190	-24013	-23573	441	24094	22922
194689109	-1	82	7.441E-14	1	19361	19708	559	82	0.397	1.088E-13	4	119	120	-19708	-19361	348	19792	19193
200352114	1	576	1.455E-162	1	30662	31762	263	576	0.769	6.350E-180	0	361	362	30662	31762	1101	30443	31762
212284297	-1	68	1.219E-09	1	7290	7589	674	68	0.375	7.826E-10	1	103	133	-7589	-7290	300	7592	7209
222849202	1	53	3.995E-05	2	10875	11339	88	38	0.256	2.309E+01	2	93	211	10875	11174	300	10740	11174
222849202	1	53	3.995E-05	2	10875	11339	91	38	0.510	2.826E+00	118	153	211	11232	11339	108	11178	11381
223997413	1	99	5.677E-19	1	10733	11362	93	99	0.303	3.304E-18	20	229	293	10733	11362	630	10550	11443
238982683	-1	141	1.291E-31	1	34156	35403	424	141	0.252	2.476E-30	16	423	460	-35403	-34156	1248	35511	33916
241445850	1	535	3.199E-150	1	36422	37318	304	535	0.861	8.360E-166	0	298	299	36422	37318	897	35990	37318
250544729	-1	118	1.083E-24	2	18603	19768	559	87	0.304	1.947E-15	0	183	506	-19768	-19226	543	19792	19193
250544729	-1	118	1.083E-24	2	18603	19768	566	81	0.329	9.275E-14	235	384	506	-19052	-18603	450	19061	18567
253002772	-1	425	4.153E-117	1	8153	9010	668	425	0.733	2.647E-130	0	285	286	-9010	-8153	858	9067	8153
257548645	1	64	1.951E-08	1	1708	2022	20	64	0.352	2.398E-06	10	113	201	1708	2022	315	982	2235
265505627	-1	52	7.990E-05	1	36863	37312	395	52	0.248	7.981E-03	19	161	164	-37312	-36863	450	37357	36128
267564798	1	1288	0.000E+00	1	4703	6736	46	1288	0.909	0.000E+00	0	677	678	4703	6736	2034	4511	6736
281189044	1	106	4.435E-21	1	41617	42015	341	106	0.437	7.510E-20	0	132	137	41617	42015	399	41164	42384
281733200	1	531	5.119E-149	1	19152	20000	173	531	0.896	6.518E-162	0	282	283	19152	20000	849	18294	20000
282603093	-1	223	2.669E-56	2	18415	19979	562	126	0.301	1.301E-26	329	593	902	-19979	-19164	816	20126	19065
282603093	-1	223	2.669E-56	2	18415	19979	581	121	0.332	1.862E-23	619	843	902	-19086	-18415	672	19149	17014
287168692	1	633	1.010E-179	2	22405	23530	196	343	0.809	3.949E-99	0	204	378	22405	23016	612	22264	23631
287168692	1	633	1.010E-179	2	22405	23530	194	292	0.831	3.663E-85	208	376	378	23024	23530	507	22784	23530
287850187	1	814	3.294E-234	1	38481	39920	322	814	0.822	3.992E-261	0	479	480	38481	39920	1440	38436	39920
295681748	1	66	4.877E-09	1	39023	39847	323	66	0.207	4.761E-07	164	440	467	39023	39847	825	38792	39937
295905939	-1	149	5.042E-34	1	32924	33892	436	149	0.297	2.355E-33	11	341	358	-33892	-32924	969	34207	32864
301263087	1	512	2.684E-143	1	35499	36404	300	512	0.819	6.594E-158	0	302	311	35499	36404	906	35082	36407
303268763	-1	319	3.369E-85	1	12512	13177	630	319	0.711	7.216E-95	0	221	222	-13177	-12512	666	13186	12482
311630355	-1	77	2.381E-12	1	5866	6093	690	77	0.518	2.778E-12	13	88	90	-6093	-5866	228	6354	5863
322446304	1	531	5.119E-149	1	32924	33907	282	531	0.789	4.908E-166	0	327	336	32924	33907	984	32882	33916
325360320	1	1450	0.000E+00	1	20000	22405	189	1450	0.871	0.000E+00	0	800	801	20000	22405	2406	19121	22405
325521026	1	801	2.698E-230	1	34144	35466	292	801	0.873	7.927E-252	0	440	442	34144	35466	1323	33247	35499
340260703	-1	262	4.856E-68	1	13269	13859	623	262	0.659	1.437E-75	4	202	204	-13859	-13269	591	13883	13263
352537191	-1	100	2.839E-19	1	26490	26822	491	100	0.479	2.908E-20	2	110	194	-26822	-26490	333	27014	26490
367076773	-1	73	3.810E-11	1	25857	26177	495	73	0.378	1.214E-11	0	109	111	-26177	-25857	321	26231	25854
367086461	-1	64	1.951E-08	1	25165	25608	504	64	0.283	3.029E-06	0	148	183	-25608	-25165	444	26676	25024
369854422	-1	133	3.305E-29	2	38478	39305	367	65	0.332	8.150E-09	150	267	497	-39305	-38958	348	39326	38931
369854422	-1	133	3.305E-29	2	38478	39305	371	77	0.302	9.366E-12	278	440	497	-38927	-38478	450	38927	38277
370489901	1	539	2.000E-151	1	16334	17272	154	539	0.832	5.173E-168	0	312	313	16334	17272	939	16121	17272
381815486	-1	139	5.163E-31	1	6595	7431	681	139	0.306	1.040E-29	0	294	295	-7431	-6595	837	8259	6595
386240169	-1	445	3.961E-123	1	8997	9806	663	445	0.801	2.594E-132	0	269	272	-9806	-8997	810	10745	8991
389611207	1	216	3.417E-54	1	2289	2642	24	216	0.871	8.707E-61	0	117	132	2289	2642	354	2211	2642
395936928	1	54	1.998E-05	1	8003	8131	59	54	0.606	4.585E-06	42	84	86	8003	8131	129	7946	8134
400081712	-1	50	3.196E-04	1	17006	17170	588	50	0.466	3.088E-02	3	57	60	-17170	-17006	165	17269	16247
408718426	-1	73	3.810E-11	1	4727	5311	704	73	0.261	9.595E-09	6	200	229	-5311	-4727	585	6742	4685
413369093	-1	98	1.135E-18	1	25969	26673	504	98	0.281	1.072E-16	7	241	328	-26673	-25969	705	26676	25024
417256763	1	60	3.121E-07	1	27210	27422	223	60	0.436	3.940E-05	0	72	141	27210	27422	213	26820	28064
421851189	-1	140	2.582E-31	1	19128	19919	562	140	0.316	2.297E-31	67	347	370	-19919	-19128	792	20126	19065
427151692	-1	358	6.129E-97	1	13902	14540	615	358	0.813	3.519E-108	0	212	226	-14540	-13902	639	14627	13887
427403378	1	306	2.760E-81	2	40726	42303	331	93	0.380	2.779E-15	12	151	578	40726	41142	417	39724	41160
427403378	1	306	2.760E-81	2	40726	42303	341	237	0.379	9.265E-64	177	545	578	41200	42303	1104	41164	42384
427967356	-1	97	2.271E-18	1	20524	20856	545	97	0.464	7.277E-19	31	142	143	-20856	-20524	333	21111	20524
431665885	1	1587	0.000E+00	1	25078	27852	222	1587	0.830	0.000E+00	0	926	927	25078	27852	2775	23635	27852
432952595	1	600	8.672E-170	1	37354	38427	312	600	0.806	1.201E-184	2	363	372	37354	38427	1074	36565	38481
438660237	1	49	6.392E-04	1	40841	41038	334	49	0.401	5.072E-02	3	64	66	40841	41038	198	40802	41788
446065331	1	153	3.152E-35	1	23300	23530	194	153	0.933	3.577E-37	0	76	78	23300	23530	231	22784	23530
447877518	1	723	8.155E-207	1	6736	8010	61	723	0.825	2.223E-223	0	424	465	6736	8010	1275	5659	8226
 