391650812	1	3029	407551167	1	3023
391650812	1	3029	58576389	1	3023
391650812	1	3029	218331057	1	3023
391650812	1	3029	73339029	1	3023
391650812	1	3029	301576561	1	3023
391650812	1	3029	349783853	1	3023
391650812	1	3029	378867349	1	3023
391650812	1	3029	335669239	1	3023
391650812	1	3029	451575052	1	3023
391650812	1	3029	407670644	1	3023
391650812	1	3029	407412540	1	3023
391650812	1	3029	291065085	1	3023
391650812	1	3029	422146169	1	3023
391650812	1	3029	378828451	1	3023
391650812	1	3029	117005891	1	3023
391650812	1	3029	349503184	1	3023
391650812	1	3029	422082029	1	3023
391650812	1	3029	422368006	1	3023
391650812	1	3029	43854017	1	3023
391650812	1	3029	44288486	1	3023
391650812	1	3029	116561062	1	3023
391650812	1	3029	189705423	1	3023
391650812	1	3029	218434852	1	3023
391650812	1	3029	277035235	1	3023
391650812	1	3029	378372639	1	3023
391650812	1	3029	436939130	1	3023
391650812	1	3029	611472	1	3023
391650812	1	3029	29376788	1	3023
391650812	1	3029	58573102	1	3023
391650812	1	3029	116718869	1	3023
391650812	1	3029	131210003	1	3023
391650812	1	3029	174717512	1	3023
391650812	1	3029	218864514	1	3023
391650812	1	3029	262488665	1	3023
391650812	1	3029	290836185	1	3023
391650812	1	3029	131387243	1	3023
391650812	1	3029	204093313	1	3023
391650812	1	3029	247919625	1	3023
391650812	1	3029	291069139	1	3023
391650812	1	3029	378488372	1	3023
391650812	1	3029	436551542	1	3023
391650812	1	3029	232912095	1	3023
391650812	1	3029	44105960	1	3023
391650812	1	3029	72921382	1	3023
391650812	1	3029	363769511	1	3023
391650812	1	3029	29730481	1	3023
391650812	1	3029	189518154	1	3023
391650812	1	3029	43982225	1	3023
391650812	1	3029	145874576	1	3023
391650812	1	3029	413453925	1	3023
391650812	1	3029	436601811	1	3023
391650812	1	3029	233408329	1	3023
391650812	1	3029	334985222	1	3023
391650812	1	3029	898178	1	3023
391650812	1	3029	291062511	1	3023
391650812	1	3029	160219809	1	3023
391650812	1	3029	457876	1	3026
391650812	1	3029	203966184	1	3026
391650812	1	3029	451194386	1	3026
391650812	1	3029	364114483	1	3026
391650812	1	3029	335044516	1	3026
391650812	1	3029	349708029	1	3026
391650812	1	3029	407844335	1	3026
391650812	1	3029	320489279	1	3026
391650812	1	3029	29702306	1	3026
391650812	1	3029	87681829	1	3026
391650812	1	3029	334694323	1	3026
391650812	1	3029	202802534	1	3026
391650812	1	3029	436769733	1	3026
391650812	1	3029	145660679	1	3026
391650812	1	3029	297784725	1	3026
391650812	1	3029	392906310	1	3026
391650812	1	3029	160604432	1	3026
391650812	1	3029	65271731	1	3026
391650812	1	3029	256598776	1	3026
391650812	1	3029	345985433	1	3026
391650812	1	3029	40688919	1	3026
391650812	1	3029	247684532	1	3026
391650812	1	3029	276844479	1	3026
391650812	1	3029	291332362	1	3026
391650812	1	3029	171449091	1	3026
391650812	1	3029	306048265	1	3026
391650812	1	3029	305930434	1	3026
391650812	1	3029	204154750	1	3026
391650812	1	3029	391067788	1	3026
391650812	1	3029	222085	1	3026
391650812	1	3029	254900121	1	3026
391650812	1	3029	117085459	1	3026
391650812	1	3029	451233946	1	3026
391650812	1	3029	203866226	1	3026
391650812	1	3029	407765860	1	3026
391650812	1	3029	218463739	1	3026
391650812	1	3029	172016241	1	3026
391650812	1	3029	393002773	1	3026
391650812	1	3029	392962627	1	3026
391650812	1	3029	203847269	1	3026
391650812	1	3029	334839321	1	3026
391650812	1	3029	378538530	1	3026
391650812	1	3029	145659351	1	3026
391650812	1	3029	272315848	1	3026
391650812	1	3029	276628456	1	3026
391650812	1	3029	218755296	1	3026
391650812	1	3029	160215781	1	3026
391650812	1	3029	116769187	1	3026
391650812	1	3029	189378954	1	3026
391650812	1	3029	58559946	1	3029
391650812	1	3029	262098310	1	3029
391650812	1	3029	305951121	1	3029
391650812	1	3029	391650812	1	3029
391650812	1	3029	407816908	1	3029
391650812	1	3029	257781383	1	3029
391650812	1	3029	160368511	1	3029
391650812	1	3029	378555620	1	3029
391650812	1	3029	451492189	1	3029
391650812	1	3029	38017401	1	3029
391650812	1	3029	102020508	1	3029
391650812	1	3029	189519535	1	3029
391650812	1	3029	160585441	1	3029
391650812	1	3029	422328335	1	3029
391650812	1	3029	364439326	1	3029
391650812	1	3029	102344825	1	3029
391650812	1	3029	392830973	1	3029
391650812	1	3029	12935278	1	3032
391650812	1	3029	501168	1	3032
391650812	1	3029	276733588	1	3032
391650812	1	3029	84530030	1	3032
391650812	1	3029	283356773	1	3032
391650812	1	3029	225348	1	3032
391650812	1	3029	203835384	1	3032
391650812	1	3029	204068373	1	3035
391650812	1	3029	102261815	1	3038
391650812	1	3029	262032743	1	3038
391650812	1	3029	667683	1	3041
391650812	1	3029	116770244	1	3044
391650812	1	3029	160451255	1	3044
391650812	1	3029	116932930	1	3053
391650812	1	3029	131455620	1	3053
391650812	1	3029	234171	1	3059
391650812	1	3029	73029917	1	3059
391650812	1	3029	379376633	1	3059
391650812	1	3029	73888654	1	3059
391650812	1	3029	306552061	1	3059
391650812	1	3029	306153569	1	3059
391650812	1	3029	437059660	1	3059
391650812	1	3029	204360678	1	3059
391650812	1	3029	393587117	1	3059
391650812	1	3029	30138089	1	3059
391650812	1	3029	117113883	1	3059
391650812	1	3029	364360295	1	3059
391650812	1	3029	44364242	1	3300
391650812	1	3029	451055598	1	3300
391650812	1	3029	218742370	1	3300
391650812	1	3029	160473701	1	3300
391650812	1	3029	102481135	1	3300
391650812	1	3029	131609875	1	3300
391650812	1	3029	334900010	1	3300
391650812	1	3029	422442060	1	3300
391650812	1	3029	145646170	1	3300
391650812	1	3029	451479443	1	3300
391650812	1	3029	199417585	1	3300
391650812	1	3029	400363080	1	3300
391650812	1	3029	407602232	1	3300
391650812	1	3029	436701488	1	3300
391650812	1	3029	430443642	1	3300
391650812	1	3029	233361924	1	3300
391650812	1	3029	214534035	1	3300
391650812	1	3029	436051336	1	3300
391650812	1	3029	44131326	1	3300
391650812	1	3029	218760896	1	3300
391650812	1	3029	102006850	1	3300
391650812	1	3029	131190969	1	3300
391650812	1	3029	29779517	1	3300
391650812	1	3029	161170233	1	3300
391650812	1	3029	29868534	1	3300
391650812	1	3029	103004081	1	3300
391650812	1	3029	103004395	1	3300
391650812	1	3029	73920739	1	3300
391650812	1	3029	393835447	1	3300
391650812	1	3029	161170339	1	3300
391650812	1	3029	393835834	1	3300
391650812	1	3029	103003812	1	3300
391650812	1	3029	233878324	1	3300
391650812	1	3029	437543565	1	3300
391650812	1	3029	59463630	1	3300
391650812	1	3029	189307308	1	3300
391650812	1	3029	102245384	1	3300
391650812	1	3029	131190424	1	3300
391650812	1	3029	578124	1	3300
391650812	1	3029	363994661	1	3300
391650812	1	3029	276824222	1	3300
391650812	1	3029	393835740	1	3300
391650812	1	3029	291601699	1	3300
391650812	1	3029	218472480	1	3300
391650812	1	3029	364428234	1	3300
391650812	1	3029	422242881	1	3300
391650812	1	3029	422395823	1	3300
391650812	1	3029	160213135	1	3300
391650812	1	3029	436912441	1	3300
391650812	1	3029	421912379	1	3300
391650812	1	3029	364049670	1	3300
391650812	1	3029	416060452	1	3300
391650812	1	3029	96411637	1	3300
391650812	1	3029	204303779	1	3300
391650812	1	3029	15276591	1	3300
391650812	1	3029	320497047	1	3300
391650812	1	3029	131170453	1	3300
391650812	1	3029	160416663	1	3300
391650812	1	3029	218849513	1	3300
391650812	1	3029	8371349	1	3300
391650812	1	3029	145656192	1	3300
391650812	1	3029	174870254	1	3300
391650812	1	3029	364174112	1	3300
391650812	1	3029	320569319	1	3300
391650812	1	3029	145951686	1	3300
391650812	1	3029	276706215	1	3300
391650812	1	3029	436656187	1	3300
391650812	1	3029	232881884	1	3300
391650812	1	3029	145749718	1	3300
391650812	1	3029	451262557	1	3300
391650812	1	3029	73171117	1	3300
391650812	1	3029	276803390	1	3300
391650812	1	3029	15299767	1	3300
391650812	1	3029	247680608	1	3300
391650812	1	3029	291571639	1	3300
391650812	1	3029	349745043	1	3300
391650812	1	3029	29400140	1	3300
391650812	1	3029	306066891	1	3300
391650812	1	3029	458016845	1	3300
391650812	1	3029	407846219	1	3300
391650812	1	3029	131247174	1	3300
391650812	1	3029	451328049	1	3300
391650812	1	3029	9050823	1	3300
391650812	1	3029	291298428	1	3300
391650812	1	3029	145982837	1	3300
391650812	1	3029	335402870	1	3300
391650812	1	3029	403616787	1	3300
391650812	1	3029	407429303	1	3300
391650812	1	3029	174764366	1	3300
391650812	1	3029	146069873	1	3300
391650812	1	3029	436558224	1	3300
391650812	1	3029	131409241	1	3300
391650812	1	3029	68313418	1	3300
391650812	1	3029	72952662	1	3300
391650812	1	3029	189477065	1	3300
391650812	1	3029	275892364	1	3300
391650812	1	3029	363851692	1	3300
391650812	1	3029	451603911	1	3300
391650812	1	3029	436489853	1	3300
391650812	1	3029	436470505	1	3300
391650812	1	3029	320266945	1	3300
391650812	1	3029	393380609	1	3300
391650812	1	3029	407480346	1	3300
391650812	1	3029	4424356	1	3300
391650812	1	3029	451218298	1	3300
391650812	1	3029	116775267	1	3300
391650812	1	3029	102211118	1	3300
391650812	1	3029	262175589	1	3300
391650812	1	3029	291121672	1	3300
391650812	1	3029	437034441	1	3300
391650812	1	3029	15229754	1	3300
391650812	1	3029	183124229	1	3300
391650812	1	3029	160857451	1	3300
391650812	1	3029	291321523	1	3300
391650812	1	3029	155486585	1	3300
391650812	1	3029	87492585	1	3300
391650812	1	3029	204336144	1	3300
391650812	1	3029	276551495	1	3300
391650812	1	3029	175106305	1	3300
391650812	1	3029	29776453	1	3300
391650812	1	3029	613230	1	3300
391650812	1	3029	102357855	1	3300
391650812	1	3029	15199217	1	3300
391650812	1	3029	112441035	1	3300
391650812	1	3029	247660140	1	3300
391650812	1	3029	116677672	1	3300
391650812	1	3029	363906908	1	3300
391650812	1	3029	284043565	1	3300
391650812	1	3029	58377414	1	3300
391650812	1	3029	233033128	1	3300
391650812	1	3029	335137760	1	3300
391650812	1	3029	276851491	1	3300
391650812	1	3029	145707379	1	3300
391650812	1	3029	335020890	1	3300
391650812	1	3029	145663160	1	3300
391650812	1	3029	378775048	1	3300
391650812	1	3029	349704725	1	3300
391650812	1	3029	116957320	1	3300
391650812	1	3029	204163674	1	3300
391650812	1	3029	247978394	1	3300
391650812	1	3029	189826169	1	3300
391650812	1	3029	335111034	1	3300
391650812	1	3029	407557775	1	3300
391650812	1	3029	174811837	1	3300
391650812	1	3029	58475746	1	3300
391650812	1	3029	422184405	1	3300
391650812	1	3029	110991163	1	3300
391650812	1	3029	233012194	1	3300
391650812	1	3029	349722817	1	3300
391650812	1	3029	363988550	1	3300
391650812	1	3029	73229281	1	3300
391650812	1	3029	190019102	1	3300
391650812	1	3029	204660705	1	3300
391650812	1	3029	321128310	1	3300
391650812	1	3029	978094	1	3300
391650812	1	3029	59144215	1	3300
391650812	1	3029	73145220	1	3300
391650812	1	3029	334879219	1	3300
391650812	1	3029	349617177	1	3300
391650812	1	3029	15236317	1	3300
391650812	1	3029	174839058	1	3300
391650812	1	3029	306113209	1	3300
391650812	1	3029	335344175	1	3300
391650812	1	3029	408143015	1	3300
391650812	1	3029	117110913	1	3300
391650812	1	3029	73685808	1	3300
391650812	1	3029	102214187	1	3300
391650812	1	3029	262667985	1	3300
391650812	1	3029	15409478	1	3300
391650812	1	3029	305998288	1	3300
391650812	1	3029	87788633	1	3300
391650812	1	3029	407619063	1	3300
391650812	1	3029	29464644	1	3300
391650812	1	3029	218635673	1	3300
391650812	1	3029	44564991	1	3300
391650812	1	3029	116681388	1	3300
391650812	1	3029	15037618	1	3300
391650812	1	3029	262281244	1	3306
391650812	1	3029	407510295	1	3306
391650812	1	3029	87993039	1	3306
391650812	1	3029	131419263	1	3306
391650812	1	3029	189605326	1	3306
391650812	1	3029	15071762	1	3306
391650812	1	3029	43877805	1	3306
391650812	1	3029	230312778	1	3306
391650812	1	3029	378354847	1	3306
391650812	1	3029	131082726	1	3306
391650812	1	3029	196048959	1	3306
391650812	1	3029	305658652	1	3306
391650812	1	3029	28901769	1	3306
391650812	1	3029	440521747	1	3306
391650812	1	3029	189270224	1	3306
391650812	1	3029	330936163	1	3306
391650812	1	3029	362382482	1	3306
391650812	1	3029	400960745	1	3306
391650812	1	3029	305871205	1	3306
391650812	1	3029	214044593	1	3306
391650812	1	3029	131428678	1	3306
391650812	1	3029	247698582	1	3306
391650812	1	3029	291532824	1	3306
391650812	1	3029	51353661	1	3306
391650812	1	3029	204035153	1	3306
391650812	1	3029	276677665	1	3306
391650812	1	3029	73285489	1	3306
391650812	1	3029	58700296	1	3306
391650812	1	3029	632009	1	3306
391650812	1	3029	247897165	1	3306
391650812	1	3029	277034124	1	3306
391650812	1	3029	378771762	1	3306
391650812	1	3029	160652017	1	3306
391650812	1	3029	73402448	1	3306
391650812	1	3029	233352424	1	3306
391650812	1	3029	261995830	1	3306
391650812	1	3029	451476632	1	3306
391650812	1	3029	29869147	1	3306
391650812	1	3029	145733653	1	3306
391650812	1	3029	218818332	1	3306
391650812	1	3029	320118937	1	3306
391650812	1	3029	102174499	1	3306
391650812	1	3029	116999741	1	3306
391650812	1	3029	233485445	1	3306
391650812	1	3029	29889176	1	3306
391650812	1	3029	58383190	1	3306
391650812	1	3029	72924744	1	3306
391650812	1	3029	87681747	1	3306
391650812	1	3029	363969132	1	3306
391650812	1	3029	189471315	1	3306
391650812	1	3029	29513841	1	3306
391650812	1	3029	364200114	1	3306
391650812	1	3029	102603901	1	3306
391650812	1	3029	364351706	1	3306
391650812	1	3029	146240346	1	3306
391650812	1	3029	247634880	1	3306
391650812	1	3029	116995788	1	3306
391650812	1	3029	306306271	1	3306
391650812	1	3029	44428634	1	3306
391650812	1	3029	73062071	1	3306
391650812	1	3029	291486739	1	3306
391650812	1	3029	407550570	1	3306
391650812	1	3029	44447300	1	3306
391650812	1	3029	820082	1	3306
391650812	1	3029	378903291	1	3306
391650812	1	3029	175279088	1	3306
391650812	1	3029	189471204	1	3306
391650812	1	3029	407597886	1	3306
391650812	1	3029	320467839	1	3306
391650812	1	3029	145712688	1	3306
391650812	1	3029	393439517	1	3306
391650812	1	3029	102493970	1	3306
391650812	1	3029	436499283	1	3306
391650812	1	3029	174992077	1	3306
391650812	1	3029	14946443	1	3306
391650812	1	3029	334812940	1	3306
391650812	1	3029	204014166	1	3306
391650812	1	3029	233160664	1	3306
391650812	1	3029	218852919	1	3306
391650812	1	3029	320560716	1	3306
391650812	1	3029	73461784	1	3306
391650812	1	3029	58586510	1	3306
391650812	1	3029	422659275	1	3306
391650812	1	3029	174832030	1	3306
391650812	1	3029	364033396	1	3306
391650812	1	3029	393116632	1	3306
391650812	1	3029	43839754	1	3306
391650812	1	3029	58505298	1	3306
391650812	1	3029	451378275	1	3306
391650812	1	3029	1213590	1	3306
391650812	1	3029	350022308	1	3306
391650812	1	3029	73733851	1	3306
391650812	1	3029	407585147	1	3306
391650812	1	3029	422329790	1	3306
391650812	1	3029	422672193	1	3306
391650812	1	3029	277115357	1	3309
391650812	1	3029	189797848	1	3387
391650812	1	3029	451105199	1	3480
391650812	1	3029	58621586	1	3495
391650812	1	3029	189689966	1	3495
391650812	1	3029	407957778	1	3746
131819753	1	14923	131819753	1	14923
 