345618296	1	30571	391199941	1	30556
345618296	1	30571	204480111	1	30571
345618296	1	30571	345618296	1	30571
345618296	1	30571	326472311	1	30577
345618296	1	30571	399015476	1	30577
345618296	1	30571	428133268	1	30577
345618296	1	30571	399381556	1	30577
345618296	1	30571	370157055	1	30577
345618296	1	30571	253987519	1	30577
345618296	1	30571	79192311	1	30577
345618296	1	30571	93954813	1	30577
345618296	1	30571	56189794	1	30577
345618296	1	30571	50000028	1	30577
345618296	1	30571	413539783	1	30577
345618296	1	30571	110150897	1	30577
345618296	1	30571	50171759	1	30577
345618296	1	30571	180993046	1	30577
345618296	1	30571	297757401	1	30577
345618296	1	30571	355406063	1	30577
345618296	1	30571	258233537	1	30577
345618296	1	30571	6514860	1	30577
345618296	1	30571	151875637	1	30577
345618296	1	30571	50167871	1	30577
345618296	1	30571	359517679	1	30577
345618296	1	30571	181344402	1	30577
345618296	1	30571	297358368	1	30577
345618296	1	30571	399031173	1	30577
345618296	1	30571	432150920	1	30577
345618296	1	30571	64835043	1	30577
345618296	1	30571	93916716	1	30577
345618296	1	30571	311944446	1	30577
345618296	1	30571	442841116	1	30577
345618296	1	30571	79488352	1	30577
345618296	1	30571	6656669	1	30577
345618296	1	30571	387845205	1	30577
345618296	1	30571	373899042	1	30577
345618296	1	30571	457271971	1	30577
345618296	1	30571	341225477	1	30577
345618296	1	30571	187956905	1	30580
345618296	1	30571	190435587	1	30580
345618296	1	30571	137626900	1	30698
345618296	1	30571	233450386	1	30707
345618296	1	30571	204366385	1	30707
345618296	1	30571	195613746	1	30829
345618296	1	30571	55280498	1	30841
345618296	1	30571	459238647	1	30841
345618296	1	30571	66170537	1	30841
345618296	1	30571	457267485	1	30841
345618296	1	30571	257811872	1	30841
345618296	1	30571	442659783	1	30841
345618296	1	30571	128769286	1	30841
345618296	1	30571	268267291	1	30841
345618296	1	30571	457298072	1	30841
345618296	1	30571	457312137	1	30841
345618296	1	30571	315069913	1	30841
345618296	1	30571	137537580	1	30841
345618296	1	30571	312154320	1	30841
345618296	1	30571	442948017	1	30841
345618296	1	30571	6475514	1	30841
345618296	1	30571	268355440	1	31045
345618296	1	30571	157458253	1	31045
345618296	1	30571	224593624	1	31045
345618296	1	30571	99824174	1	31045
345618296	1	30571	413889082	1	31045
451678109	1	35000	1566431	1	34970
451678109	1	35000	253470816	1	34979
451678109	1	35000	89558559	1	34979
451678109	1	35000	407755511	1	34979
451678109	1	35000	309575822	1	34985
451678109	1	35000	365363403	1	34991
451678109	1	35000	364134340	1	34991
451678109	1	35000	422164978	1	34994
451678109	1	35000	204143777	1	34994
451678109	1	35000	409048557	1	34994
451678109	1	35000	62519263	1	34997
451678109	1	35000	451678109	1	35000
451678109	1	35000	175707094	1	35000
451678109	1	35000	233922926	1	35000
451678109	1	35000	119479951	1	35018
451678109	1	35000	325080200	1	35018
451678109	1	35000	133808370	1	35018
451678109	1	35000	249295826	1	35018
451678109	1	35000	235589785	1	35018
451678109	1	35000	29623291	1	35018
451678109	1	35000	192686758	1	35063
451678109	1	35000	137184452	1	35081
451678109	1	35000	61881394	1	35081
451678109	1	35000	355308842	1	35087
279210621	1	35234	189536150	1	35234
279210621	1	35234	279210621	1	35234
279210621	1	35234	204589389	1	35234
279210621	1	35234	268059137	1	35237
279210621	1	35234	180809676	1	35237
279210621	1	35234	137184813	1	35237
279210621	1	35234	296368696	1	35237
279210621	1	35234	35393210	1	35240
279210621	1	35234	49882427	1	35243
279210621	1	35234	253464113	1	35246
279210621	1	35234	166267174	1	35255
279210621	1	35234	6308831	1	35255
190135782	1	35483	190135782	1	35483
170028165	1	36260	170028165	1	36260
170028165	1	36260	98339317	1	36338
170028165	1	36260	21297254	1	36338
170028165	1	36260	186939039	1	36338
170028165	1	36260	344382501	1	36338
170028165	1	36260	166479937	1	36341
170028165	1	36260	282811276	1	36341
170028165	1	36260	239349132	1	36341
170028165	1	36260	21014005	1	36341
170028165	1	36260	434216209	1	36341
170028165	1	36260	114239986	1	36341
170028165	1	36260	39164908	1	36341
170028165	1	36260	167038291	1	36341
170028165	1	36260	341062488	1	36341
170028165	1	36260	213814933	1	36341
170028165	1	36260	373175807	1	36341
170028165	1	36260	210087422	1	36341
170028165	1	36260	256069557	1	36341
170028165	1	36260	374637028	1	36341
170028165	1	36260	297318255	1	36341
170028165	1	36260	79394623	1	36341
170028165	1	36260	10420633	1	36341
170028165	1	36260	42492037	1	36341
170028165	1	36260	435234504	1	36341
170028165	1	36260	341138393	1	36341
170028165	1	36260	109008306	1	36344
170028165	1	36260	54724744	1	36344
170028165	1	36260	229237660	1	36344
170028165	1	36260	297460753	1	36344
170028165	1	36260	355627020	1	36344
170028165	1	36260	253990065	1	36344
170028165	1	36260	64688715	1	36344
170028165	1	36260	112441734	1	36344
170028165	1	36260	297519630	1	36344
170028165	1	36260	362346883	1	36344
170028165	1	36260	202001295	1	36344
170028165	1	36260	195596627	1	36347
170028165	1	36260	445309776	1	36353
170028165	1	36260	7311907	1	36353
170028165	1	36260	80208179	1	36353
170028165	1	36260	428081488	1	36353
170028165	1	36260	312107806	1	36353
170028165	1	36260	209992064	1	36353
170028165	1	36260	209994716	1	36353
170028165	1	36260	52700255	1	36359
170028165	1	36260	151826378	1	36359
170028165	1	36260	458291072	1	36362
170028165	1	36260	463489861	1	36365
170028165	1	36260	289738080	1	36368
170028165	1	36260	195534142	1	36368
170028165	1	36260	399173152	1	36368
170028165	1	36260	215005833	1	36371
170028165	1	36260	242517925	1	36371
170028165	1	36260	144292323	1	36371
170028165	1	36260	168676796	1	36371
170028165	1	36260	421139144	1	36371
170028165	1	36260	408167393	1	36374
170028165	1	36260	44666219	1	36374
170028165	1	36260	457511418	1	36374
170028165	1	36260	248557440	1	36374
170028165	1	36260	428262389	1	36374
170028165	1	36260	152054678	1	36374
170028165	1	36260	268198122	1	36377
170028165	1	36260	430361028	1	36377
170028165	1	36260	65147442	1	36377
170028165	1	36260	8074055	1	36377
170028165	1	36260	302906477	1	36377
170028165	1	36260	184275362	1	36377
170028165	1	36260	432311809	1	36377
170028165	1	36260	335356704	1	36377
170028165	1	36260	211138837	1	36377
170028165	1	36260	431931155	1	36377
170028165	1	36260	285608111	1	36377
170028165	1	36260	230747343	1	36377
170028165	1	36260	416242628	1	36377
170028165	1	36260	975542	1	36377
170028165	1	36260	117308233	1	36377
170028165	1	36260	349972587	1	36377
170028165	1	36260	21604498	1	36377
170028165	1	36260	204477983	1	36377
170028165	1	36260	317825856	1	36377
170028165	1	36260	331831426	1	36377
170028165	1	36260	59399605	1	36377
170028165	1	36260	219265756	1	36377
170028165	1	36260	73592487	1	36377
170028165	1	36260	350081720	1	36377
170028165	1	36260	146627487	1	36377
170028165	1	36260	362054227	1	36377
170028165	1	36260	364824421	1	36377
170028165	1	36260	195971032	1	36377
170028165	1	36260	204486040	1	36377
170028165	1	36260	408244287	1	36377
170028165	1	36260	448353690	1	36377
170028165	1	36260	15310719	1	36377
170028165	1	36260	393882342	1	36377
170028165	1	36260	419747368	1	36377
170028165	1	36260	290744671	1	36377
170028165	1	36260	422616329	1	36377
170028165	1	36260	73615637	1	36377
170028165	1	36260	361707326	1	36377
170028165	1	36260	277440060	1	36377
170028165	1	36260	1273620	1	36377
170028165	1	36260	212947027	1	36377
170028165	1	36260	393752555	1	36377
170028165	1	36260	459792994	1	36377
170028165	1	36260	10236215	1	36377
170028165	1	36260	203071913	1	36377
170028165	1	36260	459664738	1	36377
170028165	1	36260	82689713	1	36377
170028165	1	36260	253579878	1	36377
170028165	1	36260	442631974	1	36377
170028165	1	36260	155626576	1	36377
170028165	1	36260	362621332	1	36377
170028165	1	36260	55525718	1	36377
170028165	1	36260	111497230	1	36377
170028165	1	36260	270069688	1	36377
170028165	1	36260	108539768	1	36377
170028165	1	36260	137239735	1	36377
170028165	1	36260	254073349	1	36377
170028165	1	36260	297428523	1	36377
170028165	1	36260	311966148	1	36377
170028165	1	36260	434881471	1	36377
170028165	1	36260	72610394	1	36377
170028165	1	36260	114988798	1	36377
170028165	1	36260	261309221	1	36377
170028165	1	36260	404633501	1	36377
170028165	1	36260	462820554	1	36377
170028165	1	36260	35448799	1	36377
170028165	1	36260	273864807	1	36377
170028165	1	36260	334301557	1	36377
170028165	1	36260	346548518	1	36377
170028165	1	36260	317738968	1	36377
170028165	1	36260	393659395	1	36377
170028165	1	36260	199064689	1	36377
170028165	1	36260	117476427	1	36377
170028165	1	36260	40326765	1	36377
170028165	1	36260	302766296	1	36377
170028165	1	36260	371751846	1	36377
170028165	1	36260	226116893	1	36377
170028165	1	36260	315651083	1	36377
170028165	1	36260	428401063	1	36377
170028165	1	36260	185394420	1	36377
170028165	1	36260	243896636	1	36377
170028165	1	36260	172932006	1	36377
170028165	1	36260	44814429	1	36377
170028165	1	36260	287470432	1	36377
170028165	1	36260	167421677	1	36377
170028165	1	36260	327290349	1	36377
170028165	1	36260	388974070	1	36377
170028165	1	36260	79474735	1	36377
170028165	1	36260	40258808	1	36377
170028165	1	36260	315808584	1	36377
170028165	1	36260	109958577	1	36377
170028165	1	36260	84724102	1	36377
170028165	1	36260	462549045	1	36377
170028165	1	36260	79811931	1	36377
170028165	1	36260	156868158	1	36377
170028165	1	36260	242055807	1	36377
170028165	1	36260	378989054	1	36377
170028165	1	36260	53638818	1	36377
170028165	1	36260	156732412	1	36377
170028165	1	36260	240837492	1	36377
170028165	1	36260	376445584	1	36377
170028165	1	36260	248294491	1	36377
170028165	1	36260	414473542	1	36377
170028165	1	36260	422610975	1	36377
170028165	1	36260	458239484	1	36377
170028165	1	36260	169967745	1	36377
170028165	1	36260	384950414	1	36377
170028165	1	36260	350257192	1	36377
170028165	1	36260	393871701	1	36377
170028165	1	36260	181068163	1	36377
170028165	1	36260	399941844	1	36377
170028165	1	36260	131663158	1	36377
170028165	1	36260	8170841	1	36377
170028165	1	36260	151864640	1	36377
170028165	1	36260	350216980	1	36377
170028165	1	36260	304645317	1	36377
170028165	1	36260	320912241	1	36377
170028165	1	36260	10956665	1	36377
170028165	1	36260	328265671	1	36377
170028165	1	36260	114974343	1	36377
170028165	1	36260	442846344	1	36377
170028165	1	36260	392515730	1	36377
170028165	1	36260	29986024	1	36377
170028165	1	36260	126717336	1	36377
170028165	1	36260	385336741	1	36377
170028165	1	36260	97918433	1	36377
170028165	1	36260	389153073	1	36377
170028165	1	36260	437492911	1	36377
170028165	1	36260	183360503	1	36377
170028165	1	36260	30241387	1	36377
170028165	1	36260	132037389	1	36377
170028165	1	36260	29996972	1	36377
170028165	1	36260	262527012	1	36377
170028165	1	36260	393742232	1	36377
170028165	1	36260	102938500	1	36377
170028165	1	36260	315932379	1	36377
170028165	1	36260	15544875	1	36377
170028165	1	36260	343086435	1	36377
170028165	1	36260	108442414	1	36377
170028165	1	36260	114591509	1	36377
170028165	1	36260	132055017	1	36377
170028165	1	36260	316404376	1	36377
170028165	1	36260	292061056	1	36377
170028165	1	36260	449499067	1	36377
170028165	1	36260	362211984	1	36377
170028165	1	36260	211712179	1	36377
170028165	1	36260	332600486	1	36377
170028165	1	36260	333221499	1	36377
170028165	1	36260	355413145	1	36377
170028165	1	36260	109874968	1	36377
170028165	1	36260	292018344	1	36377
170028165	1	36260	110370806	1	36377
170028165	1	36260	114300511	1	36377
170028165	1	36260	123076492	1	36377
170028165	1	36260	175601144	1	36377
170028165	1	36260	335557065	1	36377
170028165	1	36260	10380313	1	36377
170028165	1	36260	216126328	1	36377
170028165	1	36260	227556802	1	36377
170028165	1	36260	277412669	1	36377
170028165	1	36260	355531633	1	36377
170028165	1	36260	414928977	1	36377
170028165	1	36260	447345468	1	36377
170028165	1	36260	70583835	1	36377
170028165	1	36260	128056064	1	36377
170028165	1	36260	257708024	1	36377
170028165	1	36260	272434587	1	36377
170028165	1	36260	348141294	1	36377
170028165	1	36260	406637614	1	36377
170028165	1	36260	122935619	1	36377
170028165	1	36260	255781531	1	36377
170028165	1	36260	327861826	1	36377
170028165	1	36260	38643476	1	36377
170028165	1	36260	64889501	1	36377
170028165	1	36260	64890352	1	36377
170028165	1	36260	123597038	1	36377
170028165	1	36260	153221698	1	36377
170028165	1	36260	175341679	1	36377
170028165	1	36260	186833399	1	36377
170028165	1	36260	195695692	1	36377
170028165	1	36260	297400505	1	36377
170028165	1	36260	428086335	1	36377
170028165	1	36260	450704038	1	36377
170028165	1	36260	6512880	1	36377
170028165	1	36260	290471606	1	36377
170028165	1	36260	422929564	1	36377
170028165	1	36260	72591782	1	36377
170028165	1	36260	130862732	1	36377
170028165	1	36260	185868754	1	36377
170028165	1	36260	6720540	1	36377
170028165	1	36260	69432474	1	36377
170028165	1	36260	113057644	1	36377
170028165	1	36260	126198194	1	36377
170028165	1	36260	270235155	1	36377
170028165	1	36260	271653931	1	36377
170028165	1	36260	361223779	1	36377
170028165	1	36260	402519055	1	36377
170028165	1	36260	407044916	1	36377
170028165	1	36260	430123954	1	36377
170028165	1	36260	55021568	1	36377
170028165	1	36260	79319567	1	36377
170028165	1	36260	95608051	1	36377
170028165	1	36260	112528089	1	36377
170028165	1	36260	138321187	1	36377
170028165	1	36260	154424742	1	36377
170028165	1	36260	166484444	1	36377
170028165	1	36260	210361108	1	36377
170028165	1	36260	216447649	1	36377
170028165	1	36260	217583077	1	36377
170028165	1	36260	273608093	1	36377
170028165	1	36260	313421217	1	36377
170028165	1	36260	320716349	1	36377
170028165	1	36260	369953900	1	36377
170028165	1	36260	436248201	1	36377
170028165	1	36260	462630367	1	36377
170028165	1	36260	168555684	1	36377
170028165	1	36260	173497836	1	36377
170028165	1	36260	272445490	1	36377
170028165	1	36260	273507432	1	36377
170028165	1	36260	50355431	1	36377
170028165	1	36260	64850098	1	36377
170028165	1	36260	130531623	1	36377
170028165	1	36260	210233601	1	36377
170028165	1	36260	217258350	1	36377
170028165	1	36260	239441692	1	36377
170028165	1	36260	268134219	1	36377
170028165	1	36260	299033759	1	36377
170028165	1	36260	302872209	1	36377
170028165	1	36260	311738913	1	36377
170028165	1	36260	311750440	1	36377
170028165	1	36260	442783993	1	36377
170028165	1	36260	448906720	1	36377
170028165	1	36260	444434609	1	36377
170028165	1	36260	243881298	1	36377
170028165	1	36260	326445440	1	36377
170028165	1	36260	341218021	1	36377
170028165	1	36260	393481628	1	36377
170028165	1	36260	458020283	1	36377
170028165	1	36260	210015417	1	36377
170028165	1	36260	459318390	1	36377
170028165	1	36260	144714366	1	36377
170028165	1	36260	154197683	1	36377
170028165	1	36260	405846479	1	36377
170028165	1	36260	51731608	1	36377
170028165	1	36260	139066630	1	36377
170028165	1	36260	199748844	1	36377
170028165	1	36260	260305117	1	36377
170028165	1	36260	401833715	1	36377
170028165	1	36260	159797103	1	36377
170028165	1	36260	355509043	1	36377
170028165	1	36260	70912472	1	36377
170028165	1	36260	212411204	1	36377
170028165	1	36260	255530986	1	36377
170028165	1	36260	35501549	1	36377
170028165	1	36260	130601584	1	36377
170028165	1	36260	348272851	1	36377
170028165	1	36260	363415448	1	36377
170028165	1	36260	428472419	1	36377
170028165	1	36260	389398993	1	36377
170028165	1	36260	22467202	1	36377
170028165	1	36260	341651155	1	36377
170028165	1	36260	360364476	1	36377
170028165	1	36260	462397650	1	36377
170028165	1	36260	35580819	1	36377
170028165	1	36260	254264138	1	36377
170028165	1	36260	384590131	1	36377
170028165	1	36260	137546912	1	36377
170028165	1	36260	180873293	1	36377
170028165	1	36260	188340181	1	36377
170028165	1	36260	442919858	1	36377
170028165	1	36260	268368494	1	36377
170028165	1	36260	359273516	1	36377
170028165	1	36260	52980729	1	36377
170028165	1	36260	139773946	1	36377
170028165	1	36260	98303121	1	36377
170028165	1	36260	55429906	1	36377
170028165	1	36260	260935494	1	36377
170028165	1	36260	419520092	1	36377
170028165	1	36260	170922880	1	36377
170028165	1	36260	210041225	1	36377
170028165	1	36260	363540306	1	36377
170028165	1	36260	401742801	1	36377
170028165	1	36260	22981030	1	36377
170028165	1	36260	35452547	1	36377
170028165	1	36260	49996464	1	36377
170028165	1	36260	297365654	1	36377
170028165	1	36260	399354270	1	36377
170028165	1	36260	21010512	1	36377
170028165	1	36260	209954361	1	36377
170028165	1	36260	224593648	1	36377
170028165	1	36260	268138434	1	36377
170028165	1	36260	357675211	1	36377
170028165	1	36260	282877804	1	36377
170028165	1	36260	420930376	1	36377
170028165	1	36260	442964142	1	36377
170028165	1	36260	123069146	1	36377
170028165	1	36260	151787904	1	36377
170028165	1	36260	459116554	1	36377
170028165	1	36260	68245581	1	36377
170028165	1	36260	171444051	1	36377
170028165	1	36260	421111233	1	36377
170028165	1	36260	195786868	1	36377
170028165	1	36260	210321409	1	36377
170028165	1	36260	35774847	1	36377
170028165	1	36260	124660361	1	36377
170028165	1	36260	428273564	1	36377
170028165	1	36260	35614914	1	36377
170028165	1	36260	50115020	1	36377
170028165	1	36260	108281719	1	36377
170028165	1	36260	225342649	1	36377
170028165	1	36260	282780820	1	36377
170028165	1	36260	377947588	1	36377
170028165	1	36260	399592890	1	36377
170028165	1	36260	59007866	1	36377
170028165	1	36260	84438264	1	36377
170028165	1	36260	108167460	1	36377
170028165	1	36260	128201620	1	36377
170028165	1	36260	243684060	1	36377
170028165	1	36260	287634250	1	36377
170028165	1	36260	344185849	1	36377
170028165	1	36260	355742418	1	36377
170028165	1	36260	370278220	1	36377
170028165	1	36260	415872175	1	36377
170028165	1	36260	430273998	1	36377
170028165	1	36260	129041925	1	36377
170028165	1	36260	181192572	1	36377
170028165	1	36260	413748615	1	36377
170028165	1	36260	21192088	1	36377
170028165	1	36260	116177312	1	36377
170028165	1	36260	181081836	1	36377
170028165	1	36260	342070614	1	36377
170028165	1	36260	435464555	1	36377
170028165	1	36260	20967876	1	36377
170028165	1	36260	201834399	1	36377
170028165	1	36260	358497288	1	36377
170028165	1	36260	84795139	1	36377
170028165	1	36260	140982603	1	36377
170028165	1	36260	157668007	1	36377
170028165	1	36260	172471336	1	36377
170028165	1	36260	196368793	1	36377
170028165	1	36260	245181430	1	36377
170028165	1	36260	274753835	1	36377
170028165	1	36260	297472964	1	36377
170028165	1	36260	306693877	1	36377
170028165	1	36260	340967997	1	36377
170028165	1	36260	432886801	1	36377
170028165	1	36260	442761606	1	36377
170028165	1	36260	167857638	1	36377
170028165	1	36260	199073966	1	36377
170028165	1	36260	201834450	1	36377
170028165	1	36260	224626695	1	36377
170028165	1	36260	259794461	1	36377
170028165	1	36260	329251173	1	36377
170028165	1	36260	442895452	1	36377
170028165	1	36260	64927238	1	36377
170028165	1	36260	103161728	1	36377
170028165	1	36260	139213870	1	36377
170028165	1	36260	185835670	1	36377
170028165	1	36260	197709631	1	36377
170028165	1	36260	228154135	1	36377
170028165	1	36260	242905391	1	36377
170028165	1	36260	253806792	1	36377
170028165	1	36260	260735159	1	36377
170028165	1	36260	452140463	1	36377
170028165	1	36260	1327835	1	36377
170028165	1	36260	20779915	1	36377
170028165	1	36260	80004828	1	36377
170028165	1	36260	239413864	1	36377
170028165	1	36260	346698081	1	36377
170028165	1	36260	348595619	1	36377
170028165	1	36260	403583127	1	36377
170028165	1	36260	1428135	1	36377
170028165	1	36260	6438018	1	36377
170028165	1	36260	11944156	1	36377
170028165	1	36260	79200524	1	36377
170028165	1	36260	79257481	1	36377
170028165	1	36260	98686752	1	36377
170028165	1	36260	99405774	1	36377
170028165	1	36260	122828571	1	36377
170028165	1	36260	195671905	1	36377
170028165	1	36260	225535711	1	36377
170028165	1	36260	253699866	1	36377
170028165	1	36260	259111968	1	36377
170028165	1	36260	268242569	1	36377
170028165	1	36260	292255115	1	36377
170028165	1	36260	297065480	1	36377
170028165	1	36260	315976699	1	36377
170028165	1	36260	370170619	1	36377
170028165	1	36260	387164146	1	36377
170028165	1	36260	399054123	1	36377
170028165	1	36260	442741212	1	36377
170028165	1	36260	95073026	1	36377
170028165	1	36260	113061582	1	36377
170028165	1	36260	140918054	1	36377
170028165	1	36260	199741405	1	36377
170028165	1	36260	67370412	1	36377
170028165	1	36260	93889565	1	36377
170028165	1	36260	137511290	1	36377
170028165	1	36260	199039330	1	36377
170028165	1	36260	312011095	1	36377
170028165	1	36260	117669489	1	36377
170028165	1	36260	288879241	1	36377
170028165	1	36260	6501303	1	36377
170028165	1	36260	122754325	1	36377
170028165	1	36260	202011247	1	36377
170028165	1	36260	344823810	1	36377
170028165	1	36260	302027723	1	36377
170028165	1	36260	364546704	1	36377
170028165	1	36260	326371207	1	36377
170028165	1	36260	360549314	1	36377
170028165	1	36260	1010923	1	36377
170028165	1	36260	210146205	1	36380
170028165	1	36260	268515917	1	36380
170028165	1	36260	239302003	1	36380
170028165	1	36260	93932771	1	36383
170028165	1	36260	50306944	1	36383
170028165	1	36260	152035327	1	36383
170028165	1	36260	345480562	1	36392
170028165	1	36260	111238824	1	36392
170028165	1	36260	7305891	1	36392
170028165	1	36260	80040095	1	36395
170028165	1	36260	108974220	1	36401
170028165	1	36260	313660551	1	36401
170028165	1	36260	326538107	1	36410
170028165	1	36260	44491030	1	36425
170028165	1	36260	840593	1	36425
170028165	1	36260	142901090	1	36425
170028165	1	36260	155644038	1	36425
170028165	1	36260	272021147	1	36425
170028165	1	36260	44645328	1	36425
170028165	1	36260	422572264	1	36425
170028165	1	36260	393493410	1	36425
170028165	1	36260	59264752	1	36425
170028165	1	36260	463403182	1	36425
170028165	1	36260	300863579	1	36425
170028165	1	36260	73734736	1	36425
170028165	1	36260	379126777	1	36425
170028165	1	36260	146623918	1	36425
170028165	1	36260	153635575	1	36428
170028165	1	36260	159342786	1	36428
170028165	1	36260	387168431	1	36428
170028165	1	36260	320698346	1	36428
170028165	1	36260	349842786	1	36428
170028165	1	36260	260116661	1	36428
170028165	1	36260	30161247	1	36428
170028165	1	36260	88243864	1	36428
170028165	1	36260	226804381	1	36428
170028165	1	36260	245122179	1	36428
170028165	1	36260	422616974	1	36428
170028165	1	36260	461874732	1	36428
170028165	1	36260	197646025	1	36428
170028165	1	36260	95649556	1	36428
170028165	1	36260	228129206	1	36428
170028165	1	36260	345376972	1	36428
170028165	1	36260	196928542	1	36428
170028165	1	36260	233595440	1	36428
170028165	1	36260	257320235	1	36428
170028165	1	36260	437287139	1	36428
170028165	1	36260	21080075	1	36431
170028165	1	36260	370078296	1	36431
170028165	1	36260	428243004	1	36431
170028165	1	36260	328647263	1	36440
170028165	1	36260	384462524	1	36452
170028165	1	36260	262690354	1	36461
170028165	1	36260	79241816	1	36509
170028165	1	36260	54893702	1	36509
170028165	1	36260	298535897	1	36509
170028165	1	36260	35781667	1	36527
170028165	1	36260	96998576	1	36527
170028165	1	36260	391332927	1	36527
170028165	1	36260	375027179	1	36527
170028165	1	36260	408022336	1	36566
170028165	1	36260	44808108	1	36596
170028165	1	36260	273826615	1	36605
170028165	1	36260	15597839	1	36605
170028165	1	36260	175609461	1	36605
170028165	1	36260	84126690	1	36605
170028165	1	36260	341208514	1	36608
233120043	-1	3696	159368547	-1	3693
233120043	-1	3696	233120043	-1	3696
233120043	-1	3696	291321523	-1	3936
233120043	-1	3696	364439326	-1	4093
233120043	-1	3696	349389368	-1	4093
30285837	-1	10619	30285837	-1	10619
30285837	-1	10619	364415176	-1	10619
30285837	-1	10619	335620061	-1	10619
30285837	-1	10619	44752062	-1	10619
30285837	-1	10619	131788642	-1	10619
30285837	-1	10619	233540311	-1	10619
30285837	-1	10619	117460747	-1	10619
30285837	-1	10619	437158810	-1	10619
30285837	-1	10619	320828909	-1	10619
30285837	-1	10619	378993768	-1	10619
30285837	-1	10619	59280282	-1	10619
30285837	-1	10619	262616198	-1	10619
30285837	-1	10619	321029944	-1	10619
30285837	-1	10619	44738456	-1	10619
30285837	-1	10619	131987774	-1	10619
30285837	-1	10619	175374513	-1	10619
30285837	-1	10619	190156346	-1	10619
30285837	-1	10619	321028588	-1	10619
30285837	-1	10619	393737886	-1	10619
30285837	-1	10619	422821131	-1	10619
30285837	-1	10619	44739002	-1	10619
30285837	-1	10619	146530196	-1	10619
30285837	-1	10619	248320128	-1	10619
30285837	-1	10619	422820015	-1	10619
30285837	-1	10619	1115135	-1	10619
30285837	-1	10619	102907540	-1	10619
30285837	-1	10619	146530431	-1	10619
30285837	-1	10619	190154962	-1	10619
30285837	-1	10619	204696724	-1	10619
30285837	-1	10619	248321427	-1	10619
30285837	-1	10619	291947012	-1	10619
30285837	-1	10619	422822202	-1	10619
30285837	-1	10619	437362661	-1	10619
30285837	-1	10619	233638001	-1	10619
30285837	-1	10619	306489126	-1	10619
30285837	-1	10619	408278351	-1	10619
30285837	-1	10619	73823864	-1	10619
30285837	-1	10619	204450883	-1	10619
30285837	-1	10619	204745022	-1	10619
30285837	-1	10619	248043656	-1	10619
30285837	-1	10619	248322381	-1	10619
30285837	-1	10619	291946805	-1	10619
30285837	-1	10619	437360859	-1	10619
30285837	-1	10619	437362117	-1	10619
30285837	-1	10619	175615248	-1	10619
30285837	-1	10619	219034638	-1	10619
30285837	-1	10619	30198236	-1	10619
30285837	-1	10619	190154510	-1	10619
30285837	-1	10619	291946304	-1	10619
30285837	-1	10619	451902623	-1	10619
30285837	-1	10619	306488060	-1	10619
30285837	-1	10619	378877745	-1	10619
30285837	-1	10619	379196909	-1	10619
30285837	-1	10619	422820472	-1	10619
30285837	-1	10619	44741323	-1	10619
30285837	-1	10619	59279676	-1	10619
30285837	-1	10619	73821167	-1	10619
30285837	-1	10619	88364825	-1	10619
30285837	-1	10619	102904226	-1	10619
30285837	-1	10619	102906306	-1	10619
30285837	-1	10619	146530362	-1	10619
30285837	-1	10619	146531325	-1	10619
30285837	-1	10619	161072217	-1	10619
30285837	-1	10619	161073944	-1	10619
30285837	-1	10619	175613108	-1	10619
30285837	-1	10619	204698484	-1	10619
30285837	-1	10619	219239790	-1	10619
30285837	-1	10619	219240195	-1	10619
30285837	-1	10619	277406598	-1	10619
30285837	-1	10619	291945736	-1	10619
30285837	-1	10619	291946833	-1	10619
30285837	-1	10619	335569874	-1	10619
30285837	-1	10619	364653889	-1	10619
30285837	-1	10619	364654645	-1	10619
30285837	-1	10619	422821885	-1	10619
30285837	-1	10619	422822150	-1	10619
30285837	-1	10619	451905303	-1	10619
30285837	-1	10619	44740577	-1	10619
30285837	-1	10619	117448143	-1	10619
30285837	-1	10619	131989089	-1	10619
30285837	-1	10619	131990629	-1	10619
30285837	-1	10619	204697182	-1	10619
30285837	-1	10619	219239597	-1	10619
30285837	-1	10619	321027913	-1	10619
30285837	-1	10619	364655301	-1	10619
30285837	-1	10619	44739296	-1	10619
30285837	-1	10619	73822052	-1	10619
30285837	-1	10619	88363699	-1	10619
30285837	-1	10619	291995056	-1	10619
30285837	-1	10619	306488212	-1	10619
30285837	-1	10619	321029879	-1	10619
30285837	-1	10619	364653856	-1	10619
30285837	-1	10619	379196957	-1	10619
30285837	-1	10619	393738252	-1	10619
30285837	-1	10619	393738654	-1	10619
30285837	-1	10619	408277356	-1	10619
30285837	-1	10619	408277424	-1	10619
30285837	-1	10619	408280419	-1	10619
30285837	-1	10619	451905400	-1	10619
30285837	-1	10619	88365307	-1	10619
30285837	-1	10619	161070909	-1	10619
30285837	-1	10619	161072260	-1	10619
30285837	-1	10619	175612104	-1	10619
30285837	-1	10619	321029356	-1	10619
30285837	-1	10619	437360393	-1	10619
30285837	-1	10619	1115386	-1	10619
30285837	-1	10619	131989932	-1	10619
30285837	-1	10619	233779679	-1	10619
30285837	-1	10619	350113035	-1	10619
30285837	-1	10619	393737341	-1	10619
30285837	-1	10619	451902995	-1	10619
30285837	-1	10619	451904201	-1	10619
30285837	-1	10619	306487228	-1	10619
30285837	-1	10619	102906957	-1	10619
30285837	-1	10619	146529126	-1	10619
30285837	-1	10619	204698461	-1	10619
30285837	-1	10619	262864278	-1	10619
30285837	-1	10619	88365555	-1	10619
30285837	-1	10619	117447884	-1	10619
30285837	-1	10619	146532341	-1	10619
30285837	-1	10619	277404988	-1	10619
30285837	-1	10619	451904053	-1	10619
30285837	-1	10619	1116383	-1	10619
30285837	-1	10619	335319919	-1	10619
30285837	-1	10619	393736899	-1	10619
30285837	-1	10619	451905255	-1	10619
30285837	-1	10619	219219994	-1	10619
30285837	-1	10619	350114511	-1	10619
30285837	-1	10619	146531838	-1	10619
30285837	-1	10619	277455112	-1	10619
30285837	-1	10619	248321476	-1	10619
30285837	-1	10619	364704450	-1	10619
30285837	-1	10619	262623425	-1	10619
30285837	-1	10619	291946683	-1	10619
30285837	-1	10619	15654850	-1	10619
30285837	-1	10619	233779749	-1	10619
30285837	-1	10619	204695409	-1	10619
30285837	-1	10619	117448654	-1	10619
30285837	-1	10619	204697135	-1	10619
30285837	-1	10619	364654826	-1	10619
30285837	-1	10619	364696364	-1	10619
30285837	-1	10619	161073752	-1	10619
30285837	-1	10619	161071872	-1	10619
30285837	-1	10619	59280991	-1	10619
30285837	-1	10619	73822204	-1	10619
30285837	-1	10619	30197306	-1	10622
30285837	-1	10619	233781879	-1	10622
30285837	-1	10619	44740501	-1	10622
30285837	-1	10619	131990109	-1	10622
30285837	-1	10619	379196256	-1	10622
30285837	-1	10619	350112205	-1	10622
30285837	-1	10619	291946787	-1	10622
30285837	-1	10619	219236986	-1	10622
30285837	-1	10619	335331274	-1	10622
30285837	-1	10619	73823894	-1	10622
30285837	-1	10619	422821013	-1	10622
30285837	-1	10619	262677248	-1	10622
30285837	-1	10619	379195687	-1	10622
30285837	-1	10619	262862123	-1	10622
30285837	-1	10619	161073023	-1	10622
30285837	-1	10619	129803604	-1	10622
30285837	-1	10619	320766553	-1	10625
30285837	-1	10619	393685024	-1	10625
30285837	-1	10619	422580840	-1	10625
30285837	-1	10619	306248245	-1	10625
30285837	-1	10619	233838111	-1	10625
30285837	-1	10619	291946729	-1	10625
30285837	-1	10619	335570349	-1	10625
30285837	-1	10619	364653221	-1	10625
30285837	-1	10619	277406141	-1	10625
30285837	-1	10619	437363692	-1	10625
30285837	-1	10619	393735862	-1	10625
30285837	-1	10619	262862281	-1	10625
30285837	-1	10619	291828580	-1	10625
30285837	-1	10619	1001427	-1	10625
30285837	-1	10619	59279588	-1	10625
30285837	-1	10619	204697649	-1	10625
30285837	-1	10619	161072779	-1	10628
30285837	-1	10619	340921518	-1	10634
30285837	-1	10619	335571673	-1	10637
30285837	-1	10619	1116226	-1	10637
30285837	-1	10619	451902103	-1	10637
30285837	-1	10619	161072475	-1	10637
30285837	-1	10619	30196875	-1	10640
30285837	-1	10619	117445905	-1	10640
30285837	-1	10619	117445713	-1	10640
30285837	-1	10619	422818946	-1	10640
30285837	-1	10619	190153949	-1	10640
30285837	-1	10619	277405804	-1	10640
30285837	-1	10619	204695171	-1	10640
30285837	-1	10619	437362973	-1	10640
30285837	-1	10619	248322531	-1	10640
30285837	-1	10619	30197905	-1	10640
30285837	-1	10619	117243021	-1	10643
30285837	-1	10619	306486647	-1	10643
30285837	-1	10619	219237106	-1	10643
30285837	-1	10619	320913498	-1	10643
30285837	-1	10619	102905672	-1	10646
30285837	-1	10619	233781471	-1	10649
30285837	-1	10619	335572316	-1	10649
30285837	-1	10619	15655452	-1	10649
30285837	-1	10619	30199090	-1	10649
30285837	-1	10619	451905428	-1	10649
30285837	-1	10619	73824272	-1	10649
30285837	-1	10619	379197438	-1	10655
30285837	-1	10619	262862748	-1	10661
30285837	-1	10619	1115602	-1	10661
30285837	-1	10619	262861937	-1	10661
30285837	-1	10619	30196211	-1	10661
30285837	-1	10619	422821563	-1	10661
30285837	-1	10619	44597214	-1	10661
30285837	-1	10619	204492615	-1	10661
30285837	-1	10619	350111625	-1	10664
30285837	-1	10619	59281344	-1	10667
30285837	-1	10619	437362331	-1	10667
30285837	-1	10619	190156425	-1	10667
30285837	-1	10619	248320144	-1	10667
30285837	-1	10619	277404327	-1	10667
30285837	-1	10619	1113117	-1	10667
30285837	-1	10619	262863711	-1	10667
30285837	-1	10619	161072078	-1	10667
30285837	-1	10619	437360892	-1	10667
30285837	-1	10619	379195745	-1	10670
30285837	-1	10619	59280022	-1	10673
30285837	-1	10619	291946781	-1	10679
30285837	-1	10619	161072575	-1	10679
30285837	-1	10619	30198145	-1	10685
30285837	-1	10619	248320046	-1	10685
30285837	-1	10619	408279545	-1	10685
30285837	-1	10619	146529278	-1	10685
30285837	-1	10619	262864521	-1	10685
30285837	-1	10619	277405001	-1	10685
30285837	-1	10619	73824128	-1	10685
30285837	-1	10619	117445704	-1	10685
30285837	-1	10619	44740997	-1	10685
30285837	-1	10619	451902167	-1	10688
30285837	-1	10619	422819778	-1	10688
30285837	-1	10619	364653258	-1	10694
30285837	-1	10619	422819179	-1	10694
30285837	-1	10619	364655909	-1	10694
30285837	-1	10619	146531485	-1	10694
30285837	-1	10619	321030432	-1	10706
30285837	-1	10619	335569704	-1	10706
30285837	-1	10619	190157113	-1	10709
30285837	-1	10619	233779101	-1	10709
30285837	-1	10619	15655742	-1	10709
30285837	-1	10619	408278627	-1	10709
30285837	-1	10619	364655621	-1	10712
30285837	-1	10619	190157100	-1	10712
30285837	-1	10619	233540651	-1	10715
30285837	-1	10619	175614846	-1	10715
30285837	-1	10619	379196451	-1	10715
30285837	-1	10619	422820868	-1	10718
30285837	-1	10619	175614550	-1	10721
30285837	-1	10619	233827686	-1	10727
30285837	-1	10619	262863958	-1	10727
30285837	-1	10619	306487592	-1	10739
30285837	-1	10619	321031093	-1	10739
30285837	-1	10619	408279428	-1	10751
30285837	-1	10619	190154797	-1	10751
30285837	-1	10619	15655610	-1	10751
30285837	-1	10619	306489518	-1	10754
30285837	-1	10619	102904208	-1	10754
30285837	-1	10619	393737219	-1	10754
30285837	-1	10619	117445969	-1	10754
30285837	-1	10619	59282694	-1	10754
30285837	-1	10619	204696852	-1	10754
30285837	-1	10619	277406617	-1	10754
30285837	-1	10619	15655516	-1	10754
30285837	-1	10619	321028249	-1	10754
30285837	-1	10619	364653641	-1	10754
30285837	-1	10619	59330884	-1	10754
30285837	-1	10619	291946318	-1	10754
30285837	-1	10619	291946995	-1	10754
30285837	-1	10619	306487718	-1	10754
30285837	-1	10619	422820057	-1	10754
30285837	-1	10619	30198880	-1	10754
30285837	-1	10619	59281938	-1	10754
30285837	-1	10619	321028503	-1	10754
30285837	-1	10619	204698154	-1	10754
30285837	-1	10619	248321412	-1	10754
30285837	-1	10619	262863310	-1	10754
30285837	-1	10619	422819734	-1	10754
30285837	-1	10619	321030904	-1	10754
30285837	-1	10619	59282832	-1	10754
30285837	-1	10619	1114688	-1	10754
30285837	-1	10619	219237539	-1	10754
30285837	-1	10619	73821513	-1	10754
30285837	-1	10619	59280303	-1	10757
30285837	-1	10619	146530015	-1	10757
30285837	-1	10619	1114404	-1	10757
30285837	-1	10619	321028467	-1	10760
30285837	-1	10619	364652837	-1	10760
30285837	-1	10619	350112154	-1	10760
30285837	-1	10619	1113202	-1	10760
30285837	-1	10619	219237740	-1	10760
30285837	-1	10619	364655683	-1	10766
30285837	-1	10619	161073164	-1	10766
30285837	-1	10619	393738436	-1	10781
30285837	-1	10619	248320291	-1	10916
30285837	-1	10619	131988262	-1	10916
30285837	-1	10619	451762335	-1	10916
30285837	-1	10619	287743000	-1	10916
30285837	-1	10619	102907584	-1	10916
30285837	-1	10619	253851611	-1	10916
30285837	-1	10619	11198846	-1	10916
30285837	-1	10619	88222068	-1	10916
30285837	-1	10619	356932275	-1	10916
30285837	-1	10619	146344696	-1	10916
30285837	-1	10619	248133671	-1	10916
30285837	-1	10619	1115321	-1	10916
30285837	-1	10619	408285896	-1	10916
30285837	-1	10619	233827556	-1	10916
30285837	-1	10619	335571209	-1	10916
30285837	-1	10619	161084133	-1	10916
30285837	-1	10619	422829829	-1	10916
30285837	-1	10619	464776770	-1	10916
30285837	-1	10619	451951731	-1	10916
30285837	-1	10619	297476348	-1	10916
30285837	-1	10619	393737089	-1	10916
30285837	-1	10619	248320405	-1	10916
30285837	-1	10619	393743306	-1	10916
30285837	-1	10619	204669342	-1	10916
30285837	-1	10619	349799188	-1	10916
30285837	-1	10619	219096963	-1	10919
30285837	-1	10619	422974912	-1	10919
408323942	-1	12131	451946788	-1	12119
408323942	-1	12131	145057862	-1	12125
408323942	-1	12131	335242901	-1	12125
408323942	-1	12131	408323942	-1	12131
408323942	-1	12131	388918452	-1	12134
408323942	-1	12131	131787947	-1	12155
408323942	-1	12131	291838803	-1	12188
408323942	-1	12131	190021943	-1	12191
408323942	-1	12131	59245117	-1	12191
408323942	-1	12131	451868491	-1	12191
408323942	-1	12131	233451958	-1	12254
391650812	-1	16169	391650812	-1	16169
391650812	-1	16169	57139526	-1	16169
391650812	-1	16169	301576561	-1	16169
391650812	-1	16169	160473701	-1	16169
391650812	-1	16169	230312778	-1	16169
391650812	-1	16169	378354847	-1	16169
391650812	-1	16169	262469357	-1	16169
391650812	-1	16169	422310890	-1	16169
391650812	-1	16169	73920739	-1	16169
391650812	-1	16169	103004081	-1	16169
391650812	-1	16169	103004395	-1	16169
391650812	-1	16169	161170339	-1	16169
391650812	-1	16169	349783853	-1	16169
391650812	-1	16169	378867349	-1	16169
391650812	-1	16169	393835447	-1	16169
391650812	-1	16169	204336144	-1	16169
391650812	-1	16169	161170233	-1	16169
391650812	-1	16169	233878324	-1	16169
391650812	-1	16169	276677665	-1	16169
391650812	-1	16169	306144789	-1	16169
391650812	-1	16169	393835834	-1	16169
391650812	-1	16169	29869147	-1	16169
391650812	-1	16169	393835740	-1	16169
391650812	-1	16169	38017401	-1	16169
391650812	-1	16169	306586653	-1	16169
391650812	-1	16169	613230	-1	16169
391650812	-1	16169	68313418	-1	16169
391650812	-1	16169	72952662	-1	16169
391650812	-1	16169	189477065	-1	16169
391650812	-1	16169	214534035	-1	16169
391650812	-1	16169	275892364	-1	16169
391650812	-1	16169	363851692	-1	16169
391650812	-1	16169	407551167	-1	16169
391650812	-1	16169	84530030	-1	16169
391650812	-1	16169	247660140	-1	16169
391650812	-1	16169	257781383	-1	16169
391650812	-1	16169	416060452	-1	16169
391650812	-1	16169	283356773	-1	16169
391650812	-1	16169	436470505	-1	16169
391650812	-1	16169	112441035	-1	16169
391650812	-1	16169	116770244	-1	16169
391650812	-1	16169	436051336	-1	16169
391650812	-1	16169	451445978	-1	16169
391650812	-1	16169	73479621	-1	16169
391650812	-1	16169	82145238	-1	16169
391650812	-1	16169	175270666	-1	16169
391650812	-1	16169	305930434	-1	16169
391650812	-1	16169	116690867	-1	16169
391650812	-1	16169	370354440	-1	16169
391650812	-1	16169	117085459	-1	16169
391650812	-1	16169	276803390	-1	16169
391650812	-1	16169	393380609	-1	16169
391650812	-1	16169	102211118	-1	16169
391650812	-1	16169	262175589	-1	16169
391650812	-1	16169	291121672	-1	16169
391650812	-1	16169	146025315	-1	16169
391650812	-1	16169	146042549	-1	16169
391650812	-1	16169	407480346	-1	16169
391650812	-1	16169	379376633	-1	16169
391650812	-1	16169	145660679	-1	16169
391650812	-1	16169	362382482	-1	16169
391650812	-1	16169	451575052	-1	16169
391650812	-1	16169	291601699	-1	16169
391650812	-1	16169	335669239	-1	16169
391650812	-1	16169	403616787	-1	16169
391650812	-1	16169	364428234	-1	16169
391650812	-1	16169	145972856	-1	16169
391650812	-1	16169	437543565	-1	16169
391650812	-1	16169	349708029	-1	16169
391650812	-1	16169	146069873	-1	16169
391650812	-1	16169	270371824	-1	16169
391650812	-1	16169	291332362	-1	16169
391650812	-1	16169	451194386	-1	16169
391650812	-1	16169	73167987	-1	16169
391650812	-1	16169	218383584	-1	16169
391650812	-1	16169	276824222	-1	16169
391650812	-1	16169	203966184	-1	16169
391650812	-1	16169	364049670	-1	16169
391650812	-1	16169	407844335	-1	16169
391650812	-1	16169	233033128	-1	16169
391650812	-1	16169	276851491	-1	16169
391650812	-1	16169	116624233	-1	16169
391650812	-1	16169	413453925	-1	16169
391650812	-1	16169	407585147	-1	16169
391650812	-1	16169	58621586	-1	16169
391650812	-1	16169	407957778	-1	16169
391650812	-1	16169	117413651	-1	16172
391650812	-1	16169	451869999	-1	16172
391650812	-1	16169	430443642	-1	16172
391650812	-1	16169	96411637	-1	16172
391650812	-1	16169	29400140	-1	16172
391650812	-1	16169	400960745	-1	16172
391650812	-1	16169	330936163	-1	16172
391650812	-1	16169	247698582	-1	16172
391650812	-1	16169	214044593	-1	16172
391650812	-1	16169	51353661	-1	16172
391650812	-1	16169	44447300	-1	16172
391650812	-1	16169	262685527	-1	16172
391650812	-1	16169	393556926	-1	16172
391650812	-1	16169	820082	-1	16172
391650812	-1	16169	378903291	-1	16172
391650812	-1	16169	305658652	-1	16172
391650812	-1	16169	334694323	-1	16172
391650812	-1	16169	131082726	-1	16172
391650812	-1	16169	306048265	-1	16172
391650812	-1	16169	29868534	-1	16172
391650812	-1	16169	87681829	-1	16172
391650812	-1	16169	436769733	-1	16172
391650812	-1	16169	436558224	-1	16172
391650812	-1	16169	58576389	-1	16172
391650812	-1	16169	218331057	-1	16172
391650812	-1	16169	320118937	-1	16172
391650812	-1	16169	44364242	-1	16172
391650812	-1	16169	73339029	-1	16172
391650812	-1	16169	407670644	-1	16172
391650812	-1	16169	131245773	-1	16172
391650812	-1	16169	29776453	-1	16172
391650812	-1	16169	254900121	-1	16172
391650812	-1	16169	430921338	-1	16172
391650812	-1	16169	29551615	-1	16172
391650812	-1	16169	436912441	-1	16172
391650812	-1	16169	436854187	-1	16172
391650812	-1	16169	247683266	-1	16172
391650812	-1	16169	28901769	-1	16172
391650812	-1	16169	440521747	-1	16172
391650812	-1	16169	196048959	-1	16172
391650812	-1	16169	364114483	-1	16172
391650812	-1	16169	204154750	-1	16172
391650812	-1	16169	202802534	-1	16172
391650812	-1	16169	305871205	-1	16172
391650812	-1	16169	391067788	-1	16172
391650812	-1	16169	12935278	-1	16172
391650812	-1	16169	40688919	-1	16172
391650812	-1	16169	65271731	-1	16172
391650812	-1	16169	256598776	-1	16172
391650812	-1	16169	297784725	-1	16172
391650812	-1	16169	345985433	-1	16172
391650812	-1	16169	171449091	-1	16172
391650812	-1	16169	704314	-1	16172
391650812	-1	16169	247684532	-1	16172
391650812	-1	16169	276844479	-1	16172
391650812	-1	16169	501168	-1	16172
391650812	-1	16169	451248408	-1	16172
391650812	-1	16169	29702306	-1	16172
391650812	-1	16169	189270224	-1	16172
391650812	-1	16169	15276591	-1	16172
391650812	-1	16169	314888522	-1	16172
391650812	-1	16169	407412540	-1	16172
391650812	-1	16169	422242881	-1	16172
391650812	-1	16169	422395823	-1	16172
391650812	-1	16169	291412016	-1	16172
391650812	-1	16169	451262557	-1	16172
391650812	-1	16169	320266945	-1	16172
391650812	-1	16169	72921382	-1	16172
391650812	-1	16169	363969132	-1	16172
391650812	-1	16169	58383190	-1	16172
391650812	-1	16169	87681747	-1	16172
391650812	-1	16169	276733588	-1	16172
391650812	-1	16169	451218298	-1	16172
391650812	-1	16169	189471315	-1	16172
391650812	-1	16169	145712688	-1	16172
391650812	-1	16169	29513841	-1	16172
391650812	-1	16169	189471204	-1	16172
391650812	-1	16169	407597886	-1	16172
391650812	-1	16169	451328049	-1	16172
391650812	-1	16169	378711609	-1	16178
391650812	-1	16169	234171	-1	16403
391650812	-1	16169	335402870	-1	16403
391650812	-1	16169	29779517	-1	16403
391650812	-1	16169	15229754	-1	16403
391650812	-1	16169	189307308	-1	16403
391650812	-1	16169	189689966	-1	16403
391650812	-1	16169	29822532	-1	16412
391650812	-1	16169	204660705	-1	16530
391650812	-1	16169	321128310	-1	16530
391650812	-1	16169	272315848	-1	16569
391650812	-1	16169	898178	-1	16569
391650812	-1	16169	363988550	-1	16569
391650812	-1	16169	334812940	-1	16569
391650812	-1	16169	73229281	-1	16569
391650812	-1	16169	58475746	-1	16569
391650812	-1	16169	58505298	-1	16569
391650812	-1	16169	174839058	-1	16569
391650812	-1	16169	174811837	-1	16569
391650812	-1	16169	978094	-1	16569
391650812	-1	16169	59144215	-1	16569
391650812	-1	16169	335344175	-1	16569
391650812	-1	16169	190019102	-1	16569
391650812	-1	16169	408143015	-1	16569
391650812	-1	16169	73733851	-1	16569
391650812	-1	16169	262208791	-1	16569
391650812	-1	16169	350022308	-1	16569
391650812	-1	16169	305619035	-1	16569
391650812	-1	16169	117110913	-1	16569
391650812	-1	16169	334879219	-1	16569
391650812	-1	16169	1213590	-1	16569
391650812	-1	16169	58586510	-1	16569
391650812	-1	16169	218852919	-1	16569
391650812	-1	16169	174832030	-1	16569
391650812	-1	16169	364033396	-1	16569
391650812	-1	16169	378801699	-1	16569
391650812	-1	16169	393116632	-1	16569
391650812	-1	16169	233160664	-1	16569
391650812	-1	16169	233193979	-1	16569
391650812	-1	16169	43839754	-1	16569
391650812	-1	16169	131546731	-1	16569
391650812	-1	16169	305998288	-1	16572
430631677	-1	25871	430631677	-1	25871
430631677	-1	25871	349897242	-1	25871
430631677	-1	25871	15565493	-1	25871
430631677	-1	25871	418838982	-1	25871
430631677	-1	25871	25203139	-1	25871
430631677	-1	25871	227049310	-1	25871
430631677	-1	25871	117356095	-1	25871
430631677	-1	25871	392596146	-1	25871
430631677	-1	25871	126759928	-1	25874
430631677	-1	25871	26717651	-1	25874
430631677	-1	25871	155065709	-1	25874
430631677	-1	25871	349989340	-1	25874
430631677	-1	25871	321170211	-1	25874
430631677	-1	25871	452045665	-1	25874
430631677	-1	25871	30341362	-1	25874
430631677	-1	25871	102594641	-1	25874
430631677	-1	25871	117316555	-1	25874
430631677	-1	25871	291637771	-1	25874
430631677	-1	25871	15567012	-1	25874
430631677	-1	25871	320938529	-1	25874
430631677	-1	25871	342165101	-1	25874
430631677	-1	25871	329501171	-1	25874
430631677	-1	25871	248230476	-1	25874
430631677	-1	25871	350177672	-1	25874
430631677	-1	25871	44645561	-1	25880
430631677	-1	25871	299339691	-1	25880
430631677	-1	25871	8065442	-1	25880
430631677	-1	25871	59179379	-1	25880
430631677	-1	25871	269234970	-1	25880
430631677	-1	25871	331947673	-1	25880
430631677	-1	25871	12430922	-1	25880
430631677	-1	25871	233813356	-1	25880
430631677	-1	25871	428586619	-1	25880
430631677	-1	25871	335708311	-1	25880
430631677	-1	25871	73659989	-1	25880
430631677	-1	25871	330537815	-1	25880
430631677	-1	25871	59324228	-1	25880
430631677	-1	25871	262904786	-1	25880
430631677	-1	25871	132049571	-1	25880
430631677	-1	25871	306549780	-1	25880
430631677	-1	25871	379256304	-1	25880
430631677	-1	25871	388627927	-1	25880
430631677	-1	25871	99425765	-1	25880
430631677	-1	25871	187550826	-1	25880
430631677	-1	25871	321220307	-1	25880
430631677	-1	25871	129656262	-1	25880
430631677	-1	25871	277105194	-1	25880
430631677	-1	25871	42125501	-1	25880
430631677	-1	25871	451607066	-1	25880
430631677	-1	25871	24776587	-1	25880
430631677	-1	25871	408172241	-1	25880
430631677	-1	25871	189954961	-1	25880
430631677	-1	25871	219299037	-1	25880
430631677	-1	25871	233577052	-1	25880
430631677	-1	25871	242954688	-1	25880
430631677	-1	25871	262737054	-1	25880
430631677	-1	25871	115939355	-1	25880
430631677	-1	25871	175592282	-1	25880
430631677	-1	25871	273559707	-1	25880
430631677	-1	25871	289981632	-1	25880
430631677	-1	25871	343850415	-1	25880
430631677	-1	25871	458696328	-1	25880
430631677	-1	25871	168550582	-1	25880
430631677	-1	25871	416788592	-1	25880
430631677	-1	25871	406732987	-1	25880
430631677	-1	25871	437532058	-1	25880
430631677	-1	25871	188265979	-1	25880
430631677	-1	25871	167996750	-1	25880
430631677	-1	25871	161028240	-1	25880
430631677	-1	25871	59178208	-1	25880
430631677	-1	25871	139539625	-1	25880
430631677	-1	25871	24819509	-1	25880
430631677	-1	25871	218990257	-1	25880
430631677	-1	25871	306670630	-1	25880
430631677	-1	25871	30239716	-1	25880
430631677	-1	25871	277542610	-1	25880
430631677	-1	25871	930464	-1	25880
430631677	-1	25871	59157694	-1	25880
430631677	-1	25871	117502666	-1	25880
430631677	-1	25871	331056751	-1	25880
430631677	-1	25871	182096991	-1	25880
430631677	-1	25871	212146476	-1	25880
430631677	-1	25871	408203008	-1	25880
430631677	-1	25871	306386485	-1	25880
430631677	-1	25871	44508860	-1	25880
430631677	-1	25871	144600847	-1	25880
430631677	-1	25871	359393589	-1	25880
430631677	-1	25871	415082238	-1	25880
430631677	-1	25871	59190294	-1	25880
430631677	-1	25871	277313915	-1	25880
430631677	-1	25871	457749216	-1	25880
430631677	-1	25871	88311079	-1	25880
430631677	-1	25871	300135968	-1	25880
430631677	-1	25871	349953182	-1	25880
430631677	-1	25871	225416019	-1	25880
430631677	-1	25871	350218889	-1	25880
430631677	-1	25871	70091670	-1	25880
430631677	-1	25871	329248615	-1	25880
430631677	-1	25871	444811420	-1	25880
430631677	-1	25871	227916883	-1	25880
430631677	-1	25871	67567820	-1	25880
430631677	-1	25871	88256197	-1	25880
430631677	-1	25871	248109485	-1	25880
430631677	-1	25871	10212028	-1	25880
430631677	-1	25871	108839088	-1	25880
430631677	-1	25871	221017125	-1	25880
430631677	-1	25871	73832318	-1	25880
430631677	-1	25871	30497838	-1	25880
430631677	-1	25871	97331945	-1	25880
430631677	-1	25871	117709045	-1	25880
430631677	-1	25871	124813845	-1	25880
430631677	-1	25871	435890534	-1	25880
430631677	-1	25871	161381816	-1	25880
430631677	-1	25871	255161328	-1	25880
430631677	-1	25871	344481258	-1	25880
430631677	-1	25871	379389281	-1	25880
430631677	-1	25871	448590687	-1	25880
430631677	-1	25871	1375086	-1	25880
430631677	-1	25871	17110033	-1	25880
430631677	-1	25871	193631934	-1	25880
430631677	-1	25871	191863361	-1	25880
430631677	-1	25871	201138843	-1	25880
430631677	-1	25871	374735493	-1	25880
430631677	-1	25871	64260367	-1	25880
430631677	-1	25871	127699256	-1	25880
430631677	-1	25871	347694339	-1	25880
430631677	-1	25871	389986957	-1	25880
430631677	-1	25871	413320458	-1	25880
430631677	-1	25871	52506613	-1	25880
430631677	-1	25871	242994361	-1	25880
430631677	-1	25871	268702255	-1	25880
430631677	-1	25871	284003571	-1	25880
430631677	-1	25871	318653711	-1	25880
430631677	-1	25871	376322443	-1	25880
430631677	-1	25871	381650851	-1	25880
430631677	-1	25871	404115077	-1	25880
430631677	-1	25871	405746353	-1	25880
430631677	-1	25871	67758769	-1	25880
430631677	-1	25871	235656121	-1	25880
430631677	-1	25871	251496700	-1	25880
430631677	-1	25871	273309479	-1	25880
430631677	-1	25871	367234336	-1	25880
430631677	-1	25871	440523036	-1	25880
430631677	-1	25871	27978059	-1	25880
430631677	-1	25871	66084822	-1	25880
430631677	-1	25871	66560500	-1	25880
430631677	-1	25871	66588924	-1	25880
430631677	-1	25871	80577916	-1	25880
430631677	-1	25871	80854272	-1	25880
430631677	-1	25871	86965067	-1	25880
430631677	-1	25871	111353382	-1	25880
430631677	-1	25871	126430010	-1	25880
430631677	-1	25871	309465189	-1	25880
430631677	-1	25871	310486383	-1	25880
430631677	-1	25871	337274553	-1	25880
430631677	-1	25871	351782565	-1	25880
430631677	-1	25871	364967920	-1	25880
430631677	-1	25871	402625021	-1	25880
430631677	-1	25871	100072652	-1	25880
430631677	-1	25871	216707800	-1	25880
430631677	-1	25871	236525834	-1	25880
430631677	-1	25871	272362210	-1	25880
430631677	-1	25871	434184297	-1	25880
430631677	-1	25871	449314174	-1	25880
430631677	-1	25871	40198690	-1	25880
430631677	-1	25871	56897101	-1	25880
430631677	-1	25871	96620532	-1	25880
430631677	-1	25871	169542599	-1	25880
430631677	-1	25871	215093984	-1	25880
430631677	-1	25871	221959462	-1	25880
430631677	-1	25871	258730612	-1	25880
430631677	-1	25871	285414769	-1	25880
430631677	-1	25871	305052643	-1	25880
430631677	-1	25871	397147878	-1	25880
430631677	-1	25871	411703070	-1	25880
430631677	-1	25871	76495077	-1	25880
430631677	-1	25871	156626497	-1	25880
430631677	-1	25871	225571872	-1	25880
430631677	-1	25871	244972185	-1	25880
430631677	-1	25871	391042252	-1	25880
430631677	-1	25871	405014569	-1	25880
430631677	-1	25871	95530784	-1	25880
430631677	-1	25871	100557709	-1	25880
430631677	-1	25871	300336204	-1	25880
430631677	-1	25871	304253647	-1	25880
430631677	-1	25871	312635427	-1	25880
430631677	-1	25871	258403316	-1	25880
430631677	-1	25871	253862666	-1	25880
430631677	-1	25871	301624924	-1	25880
430631677	-1	25871	263165666	-1	25880
430631677	-1	25871	393631091	-1	25880
430631677	-1	25871	190081064	-1	25883
430631677	-1	25871	444788907	-1	25889
430631677	-1	25871	21364280	-1	25889
430631677	-1	25871	30023061	-1	25889
430631677	-1	25871	115541584	-1	25889
430631677	-1	25871	371849273	-1	25889
430631677	-1	25871	419896026	-1	25889
430631677	-1	25871	421482020	-1	25889
430631677	-1	25871	443147828	-1	25889
430631677	-1	25871	69344229	-1	25889
430631677	-1	25871	271561663	-1	25889
430631677	-1	25871	282896967	-1	25889
430631677	-1	25871	413655842	-1	25889
430631677	-1	25871	177390970	-1	25889
430631677	-1	25871	7167014	-1	25889
430631677	-1	25871	418717528	-1	25889
430631677	-1	25871	326578021	-1	25889
430631677	-1	25871	50309342	-1	25889
430631677	-1	25871	224861782	-1	25889
430631677	-1	25871	428166321	-1	25889
430631677	-1	25871	50241138	-1	25889
430631677	-1	25871	151933451	-1	25889
430631677	-1	25871	413599932	-1	25889
430631677	-1	25871	253709842	-1	25889
430631677	-1	25871	35840845	-1	25889
430631677	-1	25871	32067019	-1	25889
430631677	-1	25871	199718062	-1	25889
430631677	-1	25871	306750994	-1	25889
430631677	-1	25871	331763294	-1	25889
430631677	-1	25871	126085569	-1	25889
430631677	-1	25871	174452661	-1	25889
430631677	-1	25871	272487004	-1	25889
430631677	-1	25871	332345529	-1	25892
430631677	-1	25871	335226308	-1	25892
430631677	-1	25871	362950430	-1	25892
430631677	-1	25871	417460332	-1	25892
430631677	-1	25871	422936195	-1	25892
430631677	-1	25871	212859966	-1	25895
430631677	-1	25871	15524711	-1	25895
430631677	-1	25871	131859013	-1	25895
430631677	-1	25871	371134180	-1	25895
430631677	-1	25871	113911745	-1	25895
430631677	-1	25871	172626867	-1	25895
430631677	-1	25871	306399037	-1	25895
430631677	-1	25871	431686142	-1	25895
430631677	-1	25871	30108426	-1	25895
430631677	-1	25871	451802047	-1	25895
430631677	-1	25871	104684959	-1	25895
430631677	-1	25871	236746525	-1	25895
430631677	-1	25871	396879666	-1	25895
430631677	-1	25871	7262578	-1	25895
430631677	-1	25871	80084247	-1	25895
430631677	-1	25871	332717857	-1	25895
430631677	-1	25871	425220773	-1	25895
430631677	-1	25871	385515320	-1	25895
430631677	-1	25871	387916310	-1	25895
430631677	-1	25871	22142555	-1	25895
430631677	-1	25871	46251819	-1	25895
430631677	-1	25871	68780108	-1	25895
430631677	-1	25871	70644343	-1	25895
430631677	-1	25871	72119079	-1	25895
430631677	-1	25871	100832997	-1	25895
430631677	-1	25871	101144390	-1	25895
430631677	-1	25871	118976251	-1	25895
430631677	-1	25871	123918014	-1	25895
430631677	-1	25871	143800496	-1	25895
430631677	-1	25871	153544711	-1	25895
430631677	-1	25871	213053195	-1	25895
430631677	-1	25871	227209837	-1	25895
430631677	-1	25871	362068873	-1	25895
430631677	-1	25871	403414874	-1	25895
430631677	-1	25871	445672229	-1	25895
430631677	-1	25871	463723711	-1	25895
430631677	-1	25871	41318787	-1	25895
430631677	-1	25871	126226596	-1	25895
430631677	-1	25871	237071878	-1	25895
430631677	-1	25871	335693774	-1	25901
430631677	-1	25871	261428855	-1	25904
430631677	-1	25871	228751007	-1	25904
430631677	-1	25871	422541281	-1	25907
430631677	-1	25871	103016485	-1	25907
430631677	-1	25871	204806920	-1	25907
430631677	-1	25871	277514808	-1	25907
430631677	-1	25871	364765194	-1	25907
430631677	-1	25871	199732616	-1	25907
430631677	-1	25871	39087924	-1	25907
430631677	-1	25871	263013233	-1	25907
430631677	-1	25871	30070049	-1	25910
430631677	-1	25871	225433580	-1	25910
430631677	-1	25871	387129861	-1	25910
430631677	-1	25871	457004478	-1	25910
430631677	-1	25871	161088753	-1	25913
430631677	-1	25871	175702967	-1	25913
430631677	-1	25871	219313863	-1	25913
430631677	-1	25871	451699881	-1	25913
430631677	-1	25871	286640885	-1	25916
430631677	-1	25871	88373334	-1	25916
430631677	-1	25871	187979712	-1	25916
430631677	-1	25871	131998718	-1	25916
430631677	-1	25871	306391714	-1	25919
430631677	-1	25871	335481664	-1	25919
430631677	-1	25871	452028776	-1	25919
430631677	-1	25871	155048872	-1	25922
430631677	-1	25871	173267995	-1	25922
430631677	-1	25871	146267966	-1	25922
430631677	-1	25871	218975145	-1	25922
430631677	-1	25871	219250654	-1	25922
430631677	-1	25871	306601532	-1	25922
430631677	-1	25871	288612173	-1	25922
430631677	-1	25871	175876753	-1	25994
430631677	-1	25871	184830638	-1	26003
430631677	-1	25871	15416715	-1	26395
39077756	-1	31878	175648090	-1	31878
39077756	-1	31878	39077756	-1	31878
39077756	-1	31878	88411312	-1	31878
39077756	-1	31878	190283868	-1	31878
39077756	-1	31878	312687147	-1	31878
39077756	-1	31878	88018909	-1	31878
39077756	-1	31878	351126071	-1	31878
39077756	-1	31878	264795387	-1	31878
39077756	-1	31878	439291183	-1	31878
39077756	-1	31878	398118952	-1	31878
39077756	-1	31878	157449358	-1	31878
39077756	-1	31878	299169188	-1	31878
39077756	-1	31878	1255877	-1	31878
39077756	-1	31878	92672283	-1	31878
39077756	-1	31878	325698068	-1	31878
39077756	-1	31878	313746808	-1	31878
39077756	-1	31878	383504961	-1	31878
39077756	-1	31878	326535189	-1	31878
39077756	-1	31878	152781147	-1	31878
39077756	-1	31878	214876292	-1	31878
39077756	-1	31878	258377575	-1	31878
39077756	-1	31878	46826563	-1	31878
39077756	-1	31878	193198589	-1	31878
39077756	-1	31878	134775127	-1	31881
39077756	-1	31878	423877670	-1	31881
39077756	-1	31878	131771691	-1	31881
39077756	-1	31878	219301655	-1	31881
39077756	-1	31878	69670631	-1	31881
39077756	-1	31878	431419303	-1	31881
39077756	-1	31878	49400778	-1	31881
39077756	-1	31878	322227217	-1	31881
39077756	-1	31878	383863745	-1	31881
39077756	-1	31878	46736206	-1	31881
39077756	-1	31878	293951459	-1	31881
39077756	-1	31878	401119193	-1	31881
39077756	-1	31878	88509920	-1	31881
39077756	-1	31878	160862816	-1	31881
39077756	-1	31878	337683768	-1	31881
39077756	-1	31878	329667740	-1	31881
39077756	-1	31878	141289086	-1	31881
39077756	-1	31878	117334881	-1	31881
39077756	-1	31878	347438049	-1	31881
39077756	-1	31878	379256396	-1	31881
39077756	-1	31878	387152990	-1	31881
39077756	-1	31878	319343984	-1	31881
39077756	-1	31878	23390707	-1	31881
39077756	-1	31878	255591239	-1	31881
39077756	-1	31878	260759994	-1	31881
39077756	-1	31878	331005415	-1	31881
39077756	-1	31878	115042115	-1	31881
39077756	-1	31878	393878107	-1	31881
39077756	-1	31878	379158880	-1	31881
39077756	-1	31878	422787971	-1	31881
39077756	-1	31878	30014475	-1	31881
39077756	-1	31878	233867957	-1	31881
39077756	-1	31878	1134647	-1	31881
39077756	-1	31878	230695553	-1	31881
39077756	-1	31878	319141607	-1	31881
39077756	-1	31878	130797415	-1	31881
39077756	-1	31878	364384632	-1	31881
39077756	-1	31878	5432262	-1	31881
39077756	-1	31878	462725941	-1	31881
39077756	-1	31878	451694926	-1	31881
39077756	-1	31878	150935114	-1	31881
39077756	-1	31878	240240451	-1	31881
39077756	-1	31878	353410031	-1	31881
39077756	-1	31878	325621623	-1	31881
39077756	-1	31878	153963077	-1	31881
39077756	-1	31878	238186408	-1	31881
39077756	-1	31878	17259146	-1	31881
39077756	-1	31878	104514496	-1	31881
39077756	-1	31878	120013203	-1	31881
39077756	-1	31878	105179268	-1	31881
39077756	-1	31878	41043454	-1	31881
39077756	-1	31878	211509870	-1	31881
39077756	-1	31878	246591447	-1	31881
39077756	-1	31878	5239334	-1	31881
39077756	-1	31878	17342678	-1	31881
39077756	-1	31878	80523137	-1	31881
39077756	-1	31878	314417546	-1	31881
39077756	-1	31878	325341143	-1	31881
39077756	-1	31878	75888327	-1	31881
39077756	-1	31878	165481085	-1	31881
39077756	-1	31878	366622291	-1	31881
39077756	-1	31878	462871136	-1	31881
39077756	-1	31878	395563710	-1	31881
39077756	-1	31878	216369170	-1	31881
39077756	-1	31878	15576452	-1	31881
39077756	-1	31878	34858303	-1	31881
39077756	-1	31878	189066817	-1	31881
39077756	-1	31878	238368651	-1	31881
39077756	-1	31878	463432187	-1	31881
39077756	-1	31878	68571002	-1	31881
39077756	-1	31878	161039261	-1	31881
39077756	-1	31878	402563950	-1	31881
39077756	-1	31878	248246718	-1	31881
39077756	-1	31878	83149232	-1	31881
39077756	-1	31878	349867718	-1	31881
39077756	-1	31878	341701011	-1	31881
39077756	-1	31878	360916054	-1	31881
39077756	-1	31878	427125509	-1	31881
39077756	-1	31878	456211067	-1	31881
39077756	-1	31878	107225082	-1	31881
39077756	-1	31878	339881416	-1	31881
39077756	-1	31878	72539219	-1	31881
39077756	-1	31878	165376556	-1	31881
39077756	-1	31878	49921829	-1	31881
39077756	-1	31878	262966100	-1	31881
39077756	-1	31878	367746368	-1	31884
39077756	-1	31878	91455315	-1	31884
39077756	-1	31878	448612306	-1	31884
39077756	-1	31878	65144016	-1	31884
39077756	-1	31878	411374254	-1	31887
39077756	-1	31878	311324645	-1	31887
39077756	-1	31878	374164115	-1	31887
39077756	-1	31878	267023507	-1	31887
39077756	-1	31878	410370833	-1	31887
39077756	-1	31878	412583619	-1	31887
39077756	-1	31878	216472703	-1	31887
39077756	-1	31878	114839471	-1	31887
39077756	-1	31878	75228294	-1	31887
39077756	-1	31878	88150894	-1	31890
39077756	-1	31878	92769102	-1	31911
39077756	-1	31878	291835083	-1	31941
39077756	-1	31878	186238311	-1	32069
39077756	-1	31878	41403290	-1	32069
39077756	-1	31878	43435647	-1	32069
39077756	-1	31878	364394378	-1	32069
39077756	-1	31878	290235911	-1	32069
39077756	-1	31878	423100744	-1	32069
39077756	-1	31878	190435890	-1	32069
39077756	-1	31878	398861496	-1	32069
39077756	-1	31878	123118101	-1	32069
39077756	-1	31878	212157691	-1	32069
39077756	-1	31878	269564034	-1	32069
39077756	-1	31878	386581226	-1	32069
39077756	-1	31878	415206999	-1	32069
39077756	-1	31878	111091978	-1	32069
39077756	-1	31878	400741664	-1	32069
39077756	-1	31878	370178392	-1	32069
39077756	-1	31878	108549950	-1	32069
39077756	-1	31878	313900744	-1	32069
39077756	-1	31878	64693087	-1	32069
39077756	-1	31878	364574850	-1	32069
39077756	-1	31878	323398138	-1	32072
39077756	-1	31878	398407381	-1	32072
39077756	-1	31878	434926898	-1	32072
39077756	-1	31878	63871344	-1	32072
39077756	-1	31878	47327385	-1	32072
39077756	-1	31878	238367956	-1	32072
39077756	-1	31878	311086139	-1	32072
39077756	-1	31878	441483378	-1	32072
39077756	-1	31878	262678861	-1	32075
39077756	-1	31878	291692841	-1	32075
39077756	-1	31878	158103331	-1	32075
39077756	-1	31878	64684922	-1	32075
39077756	-1	31878	428324372	-1	32075
39077756	-1	31878	253929952	-1	32075
39077756	-1	31878	64811432	-1	32075
39077756	-1	31878	39961796	-1	32075
39077756	-1	31878	52483271	-1	32075
39077756	-1	31878	343274173	-1	32075
39077756	-1	31878	282847498	-1	32075
39077756	-1	31878	268400236	-1	32075
39077756	-1	31878	201042231	-1	32075
39077756	-1	31878	374401759	-1	32075
39077756	-1	31878	158197806	-1	32075
39077756	-1	31878	315232027	-1	32075
39077756	-1	31878	388234694	-1	32075
39077756	-1	31878	158290451	-1	32075
39077756	-1	31878	264521638	-1	32075
39077756	-1	31878	424478385	-1	32075
39077756	-1	31878	34025673	-1	32075
39077756	-1	31878	290002725	-1	32075
39077756	-1	31878	425818427	-1	32075
39077756	-1	31878	321119869	-1	32075
39077756	-1	31878	446647007	-1	32075
39077756	-1	31878	42859427	-1	32075
39077756	-1	31878	234065478	-1	32075
39077756	-1	31878	43145344	-1	32075
39077756	-1	31878	15627567	-1	32075
39077756	-1	31878	106200479	-1	32075
39077756	-1	31878	213117262	-1	32075
39077756	-1	31878	216505322	-1	32075
39077756	-1	31878	373568945	-1	32075
39077756	-1	31878	195859764	-1	32075
39077756	-1	31878	169955031	-1	32075
39077756	-1	31878	254154714	-1	32075
39077756	-1	31878	275962810	-1	32075
39077756	-1	31878	465078902	-1	32075
39077756	-1	31878	129933128	-1	32075
39077756	-1	31878	174019149	-1	32075
39077756	-1	31878	318407445	-1	32075
39077756	-1	31878	121688422	-1	32075
39077756	-1	31878	197337107	-1	32075
39077756	-1	31878	214680147	-1	32075
39077756	-1	31878	268377050	-1	32075
39077756	-1	31878	67183030	-1	32075
39077756	-1	31878	196194865	-1	32075
39077756	-1	31878	242271497	-1	32075
39077756	-1	31878	362607436	-1	32075
39077756	-1	31878	416621290	-1	32075
39077756	-1	31878	207787098	-1	32075
39077756	-1	31878	411368878	-1	32075
39077756	-1	31878	437086188	-1	32075
39077756	-1	31878	380414753	-1	32075
39077756	-1	31878	324289275	-1	32075
39077756	-1	31878	349761233	-1	32075
39077756	-1	31878	23563828	-1	32075
39077756	-1	31878	146215861	-1	32075
39077756	-1	31878	428084846	-1	32075
39077756	-1	31878	414162557	-1	32075
39077756	-1	31878	370075574	-1	32075
39077756	-1	31878	291594723	-1	32075
39077756	-1	31878	443290485	-1	32075
39077756	-1	31878	24067889	-1	32075
39077756	-1	31878	79088335	-1	32075
39077756	-1	31878	139100459	-1	32075
39077756	-1	31878	166635358	-1	32075
39077756	-1	31878	430531991	-1	32075
39077756	-1	31878	73952233	-1	32075
39077756	-1	31878	129403568	-1	32075
39077756	-1	31878	180742564	-1	32075
39077756	-1	31878	250285094	-1	32075
39077756	-1	31878	256083290	-1	32075
39077756	-1	31878	362121666	-1	32075
39077756	-1	31878	362196439	-1	32075
39077756	-1	31878	445018426	-1	32075
39077756	-1	31878	93968856	-1	32075
39077756	-1	31878	166191059	-1	32075
39077756	-1	31878	195606542	-1	32075
39077756	-1	31878	41615945	-1	32075
39077756	-1	31878	195472591	-1	32075
39077756	-1	31878	209833851	-1	32075
39077756	-1	31878	227793863	-1	32075
39077756	-1	31878	245206462	-1	32075
39077756	-1	31878	289212463	-1	32075
39077756	-1	31878	331100647	-1	32075
39077756	-1	31878	364637270	-1	32075
39077756	-1	31878	461866334	-1	32075
39077756	-1	31878	57560883	-1	32075
39077756	-1	31878	203215870	-1	32075
39077756	-1	31878	224351385	-1	32075
39077756	-1	31878	326142513	-1	32075
39077756	-1	31878	384466124	-1	32075
39077756	-1	31878	413403785	-1	32075
39077756	-1	31878	157904053	-1	32075
39077756	-1	31878	68136223	-1	32075
39077756	-1	31878	145056276	-1	32075
39077756	-1	31878	277086100	-1	32075
39077756	-1	31878	300377793	-1	32075
39077756	-1	31878	25416748	-1	32075
39077756	-1	31878	78944058	-1	32075
39077756	-1	31878	122945497	-1	32075
39077756	-1	31878	126820261	-1	32075
39077756	-1	31878	248601783	-1	32075
39077756	-1	31878	292226736	-1	32075
39077756	-1	31878	302652535	-1	32075
39077756	-1	31878	311984676	-1	32075
39077756	-1	31878	335851592	-1	32075
39077756	-1	31878	457895459	-1	32075
39077756	-1	31878	10071303	-1	32075
39077756	-1	31878	115810582	-1	32075
39077756	-1	31878	142177822	-1	32075
39077756	-1	31878	142316771	-1	32075
39077756	-1	31878	187847375	-1	32075
39077756	-1	31878	238919397	-1	32075
39077756	-1	31878	240710349	-1	32075
39077756	-1	31878	258573840	-1	32075
39077756	-1	31878	314052457	-1	32075
39077756	-1	31878	319914946	-1	32075
39077756	-1	31878	333366179	-1	32075
39077756	-1	31878	452003221	-1	32075
39077756	-1	31878	64404922	-1	32075
39077756	-1	31878	65527910	-1	32075
39077756	-1	31878	227289348	-1	32075
39077756	-1	31878	241146493	-1	32075
39077756	-1	31878	290831788	-1	32075
39077756	-1	31878	294826929	-1	32075
39077756	-1	31878	244044911	-1	32075
39077756	-1	31878	326497330	-1	32075
39077756	-1	31878	204996179	-1	32075
39077756	-1	31878	253453090	-1	32075
39077756	-1	31878	306212117	-1	32075
39077756	-1	31878	318763830	-1	32075
39077756	-1	31878	104171348	-1	32075
39077756	-1	31878	24061460	-1	32075
39077756	-1	31878	306477351	-1	32075
39077756	-1	31878	408318726	-1	32075
39077756	-1	31878	13082958	-1	32075
39077756	-1	31878	15406718	-1	32075
39077756	-1	31878	170538570	-1	32075
39077756	-1	31878	184013991	-1	32075
39077756	-1	31878	462515552	-1	32075
39077756	-1	31878	166441223	-1	32075
39077756	-1	31878	370164504	-1	32075
39077756	-1	31878	22194831	-1	32075
39077756	-1	31878	386231227	-1	32075
39077756	-1	31878	130686015	-1	32075
39077756	-1	31878	245753266	-1	32075
39077756	-1	31878	405286527	-1	32075
39077756	-1	31878	413724720	-1	32075
39077756	-1	31878	21294215	-1	32075
39077756	-1	31878	21397003	-1	32075
39077756	-1	31878	123552556	-1	32075
39077756	-1	31878	166391356	-1	32075
39077756	-1	31878	326283330	-1	32075
39077756	-1	31878	6921176	-1	32075
39077756	-1	31878	203270906	-1	32075
39077756	-1	31878	395848121	-1	32075
39077756	-1	31878	460418026	-1	32075
39077756	-1	31878	6601647	-1	32075
39077756	-1	31878	64771123	-1	32075
39077756	-1	31878	102563139	-1	32075
39077756	-1	31878	267462232	-1	32075
39077756	-1	31878	289995129	-1	32075
39077756	-1	31878	6690917	-1	32075
39077756	-1	31878	50351690	-1	32075
39077756	-1	31878	125341892	-1	32075
39077756	-1	31878	127390139	-1	32075
39077756	-1	31878	137643934	-1	32075
39077756	-1	31878	151859041	-1	32075
39077756	-1	31878	211076852	-1	32075
39077756	-1	31878	229638377	-1	32075
39077756	-1	31878	252919273	-1	32075
39077756	-1	31878	268435045	-1	32075
39077756	-1	31878	406357735	-1	32075
39077756	-1	31878	413941369	-1	32075
39077756	-1	31878	456288138	-1	32075
39077756	-1	31878	24081691	-1	32075
39077756	-1	31878	72355269	-1	32075
39077756	-1	31878	105123741	-1	32075
39077756	-1	31878	134454183	-1	32075
39077756	-1	31878	213923453	-1	32075
39077756	-1	31878	408199202	-1	32075
39077756	-1	31878	53854747	-1	32075
39077756	-1	31878	103066138	-1	32075
39077756	-1	31878	108889251	-1	32075
39077756	-1	31878	120487907	-1	32075
39077756	-1	31878	151656601	-1	32075
39077756	-1	31878	155311005	-1	32075
39077756	-1	31878	253780301	-1	32075
39077756	-1	31878	266293665	-1	32075
39077756	-1	31878	268516397	-1	32075
39077756	-1	31878	349865283	-1	32075
39077756	-1	31878	448717440	-1	32075
39077756	-1	31878	194465996	-1	32075
39077756	-1	31878	21299871	-1	32075
39077756	-1	31878	27900924	-1	32075
39077756	-1	31878	50411617	-1	32075
39077756	-1	31878	63665213	-1	32075
39077756	-1	31878	108440613	-1	32075
39077756	-1	31878	109559584	-1	32075
39077756	-1	31878	125885928	-1	32075
39077756	-1	31878	137449714	-1	32075
39077756	-1	31878	166484473	-1	32075
39077756	-1	31878	166582119	-1	32075
39077756	-1	31878	227947971	-1	32075
39077756	-1	31878	277242813	-1	32075
39077756	-1	31878	282659023	-1	32075
39077756	-1	31878	312028733	-1	32075
39077756	-1	31878	387981546	-1	32075
39077756	-1	31878	444574879	-1	32075
39077756	-1	31878	70078524	-1	32075
39077756	-1	31878	79207462	-1	32075
39077756	-1	31878	129457548	-1	32075
39077756	-1	31878	152090924	-1	32075
39077756	-1	31878	155574777	-1	32075
39077756	-1	31878	238902402	-1	32075
39077756	-1	31878	253869210	-1	32075
39077756	-1	31878	297232853	-1	32075
39077756	-1	31878	332470017	-1	32075
39077756	-1	31878	340898466	-1	32075
39077756	-1	31878	357545135	-1	32075
39077756	-1	31878	358419181	-1	32075
39077756	-1	31878	388961543	-1	32075
39077756	-1	31878	413717608	-1	32075
39077756	-1	31878	431597988	-1	32075
39077756	-1	31878	442808003	-1	32075
39077756	-1	31878	449352915	-1	32075
39077756	-1	31878	28232234	-1	32075
39077756	-1	31878	64856242	-1	32075
39077756	-1	31878	79005182	-1	32075
39077756	-1	31878	153325571	-1	32075
39077756	-1	31878	166635077	-1	32075
39077756	-1	31878	168660155	-1	32075
39077756	-1	31878	195295400	-1	32075
39077756	-1	31878	199798523	-1	32075
39077756	-1	31878	200446644	-1	32075
39077756	-1	31878	209836587	-1	32075
39077756	-1	31878	214121394	-1	32075
39077756	-1	31878	261111933	-1	32075
39077756	-1	31878	269587622	-1	32075
39077756	-1	31878	287716919	-1	32075
39077756	-1	31878	355727208	-1	32075
39077756	-1	31878	413728233	-1	32075
39077756	-1	31878	432246609	-1	32075
39077756	-1	31878	447316248	-1	32075
39077756	-1	31878	21949526	-1	32075
39077756	-1	31878	50267028	-1	32075
39077756	-1	31878	122885554	-1	32075
39077756	-1	31878	173726450	-1	32075
39077756	-1	31878	268458758	-1	32075
39077756	-1	31878	282661379	-1	32075
39077756	-1	31878	289890562	-1	32075
39077756	-1	31878	355708102	-1	32075
39077756	-1	31878	413875596	-1	32075
39077756	-1	31878	73575474	-1	32075
39077756	-1	31878	80618263	-1	32075
39077756	-1	31878	81994058	-1	32075
39077756	-1	31878	87110998	-1	32075
39077756	-1	31878	93884075	-1	32075
39077756	-1	31878	139761660	-1	32075
39077756	-1	31878	179934460	-1	32075
39077756	-1	31878	312008223	-1	32075
39077756	-1	31878	370175886	-1	32075
39077756	-1	31878	370295750	-1	32075
39077756	-1	31878	384500612	-1	32075
39077756	-1	31878	41092536	-1	32075
39077756	-1	31878	49399527	-1	32075
39077756	-1	31878	204810462	-1	32075
39077756	-1	31878	209969179	-1	32075
39077756	-1	31878	253772613	-1	32075
39077756	-1	31878	268467465	-1	32075
39077756	-1	31878	282073256	-1	32075
39077756	-1	31878	296617052	-1	32075
39077756	-1	31878	341200225	-1	32075
39077756	-1	31878	344817383	-1	32075
39077756	-1	31878	444993529	-1	32075
39077756	-1	31878	35468089	-1	32075
39077756	-1	31878	61164969	-1	32075
39077756	-1	31878	93616549	-1	32075
39077756	-1	31878	93631374	-1	32075
39077756	-1	31878	151798515	-1	32075
39077756	-1	31878	180926894	-1	32075
39077756	-1	31878	216570849	-1	32075
39077756	-1	31878	237078638	-1	32075
39077756	-1	31878	243743482	-1	32075
39077756	-1	31878	282834442	-1	32075
39077756	-1	31878	311739340	-1	32075
39077756	-1	31878	326461139	-1	32075
39077756	-1	31878	341518791	-1	32075
39077756	-1	31878	413549131	-1	32075
39077756	-1	31878	442632105	-1	32075
39077756	-1	31878	442897011	-1	32075
39077756	-1	31878	228135406	-1	32075
39077756	-1	31878	290449145	-1	32075
39077756	-1	31878	326781240	-1	32075
39077756	-1	31878	432280235	-1	32075
39077756	-1	31878	440698147	-1	32075
39077756	-1	31878	55011189	-1	32075
39077756	-1	31878	177753618	-1	32075
39077756	-1	31878	179633369	-1	32075
39077756	-1	31878	212260443	-1	32075
39077756	-1	31878	404426249	-1	32075
39077756	-1	31878	442871299	-1	32075
39077756	-1	31878	179802282	-1	32075
39077756	-1	31878	202878674	-1	32075
39077756	-1	31878	264467429	-1	32075
39077756	-1	31878	302242837	-1	32075
39077756	-1	31878	308089246	-1	32075
39077756	-1	31878	374762047	-1	32075
39077756	-1	31878	458923326	-1	32075
39077756	-1	31878	206468951	-1	32075
39077756	-1	31878	228518156	-1	32075
39077756	-1	31878	238739199	-1	32075
39077756	-1	31878	327330890	-1	32075
39077756	-1	31878	330542592	-1	32075
39077756	-1	31878	412659461	-1	32075
39077756	-1	31878	72448183	-1	32075
39077756	-1	31878	428763923	-1	32075
39077756	-1	31878	15323632	-1	32075
39077756	-1	31878	146285242	-1	32075
39077756	-1	31878	132094593	-1	32075
39077756	-1	31878	212659288	-1	32075
39077756	-1	31878	271362329	-1	32075
39077756	-1	31878	177492417	-1	32075
39077756	-1	31878	282821272	-1	32075
39077756	-1	31878	384760581	-1	32075
39077756	-1	31878	50273101	-1	32075
39077756	-1	31878	127351388	-1	32075
39077756	-1	31878	181026104	-1	32075
39077756	-1	31878	340984525	-1	32075
39077756	-1	31878	387383619	-1	32075
39077756	-1	31878	460639861	-1	32075
39077756	-1	31878	168864815	-1	32075
39077756	-1	31878	22263830	-1	32075
39077756	-1	31878	93813540	-1	32075
39077756	-1	31878	297397575	-1	32075
39077756	-1	31878	428467868	-1	32075
39077756	-1	31878	42116193	-1	32075
39077756	-1	31878	182189688	-1	32075
39077756	-1	31878	224803065	-1	32075
39077756	-1	31878	355678703	-1	32075
39077756	-1	31878	108409550	-1	32075
39077756	-1	31878	131879635	-1	32075
39077756	-1	31878	331218420	-1	32075
39077756	-1	31878	130041884	-1	32075
39077756	-1	31878	399076590	-1	32075
39077756	-1	31878	28560641	-1	32075
39077756	-1	31878	97777043	-1	32075
39077756	-1	31878	435386899	-1	32075
39077756	-1	31878	359230657	-1	32075
39077756	-1	31878	44779528	-1	32075
39077756	-1	31878	102734977	-1	32075
39077756	-1	31878	174873243	-1	32075
39077756	-1	31878	25233135	-1	32075
39077756	-1	31878	81188317	-1	32075
39077756	-1	31878	381572337	-1	32075
39077756	-1	31878	45958908	-1	32075
39077756	-1	31878	193070036	-1	32075
39077756	-1	31878	437128952	-1	32075
39077756	-1	31878	204463103	-1	32075
39077756	-1	31878	460446291	-1	32075
39077756	-1	31878	456148900	-1	32075
39077756	-1	31878	398151396	-1	32075
39077756	-1	31878	4268273	-1	32075
39077756	-1	31878	49543327	-1	32075
39077756	-1	31878	297839946	-1	32075
39077756	-1	31878	359470916	-1	32075
39077756	-1	31878	370581674	-1	32075
39077756	-1	31878	156060085	-1	32075
39077756	-1	31878	209364893	-1	32075
39077756	-1	31878	275076638	-1	32075
39077756	-1	31878	258221924	-1	32075
39077756	-1	31878	306255179	-1	32075
39077756	-1	31878	20838139	-1	32075
39077756	-1	31878	88130753	-1	32075
39077756	-1	31878	123097330	-1	32075
39077756	-1	31878	210347507	-1	32075
39077756	-1	31878	380335028	-1	32075
39077756	-1	31878	47497649	-1	32075
39077756	-1	31878	212758701	-1	32075
39077756	-1	31878	366315615	-1	32075
39077756	-1	31878	395697131	-1	32075
39077756	-1	31878	40061000	-1	32075
39077756	-1	31878	41644404	-1	32075
39077756	-1	31878	56764099	-1	32075
39077756	-1	31878	81993444	-1	32075
39077756	-1	31878	100419080	-1	32075
39077756	-1	31878	327983988	-1	32075
39077756	-1	31878	355187698	-1	32075
39077756	-1	31878	402434504	-1	32075
39077756	-1	31878	272966892	-1	32075
39077756	-1	31878	194033050	-1	32075
39077756	-1	31878	354352035	-1	32075
39077756	-1	31878	398054074	-1	32075
39077756	-1	31878	379056003	-1	32075
39077756	-1	31878	91600701	-1	32075
39077756	-1	31878	67726630	-1	32075
39077756	-1	31878	15462186	-1	32078
39077756	-1	31878	186418286	-1	32078
39077756	-1	31878	121050128	-1	32111
39077756	-1	31878	193773798	-1	32111
39077756	-1	31878	252982159	-1	32847
257090750	-1	33896	257090750	-1	33896
257090750	-1	33896	400793434	-1	33896
257090750	-1	33896	98493695	-1	33902
348327234	-1	34279	376760848	-1	34279
348327234	-1	34279	321152374	-1	34279
348327234	-1	34279	379295410	-1	34279
348327234	-1	34279	349797818	-1	34279
348327234	-1	34279	371689928	-1	34279
348327234	-1	34279	110591490	-1	34279
348327234	-1	34279	214250290	-1	34279
348327234	-1	34279	127161976	-1	34279
348327234	-1	34279	218049510	-1	34279
348327234	-1	34279	335723494	-1	34279
348327234	-1	34279	161151806	-1	34279
348327234	-1	34279	291928311	-1	34279
348327234	-1	34279	390854574	-1	34279
348327234	-1	34279	219295266	-1	34279
348327234	-1	34279	285206020	-1	34279
348327234	-1	34279	291966544	-1	34279
348327234	-1	34279	461845576	-1	34279
348327234	-1	34279	1005065	-1	34279
348327234	-1	34279	306574783	-1	34279
348327234	-1	34279	291809069	-1	34279
348327234	-1	34279	405751961	-1	34279
348327234	-1	34279	348575270	-1	34279
348327234	-1	34279	417791799	-1	34279
348327234	-1	34279	86348734	-1	34279
348327234	-1	34279	364502086	-1	34279
348327234	-1	34279	103093958	-1	34279
348327234	-1	34279	97537504	-1	34279
348327234	-1	34279	40801876	-1	34279
348327234	-1	34279	113582349	-1	34279
348327234	-1	34279	448494054	-1	34279
348327234	-1	34279	69302578	-1	34279
348327234	-1	34279	262672330	-1	34279
348327234	-1	34279	131756145	-1	34279
348327234	-1	34279	364420537	-1	34279
348327234	-1	34279	348327234	-1	34279
348327234	-1	34279	219020443	-1	34279
348327234	-1	34279	291782340	-1	34279
348327234	-1	34279	233677819	-1	34279
348327234	-1	34279	73525636	-1	34279
348327234	-1	34279	414906411	-1	34279
348327234	-1	34279	364694211	-1	34279
348327234	-1	34279	175330774	-1	34279
348327234	-1	34279	142092888	-1	34279
348327234	-1	34279	146290062	-1	34279
348327234	-1	34279	146716451	-1	34279
348327234	-1	34279	259687487	-1	34279
348327234	-1	34279	139656567	-1	34279
348327234	-1	34279	414441564	-1	34279
348327234	-1	34279	82939655	-1	34279
348327234	-1	34279	402281065	-1	34279
348327234	-1	34279	242173920	-1	34279
348327234	-1	34279	331444249	-1	34279
348327234	-1	34279	348723609	-1	34279
348327234	-1	34279	462506578	-1	34279
348327234	-1	34279	40670898	-1	34279
348327234	-1	34279	346192456	-1	34279
348327234	-1	34279	59086078	-1	34279
348327234	-1	34279	161094930	-1	34279
348327234	-1	34279	451960217	-1	34279
348327234	-1	34279	379381569	-1	34279
348327234	-1	34279	448609579	-1	34279
348327234	-1	34279	461081319	-1	34279
348327234	-1	34279	59016926	-1	34279
348327234	-1	34279	80900839	-1	34279
348327234	-1	34279	458584660	-1	34279
348327234	-1	34279	52576084	-1	34279
348327234	-1	34279	9620107	-1	34279
348327234	-1	34279	117563631	-1	34279
348327234	-1	34279	274298276	-1	34279
348327234	-1	34279	142559062	-1	34279
348327234	-1	34279	437445521	-1	34279
348327234	-1	34279	88486137	-1	34279
348327234	-1	34279	161217971	-1	34279
348327234	-1	34279	244785842	-1	34279
348327234	-1	34279	168094170	-1	34279
348327234	-1	34279	55013313	-1	34279
348327234	-1	34279	158460376	-1	34279
348327234	-1	34279	159579111	-1	34279
348327234	-1	34279	167136752	-1	34279
348327234	-1	34279	141409701	-1	34279
348327234	-1	34279	204674259	-1	34279
348327234	-1	34279	226486197	-1	34279
348327234	-1	34279	233497183	-1	34279
348327234	-1	34279	306227056	-1	34279
348327234	-1	34279	393741035	-1	34279
348327234	-1	34279	131897873	-1	34279
348327234	-1	34279	306623552	-1	34279
348327234	-1	34279	314005801	-1	34279
348327234	-1	34279	154999744	-1	34279
348327234	-1	34279	124771267	-1	34279
348327234	-1	34279	132068853	-1	34279
348327234	-1	34279	185289080	-1	34279
348327234	-1	34279	256095445	-1	34279
348327234	-1	34279	57033153	-1	34279
348327234	-1	34279	349899122	-1	34279
348327234	-1	34279	139847955	-1	34279
348327234	-1	34279	248154936	-1	34279
348327234	-1	34279	300859523	-1	34279
348327234	-1	34279	51494725	-1	34279
348327234	-1	34279	88510334	-1	34279
348327234	-1	34279	71536057	-1	34279
348327234	-1	34279	327820715	-1	34279
348327234	-1	34279	73930833	-1	34279
348327234	-1	34279	360167298	-1	34279
348327234	-1	34279	10610776	-1	34279
348327234	-1	34279	159561867	-1	34279
348327234	-1	34279	199923594	-1	34279
348327234	-1	34279	277361198	-1	34279
348327234	-1	34279	303116667	-1	34279
348327234	-1	34279	137920718	-1	34279
348327234	-1	34279	306635121	-1	34279
348327234	-1	34279	219227577	-1	34279
348327234	-1	34279	112022070	-1	34279
348327234	-1	34279	277155085	-1	34279
348327234	-1	34279	277221306	-1	34279
348327234	-1	34279	350211711	-1	34279
348327234	-1	34279	452003166	-1	34279
348327234	-1	34279	85395177	-1	34279
348327234	-1	34279	161087150	-1	34279
348327234	-1	34279	364619887	-1	34279
348327234	-1	34279	73724797	-1	34279
348327234	-1	34279	44729325	-1	34279
348327234	-1	34279	428218185	-1	34279
348327234	-1	34279	326321405	-1	34279
348327234	-1	34279	195647500	-1	34279
348327234	-1	34279	99679105	-1	34282
348327234	-1	34279	226784730	-1	34282
348327234	-1	34279	259559698	-1	34282
348327234	-1	34279	302882481	-1	34282
348327234	-1	34279	408117278	-1	34282
348327234	-1	34279	393767076	-1	34282
348327234	-1	34279	335400552	-1	34282
348327234	-1	34279	212023999	-1	34282
348327234	-1	34279	188037210	-1	34282
348327234	-1	34279	422505756	-1	34282
348327234	-1	34279	70090611	-1	34282
348327234	-1	34279	422666183	-1	34282
348327234	-1	34279	198513534	-1	34282
348327234	-1	34279	451963394	-1	34282
348327234	-1	34279	97365564	-1	34282
348327234	-1	34279	8277378	-1	34282
348327234	-1	34279	305099731	-1	34282
348327234	-1	34279	24316633	-1	34282
348327234	-1	34279	175470680	-1	34282
348327234	-1	34279	451760253	-1	34282
348327234	-1	34279	443985062	-1	34282
348327234	-1	34279	408103434	-1	34282
348327234	-1	34279	59137595	-1	34282
348327234	-1	34279	451588804	-1	34282
348327234	-1	34279	199655774	-1	34282
348327234	-1	34279	327150153	-1	34282
348327234	-1	34279	393561916	-1	34282
348327234	-1	34279	117101575	-1	34282
348327234	-1	34279	169730374	-1	34282
348327234	-1	34279	15406245	-1	34282
348327234	-1	34279	126784208	-1	34282
348327234	-1	34279	273202626	-1	34282
348327234	-1	34279	291695900	-1	34282
348327234	-1	34279	1228404	-1	34282
348327234	-1	34279	99309667	-1	34282
348327234	-1	34279	347891920	-1	34282
348327234	-1	34279	175749283	-1	34282
348327234	-1	34279	1212532	-1	34282
348327234	-1	34279	291803101	-1	34282
348327234	-1	34279	44774175	-1	34288
348327234	-1	34279	139270975	-1	34288
348327234	-1	34279	406686192	-1	34288
348327234	-1	34279	88421081	-1	34288
348327234	-1	34279	44635399	-1	34288
348327234	-1	34279	8526138	-1	34288
348327234	-1	34279	291893714	-1	34288
348327234	-1	34279	350010572	-1	34288
348327234	-1	34279	43560361	-1	34288
348327234	-1	34279	277187820	-1	34288
348327234	-1	34279	415291153	-1	34288
348327234	-1	34279	422656571	-1	34288
348327234	-1	34279	321196856	-1	34288
348327234	-1	34279	807381	-1	34288
348327234	-1	34279	248071720	-1	34288
348327234	-1	34279	262555874	-1	34288
348327234	-1	34279	327469704	-1	34288
348327234	-1	34279	364834519	-1	34288
348327234	-1	34279	434024487	-1	34288
348327234	-1	34279	291601428	-1	34288
348327234	-1	34279	437049711	-1	34288
348327234	-1	34279	146229181	-1	34288
348327234	-1	34279	155803299	-1	34288
348327234	-1	34279	212518638	-1	34288
348327234	-1	34279	350152171	-1	34288
348327234	-1	34279	399618098	-1	34288
348327234	-1	34279	332241542	-1	34288
348327234	-1	34279	69395431	-1	34288
348327234	-1	34279	315148700	-1	34288
348327234	-1	34279	364559807	-1	34288
348327234	-1	34279	57017729	-1	34288
348327234	-1	34279	255006424	-1	34288
348327234	-1	34279	437264099	-1	34288
348327234	-1	34279	261405632	-1	34288
348327234	-1	34279	387314261	-1	34288
348327234	-1	34279	358584946	-1	34288
348327234	-1	34279	15678873	-1	34288
348327234	-1	34279	145082655	-1	34288
348327234	-1	34279	159779178	-1	34288
348327234	-1	34279	188345264	-1	34288
348327234	-1	34279	219244188	-1	34288
348327234	-1	34279	277075114	-1	34288
348327234	-1	34279	379256493	-1	34288
348327234	-1	34279	393542906	-1	34288
348327234	-1	34279	218940791	-1	34288
348327234	-1	34279	248506323	-1	34288
348327234	-1	34279	349906388	-1	34288
348327234	-1	34279	356372096	-1	34288
348327234	-1	34279	431059395	-1	34288
348327234	-1	34279	182291925	-1	34288
348327234	-1	34279	229918112	-1	34288
348327234	-1	34279	379087052	-1	34288
348327234	-1	34279	389535640	-1	34288
348327234	-1	34279	262567058	-1	34288
348327234	-1	34279	270994207	-1	34288
348327234	-1	34279	248486798	-1	34288
348327234	-1	34279	417281041	-1	34288
348327234	-1	34279	59156378	-1	34288
348327234	-1	34279	219103731	-1	34288
348327234	-1	34279	226562440	-1	34288
348327234	-1	34279	376464470	-1	34288
348327234	-1	34279	259951030	-1	34288
348327234	-1	34279	452039062	-1	34288
348327234	-1	34279	328298782	-1	34288
348327234	-1	34279	432511393	-1	34288
348327234	-1	34279	451799458	-1	34288
348327234	-1	34279	44644737	-1	34288
348327234	-1	34279	142039607	-1	34288
348327234	-1	34279	359294210	-1	34288
348327234	-1	34279	361362402	-1	34288
348327234	-1	34279	73638937	-1	34288
348327234	-1	34279	73875102	-1	34288
348327234	-1	34279	146698052	-1	34288
348327234	-1	34279	239579845	-1	34288
348327234	-1	34279	451596645	-1	34288
348327234	-1	34279	908805	-1	34288
348327234	-1	34279	9248080	-1	34288
348327234	-1	34279	95461976	-1	34288
348327234	-1	34279	262998590	-1	34288
348327234	-1	34279	362367175	-1	34288
348327234	-1	34279	435654176	-1	34288
348327234	-1	34279	190185877	-1	34288
348327234	-1	34279	197121007	-1	34288
348327234	-1	34279	96638037	-1	34288
348327234	-1	34279	160977100	-1	34288
348327234	-1	34279	175562647	-1	34288
348327234	-1	34279	185835845	-1	34288
348327234	-1	34279	406364706	-1	34288
348327234	-1	34279	420472510	-1	34288
348327234	-1	34279	204674161	-1	34288
348327234	-1	34279	51453099	-1	34288
348327234	-1	34279	141551340	-1	34288
348327234	-1	34279	320728940	-1	34288
348327234	-1	34279	88179314	-1	34288
348327234	-1	34279	138869197	-1	34288
348327234	-1	34279	292059904	-1	34288
348327234	-1	34279	103041732	-1	34288
348327234	-1	34279	320795604	-1	34288
348327234	-1	34279	321069134	-1	34288
348327234	-1	34279	379199271	-1	34288
348327234	-1	34279	406159499	-1	34288
348327234	-1	34279	98590027	-1	34288
348327234	-1	34279	393920282	-1	34288
348327234	-1	34279	88130344	-1	34288
348327234	-1	34279	27092892	-1	34288
348327234	-1	34279	44617833	-1	34288
348327234	-1	34279	248032813	-1	34288
348327234	-1	34279	102672817	-1	34288
348327234	-1	34279	405708191	-1	34288
348327234	-1	34279	117632312	-1	34288
348327234	-1	34279	67243373	-1	34291
348327234	-1	34279	333085666	-1	34291
348327234	-1	34279	326810643	-1	34291
348327234	-1	34279	451766719	-1	34291
348327234	-1	34279	451557853	-1	34291
348327234	-1	34279	233476952	-1	34291
348327234	-1	34279	386046174	-1	34291
348327234	-1	34279	190020486	-1	34291
348327234	-1	34279	290047287	-1	34291
348327234	-1	34279	393519554	-1	34291
348327234	-1	34279	112155975	-1	34291
348327234	-1	34279	219147691	-1	34291
348327234	-1	34279	422685475	-1	34291
348327234	-1	34279	256468475	-1	34291
348327234	-1	34279	450143984	-1	34291
348327234	-1	34279	422632173	-1	34291
348327234	-1	34279	155324550	-1	34291
348327234	-1	34279	335382729	-1	34291
348327234	-1	34279	248068314	-1	34291
348327234	-1	34279	320776088	-1	34291
348327234	-1	34279	144999734	-1	34291
348327234	-1	34279	422955207	-1	34291
348327234	-1	34279	44849855	-1	34291
348327234	-1	34279	40643530	-1	34291
348327234	-1	34279	320858513	-1	34291
348327234	-1	34279	378931587	-1	34294
348327234	-1	34279	7563448	-1	34294
348327234	-1	34279	422522841	-1	34294
348327234	-1	34279	170442299	-1	34294
348327234	-1	34279	196768969	-1	34294
348327234	-1	34279	190289956	-1	34294
348327234	-1	34279	422661006	-1	34294
348327234	-1	34279	407964100	-1	34294
348327234	-1	34279	255538890	-1	34294
348327234	-1	34279	301470306	-1	34294
348327234	-1	34279	189941824	-1	34294
348327234	-1	34279	437253367	-1	34294
348327234	-1	34279	88309244	-1	34294
348327234	-1	34279	44839303	-1	34315
348327234	-1	34279	27846518	-1	34987
348327234	-1	34279	88434336	-1	34987
348327234	-1	34279	321092458	-1	34987
348327234	-1	34279	73521779	-1	34987
348327234	-1	34279	379033633	-1	34987
348327234	-1	34279	10122272	-1	34987
348327234	-1	34279	254753210	-1	34987
348327234	-1	34279	982139	-1	34987
348327234	-1	34279	408324704	-1	34987
348327234	-1	34279	349777393	-1	34987
348327234	-1	34279	190032431	-1	34993
348327234	-1	34279	260951809	-1	34993
348327234	-1	34279	356510389	-1	34993
348327234	-1	34279	361970608	-1	34993
348327234	-1	34279	418275603	-1	34993
348327234	-1	34279	204553560	-1	34993
348327234	-1	34279	70854020	-1	34993
348327234	-1	34279	27912096	-1	34993
348327234	-1	34279	364521516	-1	34993
348327234	-1	34279	130622928	-1	34993
348327234	-1	34279	102890880	-1	34993
348327234	-1	34279	200873302	-1	34993
348327234	-1	34279	201480841	-1	34993
348327234	-1	34279	420452516	-1	34993
348327234	-1	34279	437240370	-1	34993
348327234	-1	34279	39163922	-1	34993
348327234	-1	34279	273233119	-1	34993
348327234	-1	34279	189940562	-1	34993
348327234	-1	34279	29979977	-1	34993
348327234	-1	34279	15554050	-1	34993
348327234	-1	34279	146321269	-1	34993
348327234	-1	34279	306363393	-1	34993
348327234	-1	34279	349950957	-1	34993
348327234	-1	34279	198586542	-1	34993
348327234	-1	34279	350291932	-1	34993
348327234	-1	34279	370454218	-1	34993
348327234	-1	34279	306270875	-1	34993
348327234	-1	34279	391472241	-1	34993
348327234	-1	34279	129425572	-1	34993
348327234	-1	34279	43060469	-1	34993
348327234	-1	34279	59183106	-1	34993
348327234	-1	34279	420122941	-1	34993
348327234	-1	34279	167549741	-1	34993
348327234	-1	34279	30232266	-1	34993
348327234	-1	34279	306187042	-1	34993
348327234	-1	34279	321063382	-1	34993
348327234	-1	34279	362878552	-1	34993
348327234	-1	34279	68020807	-1	34993
348327234	-1	34279	117241114	-1	34993
348327234	-1	34279	190027002	-1	34993
348327234	-1	34279	422692319	-1	34993
348327234	-1	34279	328236186	-1	34993
348327234	-1	34279	358348901	-1	34993
348327234	-1	34279	364711200	-1	34993
348327234	-1	34279	379027001	-1	34993
348327234	-1	34279	853217	-1	34993
348327234	-1	34279	51973513	-1	34993
348327234	-1	34279	73636918	-1	34993
348327234	-1	34279	460517432	-1	34993
348327234	-1	34279	216556208	-1	34993
348327234	-1	34279	335483063	-1	34993
348327234	-1	34279	10716451	-1	34993
348327234	-1	34279	28067737	-1	34993
348327234	-1	34279	95391870	-1	34993
348327234	-1	34279	437079844	-1	34993
348327234	-1	34279	81432480	-1	34993
348327234	-1	34279	174070151	-1	34993
348327234	-1	34279	40084749	-1	34993
348327234	-1	34279	59426906	-1	34993
348327234	-1	34279	108845188	-1	34993
348327234	-1	34279	187582986	-1	34993
348327234	-1	34279	259414452	-1	34993
348327234	-1	34279	393742210	-1	34993
348327234	-1	34279	408262023	-1	34993
348327234	-1	34279	979806	-1	34993
348327234	-1	34279	85188896	-1	34993
348327234	-1	34279	292092656	-1	34993
348327234	-1	34279	15565158	-1	34993
348327234	-1	34279	44521980	-1	34993
348327234	-1	34279	44847314	-1	34993
348327234	-1	34279	138434819	-1	34993
348327234	-1	34279	143527127	-1	34993
348327234	-1	34279	161035361	-1	34993
348327234	-1	34279	461748414	-1	34993
348327234	-1	34279	15461432	-1	34993
348327234	-1	34279	15496664	-1	34993
348327234	-1	34279	71879765	-1	34993
348327234	-1	34279	130686218	-1	34993
348327234	-1	34279	140030758	-1	34993
348327234	-1	34279	211086415	-1	34993
348327234	-1	34279	214729097	-1	34993
348327234	-1	34279	248150734	-1	34993
348327234	-1	34279	306224179	-1	34993
348327234	-1	34279	73785356	-1	34993
348327234	-1	34279	88309126	-1	34993
348327234	-1	34279	161005013	-1	34993
348327234	-1	34279	262603225	-1	34993
348327234	-1	34279	289460247	-1	34993
348327234	-1	34279	400383571	-1	34993
348327234	-1	34279	402155876	-1	34993
348327234	-1	34279	83054802	-1	34993
348327234	-1	34279	94161380	-1	34993
348327234	-1	34279	175700384	-1	34993
348327234	-1	34279	219309775	-1	34993
348327234	-1	34279	260074109	-1	34993
348327234	-1	34279	301956101	-1	34993
348327234	-1	34279	320997143	-1	34993
348327234	-1	34279	326886554	-1	34993
348327234	-1	34279	371487808	-1	34993
348327234	-1	34279	404752990	-1	34993
348327234	-1	34279	11752344	-1	34993
348327234	-1	34279	69048383	-1	34993
348327234	-1	34279	154760463	-1	34993
348327234	-1	34279	173194088	-1	34993
348327234	-1	34279	329607581	-1	34993
348327234	-1	34279	43489487	-1	34993
348327234	-1	34279	83643546	-1	34993
348327234	-1	34279	131782769	-1	34993
348327234	-1	34279	175408110	-1	34993
348327234	-1	34279	175724513	-1	34993
348327234	-1	34279	210657852	-1	34993
348327234	-1	34279	219209648	-1	34993
348327234	-1	34279	233529673	-1	34993
348327234	-1	34279	255111765	-1	34993
348327234	-1	34279	256543442	-1	34993
348327234	-1	34279	299589779	-1	34993
348327234	-1	34279	306238256	-1	34993
348327234	-1	34279	333258325	-1	34993
348327234	-1	34279	335699827	-1	34993
348327234	-1	34279	379165776	-1	34993
348327234	-1	34279	388495997	-1	34993
348327234	-1	34279	415524173	-1	34993
348327234	-1	34279	420048130	-1	34993
348327234	-1	34279	437490865	-1	34993
348327234	-1	34279	437533164	-1	34993
348327234	-1	34279	68700318	-1	34993
348327234	-1	34279	240321283	-1	34993
348327234	-1	34279	335685100	-1	34993
348327234	-1	34279	379342342	-1	34993
348327234	-1	34279	1279350	-1	34993
348327234	-1	34279	131974076	-1	34993
348327234	-1	34279	146683313	-1	34993
348327234	-1	34279	170361935	-1	34993
348327234	-1	34279	175306266	-1	34993
348327234	-1	34279	213696312	-1	34993
348327234	-1	34279	233727569	-1	34993
348327234	-1	34279	262772297	-1	34993
348327234	-1	34279	262973907	-1	34993
348327234	-1	34279	316590396	-1	34993
348327234	-1	34279	343681945	-1	34993
348327234	-1	34279	350254497	-1	34993
348327234	-1	34279	408038382	-1	34993
348327234	-1	34279	417266277	-1	34993
348327234	-1	34279	83510961	-1	34993
348327234	-1	34279	88088916	-1	34993
348327234	-1	34279	213864838	-1	34993
348327234	-1	34279	241584382	-1	34993
348327234	-1	34279	262879174	-1	34993
348327234	-1	34279	291851866	-1	34993
348327234	-1	34279	374747484	-1	34993
348327234	-1	34279	393608836	-1	34993
348327234	-1	34279	774899	-1	34993
348327234	-1	34279	81262248	-1	34993
348327234	-1	34279	102945949	-1	34993
348327234	-1	34279	131764041	-1	34993
348327234	-1	34279	132099390	-1	34993
348327234	-1	34279	140640493	-1	34993
348327234	-1	34279	158829621	-1	34993
348327234	-1	34279	160854841	-1	34993
348327234	-1	34279	175629995	-1	34993
348327234	-1	34279	175660746	-1	34993
348327234	-1	34279	219032039	-1	34993
348327234	-1	34279	219143925	-1	34993
348327234	-1	34279	228097568	-1	34993
348327234	-1	34279	229841547	-1	34993
348327234	-1	34279	255502604	-1	34993
348327234	-1	34279	285224946	-1	34993
348327234	-1	34279	287964559	-1	34993
348327234	-1	34279	301781732	-1	34993
348327234	-1	34279	400185752	-1	34993
348327234	-1	34279	405071695	-1	34993
348327234	-1	34279	437022003	-1	34993
348327234	-1	34279	437144360	-1	34993
348327234	-1	34279	437432105	-1	34993
348327234	-1	34279	23674451	-1	34993
348327234	-1	34279	30297193	-1	34993
348327234	-1	34279	44869257	-1	34993
348327234	-1	34279	50587502	-1	34993
348327234	-1	34279	56938727	-1	34993
348327234	-1	34279	57879310	-1	34993
348327234	-1	34279	95794649	-1	34993
348327234	-1	34279	126113532	-1	34993
348327234	-1	34279	146553732	-1	34993
348327234	-1	34279	152445917	-1	34993
348327234	-1	34279	291696525	-1	34993
348327234	-1	34279	1274835	-1	34993
348327234	-1	34279	12096466	-1	34993
348327234	-1	34279	29865108	-1	34993
348327234	-1	34279	44401845	-1	34993
348327234	-1	34279	96477260	-1	34993
348327234	-1	34279	154682925	-1	34993
348327234	-1	34279	218931093	-1	34993
348327234	-1	34279	218931512	-1	34993
348327234	-1	34279	259991424	-1	34993
348327234	-1	34279	262562384	-1	34993
348327234	-1	34279	449302551	-1	34993
348327234	-1	34279	39928432	-1	34993
348327234	-1	34279	88398358	-1	34993
348327234	-1	34279	125013696	-1	34993
348327234	-1	34279	146652027	-1	34993
348327234	-1	34279	291894057	-1	34993
348327234	-1	34279	299845300	-1	34993
348327234	-1	34279	88421140	-1	34993
348327234	-1	34279	219403900	-1	34993
348327234	-1	34279	226003618	-1	34993
348327234	-1	34279	288764905	-1	34993
348327234	-1	34279	102655685	-1	34993
348327234	-1	34279	277187663	-1	34993
348327234	-1	34279	95455904	-1	34993
348327234	-1	34279	88084163	-1	34993
348327234	-1	34279	262616362	-1	34993
348327234	-1	34279	274299625	-1	34993
348327234	-1	34279	285953734	-1	34993
348327234	-1	34279	277386864	-1	34993
348327234	-1	34279	271752706	-1	34993
348327234	-1	34279	98694257	-1	34993
348327234	-1	34279	262655231	-1	34993
348327234	-1	34279	272282423	-1	34993
348327234	-1	34279	290734085	-1	34993
348327234	-1	34279	320858940	-1	34993
348327234	-1	34279	15650406	-1	34993
348327234	-1	34279	190057264	-1	34993
348327234	-1	34279	335241539	-1	34993
348327234	-1	34279	44861446	-1	34993
348327234	-1	34279	451607426	-1	34993
348327234	-1	34279	815487	-1	34993
348327234	-1	34279	30106959	-1	34993
348327234	-1	34279	59210254	-1	34993
348327234	-1	34279	175353563	-1	34993
348327234	-1	34279	219116515	-1	34993
348327234	-1	34279	437047368	-1	34993
348327234	-1	34279	73611501	-1	34993
348327234	-1	34279	117237495	-1	34993
348327234	-1	34279	364582778	-1	34999
348327234	-1	34279	357706200	-1	34999
348327234	-1	34279	432556737	-1	34999
 