24042873	1	2358	24042873	1	2358
24042873	1	2358	246572447	1	2358
24042873	1	2358	15407832	1	2545
24042873	1	2358	355415189	1	2548
24042873	1	2358	428535267	1	2551
24042873	1	2358	258956481	1	2551
24042873	1	2358	146312434	1	2566
24042873	1	2358	175437157	1	2566
24042873	1	2358	219144709	1	2566
24042873	1	2358	73937794	1	2629
24042873	1	2358	436854306	1	2644
24042873	1	2358	204777809	1	2650
24042873	1	2358	85401719	1	2662
24042873	1	2358	384710712	1	2662
24042873	1	2358	439169006	1	2662
24042873	1	2358	247574477	1	2665
24042873	1	2358	407679968	1	2665
24042873	1	2358	276851303	1	2665
24042873	1	2358	421968778	1	2665
24042873	1	2358	44306539	1	2665
24042873	1	2358	332549517	1	2665
24042873	1	2358	365231887	1	2668
24042873	1	2358	409030309	1	2674
24042873	1	2358	355627706	1	2677
24042873	1	2358	45648647	1	2677
24042873	1	2358	316916044	1	2677
24042873	1	2358	132038752	1	2680
24042873	1	2358	460794341	1	2680
24042873	1	2358	311992681	1	2680
24042873	1	2358	93683527	1	2680
24042873	1	2358	262868001	1	2686
24042873	1	2358	167879722	1	2686
24042873	1	2358	15697109	1	2689
24042873	1	2358	360412742	1	2689
24042873	1	2358	100264389	1	2689
24042873	1	2358	253626143	1	2692
24042873	1	2358	88108852	1	2692
24042873	1	2358	277882172	1	2692
24042873	1	2358	161549626	1	2692
24042873	1	2358	117797820	1	2692
24042873	1	2358	30549535	1	2692
24042873	1	2358	118052252	1	2692
24042873	1	2358	277755215	1	2692
24042873	1	2358	321691083	1	2692
24042873	1	2358	16007700	1	2692
24042873	1	2358	140958105	1	2692
24042873	1	2358	205302370	1	2692
24042873	1	2358	234146223	1	2692
24042873	1	2358	89212122	1	2692
24042873	1	2358	195408279	1	2695
24042873	1	2358	326405843	1	2695
24042873	1	2358	369907450	1	2695
24042873	1	2358	144861633	1	2695
24042873	1	2358	356403565	1	2695
24042873	1	2358	259128351	1	2695
24042873	1	2358	259927921	1	2695
24042873	1	2358	286993342	1	2695
24042873	1	2358	273744509	1	2695
24042873	1	2358	118397894	1	2695
24042873	1	2358	181248705	1	2698
24042873	1	2358	248928311	1	2698
24042873	1	2358	437715172	1	2698
24042873	1	2358	1963307	1	2698
24042873	1	2358	176079702	1	2698
24042873	1	2358	219705655	1	2698
24042873	1	2358	449505738	1	2701
24042873	1	2358	103567296	1	2701
24042873	1	2358	370288194	1	2704
24042873	1	2358	297580535	1	2704
24042873	1	2358	35822695	1	2704
24042873	1	2358	23090307	1	2704
24042873	1	2358	332310154	1	2704
24042873	1	2358	370190772	1	2704
24042873	1	2358	310852042	1	2704
24042873	1	2358	340882547	1	2707
24042873	1	2358	270411886	1	2707
24042873	1	2358	11208806	1	2707
24042873	1	2358	30206237	1	2707
24042873	1	2358	240645872	1	2707
24042873	1	2358	464320706	1	2707
24042873	1	2358	1051057	1	2707
24042873	1	2358	311794261	1	2710
24042873	1	2358	21226003	1	2710
24042873	1	2358	125212770	1	2710
24042873	1	2358	29925302	1	2710
24042873	1	2358	291684069	1	2710
24042873	1	2358	277134776	1	2710
24042873	1	2358	435812827	1	2710
24042873	1	2358	413596016	1	2710
24042873	1	2358	6654491	1	2713
24042873	1	2358	21031052	1	2713
24042873	1	2358	93740461	1	2713
24042873	1	2358	137365928	1	2713
24042873	1	2358	166619554	1	2713
24042873	1	2358	417153567	1	2713
24042873	1	2358	141834638	1	2713
24042873	1	2358	246657294	1	2713
24042873	1	2358	399295666	1	2713
24042873	1	2358	153215662	1	2713
24042873	1	2358	363337349	1	2713
24042873	1	2358	129743321	1	2713
24042873	1	2358	313086294	1	2713
24042873	1	2358	285705674	1	2713
24042873	1	2358	27140549	1	2713
24042873	1	2358	99163835	1	2713
24042873	1	2358	401753568	1	2713
24042873	1	2358	197573429	1	2713
24042873	1	2358	173945809	1	2713
24042873	1	2358	369973742	1	2713
24042873	1	2358	463737270	1	2713
24042873	1	2358	59025006	1	2713
24042873	1	2358	224491174	1	2713
24042873	1	2358	74603586	1	2716
24042873	1	2358	423664877	1	2716
24042873	1	2358	321390466	1	2716
24042873	1	2358	277853415	1	2716
24042873	1	2358	320137682	1	2716
24042873	1	2358	103729122	1	2728
24042873	1	2358	266009750	1	2728
24042873	1	2358	344605040	1	2728
24042873	1	2358	452595867	1	2728
24042873	1	2358	45483786	1	2728
24042873	1	2358	215835544	1	2728
24042873	1	2358	45084857	1	2728
24042873	1	2358	335948542	1	2728
24042873	1	2358	225636185	1	2728
24042873	1	2358	38080461	1	2728
24042873	1	2358	379595287	1	2728
24042873	1	2358	161614026	1	2728
24042873	1	2358	132499805	1	2728
24042873	1	2358	408681449	1	2734
24042873	1	2358	167274902	1	2737
24042873	1	2358	270870125	1	2737
24042873	1	2358	120138186	1	2737
24042873	1	2358	291850228	1	2749
24042873	1	2358	404970731	1	2788
24042873	1	2358	22280072	1	2803
419941384	1	12764	419941384	1	12764
419941384	1	12764	334049347	1	12764
419941384	1	12764	117232168	1	13252
348401258	1	19266	11142989	1	19263
348401258	1	19266	117457407	1	19266
348401258	1	19266	348401258	1	19266
348401258	1	19266	291610786	1	19266
348401258	1	19266	175278865	1	19266
348401258	1	19266	437196049	1	19266
348401258	1	19266	334434260	1	19272
348401258	1	19266	71928502	1	19272
348401258	1	19266	227894257	1	19272
348401258	1	19266	15766299	1	19272
348401258	1	19266	233571354	1	19272
348401258	1	19266	433589045	1	19278
348401258	1	19266	379015393	1	19281
348401258	1	19266	349823474	1	19281
348401258	1	19266	393448084	1	19281
348401258	1	19266	422643207	1	19281
348401258	1	19266	233629234	1	19281
348401258	1	19266	15319926	1	19281
348401258	1	19266	30048681	1	19281
348401258	1	19266	314762870	1	19287
348401258	1	19266	329782281	1	19287
348401258	1	19266	379019166	1	19290
348401258	1	19266	248170537	1	19293
348401258	1	19266	58971231	1	19293
348401258	1	19266	372666863	1	19293
348401258	1	19266	175434039	1	19293
348401258	1	19266	379045948	1	19293
348401258	1	19266	335277739	1	19299
348401258	1	19266	277412077	1	19299
348401258	1	19266	234642497	1	19320
348401258	1	19266	189846311	1	19323
348401258	1	19266	131678806	1	19323
348401258	1	19266	146475064	1	19323
348401258	1	19266	233720697	1	19323
348401258	1	19266	936173	1	19329
348401258	1	19266	277224137	1	19338
348401258	1	19266	292094855	1	19347
348401258	1	19266	263350785	1	19347
348401258	1	19266	248809207	1	19356
183124229	1	19838	131652741	1	19625
183124229	1	19838	146352790	1	19625
183124229	1	19838	131639499	1	19631
183124229	1	19838	407988056	1	19637
183124229	1	19838	437059660	1	19640
183124229	1	19838	437324407	1	19643
183124229	1	19838	189895687	1	19643
183124229	1	19838	437487410	1	19643
183124229	1	19838	146469128	1	19649
183124229	1	19838	117127374	1	19649
183124229	1	19838	218915505	1	19649
183124229	1	19838	335429343	1	19649
183124229	1	19838	408098921	1	19652
183124229	1	19838	379311058	1	19652
183124229	1	19838	422680277	1	19652
183124229	1	19838	117239531	1	19658
183124229	1	19838	364361421	1	19658
183124229	1	19838	408096103	1	19658
183124229	1	19838	320735390	1	19658
183124229	1	19838	378893520	1	19658
183124229	1	19838	184926251	1	19658
183124229	1	19838	420705775	1	19658
183124229	1	19838	30049550	1	19658
183124229	1	19838	131839113	1	19658
183124229	1	19838	379044179	1	19658
183124229	1	19838	248172776	1	19658
183124229	1	19838	407980946	1	19658
183124229	1	19838	44559725	1	19658
183124229	1	19838	59100105	1	19658
183124229	1	19838	349930739	1	19658
183124229	1	19838	73673673	1	19658
183124229	1	19838	393587117	1	19658
183124229	1	19838	204360678	1	19658
183124229	1	19838	102755622	1	19658
183124229	1	19838	190096110	1	19658
183124229	1	19838	204761062	1	19658
183124229	1	19838	233847187	1	19658
183124229	1	19838	393589421	1	19658
183124229	1	19838	117136877	1	19658
183124229	1	19838	73520879	1	19658
183124229	1	19838	335419798	1	19676
183124229	1	19838	306428346	1	19685
183124229	1	19838	306153569	1	19685
183124229	1	19838	73641242	1	19703
183124229	1	19838	146382187	1	19712
183124229	1	19838	291798260	1	19712
183124229	1	19838	131811902	1	19736
183124229	1	19838	146473942	1	19772
183124229	1	19838	183124229	1	19838
160857451	1	20113	704314	1	20113
160857451	1	20113	430443642	1	20113
160857451	1	20113	87681829	1	20113
160857451	1	20113	436769733	1	20113
160857451	1	20113	145874576	1	20113
160857451	1	20113	334694323	1	20113
160857451	1	20113	73339029	1	20113
160857451	1	20113	291321523	1	20113
160857451	1	20113	29779517	1	20113
160857451	1	20113	15229754	1	20113
160857451	1	20113	451233946	1	20113
160857451	1	20113	262194244	1	20113
160857451	1	20113	29400140	1	20113
160857451	1	20113	291180144	1	20113
160857451	1	20113	160857451	1	20113
160857451	1	20113	301576561	1	20113
160857451	1	20113	335402870	1	20113
160857451	1	20113	270371824	1	20113
160857451	1	20113	407664876	1	20113
160857451	1	20113	291571639	1	20113
160857451	1	20113	407602232	1	20113
160857451	1	20113	276851491	1	20113
160857451	1	20113	58377414	1	20113
160857451	1	20113	155486585	1	20113
160857451	1	20113	233033128	1	20113
160857451	1	20113	276803390	1	20113
160857451	1	20113	73145220	1	20113
160857451	1	20113	305377762	1	20113
160857451	1	20113	413980737	1	20113
160857451	1	20113	15286918	1	20113
160857451	1	20113	110991163	1	20113
160857451	1	20113	102472171	1	20113
160857451	1	20113	370354440	1	20113
160857451	1	20113	145972856	1	20113
160857451	1	20113	403616787	1	20113
160857451	1	20113	233131961	1	20113
160857451	1	20113	174839058	1	20113
160857451	1	20113	349389368	1	20113
160857451	1	20113	87513701	1	20113
160857451	1	20113	349748152	1	20113
160857451	1	20113	334879219	1	20113
160857451	1	20113	363988550	1	20113
160857451	1	20113	73229281	1	20113
160857451	1	20113	306048265	1	20116
160857451	1	20113	305871205	1	20116
160857451	1	20113	131082726	1	20116
160857451	1	20113	391067788	1	20116
160857451	1	20113	202802534	1	20116
160857451	1	20113	297784725	1	20116
160857451	1	20113	12935278	1	20116
160857451	1	20113	40688919	1	20116
160857451	1	20113	65271731	1	20116
160857451	1	20113	204154750	1	20116
160857451	1	20113	256598776	1	20116
160857451	1	20113	345985433	1	20116
160857451	1	20113	171449091	1	20116
160857451	1	20113	203866226	1	20116
160857451	1	20113	58576389	1	20116
160857451	1	20113	218331057	1	20116
160857451	1	20113	145712688	1	20116
160857451	1	20113	189471204	1	20116
160857451	1	20113	407597886	1	20116
160857451	1	20113	247634880	1	20116
160857451	1	20113	29513841	1	20116
160857451	1	20113	363969132	1	20116
160857451	1	20113	58383190	1	20116
160857451	1	20113	87681747	1	20116
160857451	1	20113	232912095	1	20116
160857451	1	20113	72924744	1	20116
160857451	1	20113	189471315	1	20116
160857451	1	20113	72921382	1	20116
160857451	1	20113	378354847	1	20116
160857451	1	20113	230312778	1	20116
160857451	1	20113	102493970	1	20116
160857451	1	20113	305658652	1	20116
160857451	1	20113	362382482	1	20116
160857451	1	20113	29702306	1	20116
160857451	1	20113	189270224	1	20116
160857451	1	20113	392906310	1	20116
160857451	1	20113	407551167	1	20116
160857451	1	20113	234171	1	20116
160857451	1	20113	247684532	1	20116
160857451	1	20113	364114483	1	20116
160857451	1	20113	291332362	1	20116
160857451	1	20113	131428678	1	20116
160857451	1	20113	451161919	1	20116
160857451	1	20113	29514432	1	20116
160857451	1	20113	393055783	1	20116
160857451	1	20113	28901769	1	20116
160857451	1	20113	440521747	1	20116
160857451	1	20113	214044593	1	20116
160857451	1	20113	174931654	1	20116
160857451	1	20113	14974140	1	20116
160857451	1	20113	276587044	1	20116
160857451	1	20113	262321367	1	20116
160857451	1	20113	457876	1	20116
160857451	1	20113	87993039	1	20116
160857451	1	20113	349708029	1	20116
160857451	1	20113	262281244	1	20116
160857451	1	20113	436499283	1	20116
160857451	1	20113	203966184	1	20116
160857451	1	20113	73167987	1	20116
160857451	1	20113	451492189	1	20116
160857451	1	20113	305951121	1	20116
160857451	1	20113	204014166	1	20116
160857451	1	20113	334812940	1	20116
160857451	1	20113	58505298	1	20116
160857451	1	20113	58586510	1	20116
160857451	1	20113	218852919	1	20116
160857451	1	20113	232881884	1	20297
160857451	1	20113	391650812	1	20297
160857451	1	20113	174724159	1	20297
160857451	1	20113	189307308	1	20297
160857451	1	20113	393439517	1	20297
160857451	1	20113	222085	1	20300
160857451	1	20113	305626437	1	20300
160857451	1	20113	196048959	1	20300
160857451	1	20113	501168	1	20300
160857451	1	20113	451248408	1	20300
160857451	1	20113	334839321	1	20300
160857451	1	20113	320489279	1	20300
160857451	1	20113	44364242	1	20300
160857451	1	20113	320118937	1	20300
160857451	1	20113	363810379	1	20300
160857451	1	20113	436854187	1	20300
160857451	1	20113	407670644	1	20300
160857451	1	20113	131245773	1	20300
160857451	1	20113	131409241	1	20300
160857451	1	20113	430921338	1	20300
160857451	1	20113	96411637	1	20300
160857451	1	20113	349557821	1	20300
160857451	1	20113	175106305	1	20300
160857451	1	20113	291298428	1	20300
160857451	1	20113	37101944	1	20300
160857451	1	20113	102357855	1	20300
160857451	1	20113	160693978	1	20300
160857451	1	20113	392849055	1	20300
160857451	1	20113	436915333	1	20300
160857451	1	20113	407816908	1	20300
160857451	1	20113	451055598	1	20300
160857451	1	20113	145660679	1	20300
160857451	1	20113	379376633	1	20300
160857451	1	20113	233408329	1	20300
160857451	1	20113	276551495	1	20300
160857451	1	20113	218383584	1	20300
160857451	1	20113	407412540	1	20300
160857451	1	20113	437543565	1	20300
160857451	1	20113	276824222	1	20300
160857451	1	20113	257781383	1	20300
160857451	1	20113	363906908	1	20300
160857451	1	20113	416060452	1	20300
160857451	1	20113	84530030	1	20300
160857451	1	20113	283356773	1	20300
160857451	1	20113	363851692	1	20300
160857451	1	20113	306144789	1	20300
160857451	1	20113	29868534	1	20300
160857451	1	20113	103004395	1	20300
160857451	1	20113	407765860	1	20300
160857451	1	20113	103004081	1	20300
160857451	1	20113	436051336	1	20300
160857451	1	20113	451603911	1	20300
160857451	1	20113	58475746	1	20300
160857451	1	20113	174811837	1	20300
160857451	1	20113	436494713	1	20300
160857451	1	20113	102036600	1	20300
160857451	1	20113	233193979	1	20300
255753510	1	24358	255753510	1	24358
255753510	1	24358	184787864	1	24358
255753510	1	24358	44523655	1	24358
255753510	1	24358	15490752	1	24397
255753510	1	24358	277519781	1	24403
255753510	1	24358	349818720	1	24412
255753510	1	24358	364345086	1	24412
255753510	1	24358	408344357	1	24481
255753510	1	24358	314988269	1	24691
255753510	1	24358	88136013	1	24691
255753510	1	24358	408050029	1	24691
255753510	1	24358	451671604	1	24691
255753510	1	24358	29968599	1	24691
255753510	1	24358	335511359	1	24697
255753510	1	24358	306194957	1	24703
255753510	1	24358	161014675	1	24709
255753510	1	24358	146472641	1	24709
255753510	1	24358	30350091	1	24712
255753510	1	24358	15598130	1	24712
255753510	1	24358	204639154	1	24712
255753510	1	24358	320971490	1	24715
255753510	1	24358	30136540	1	24715
255753510	1	24358	146219985	1	24715
255753510	1	24358	408097565	1	24715
255753510	1	24358	277254193	1	24715
255753510	1	24358	189972821	1	24715
255753510	1	24358	15347895	1	24715
255753510	1	24358	146469383	1	24715
255753510	1	24358	30016459	1	24715
255753510	1	24358	378981378	1	24718
255753510	1	24358	408113571	1	24718
255753510	1	24358	29941345	1	24718
255753510	1	24358	204545098	1	24718
255753510	1	24358	378900377	1	24718
255753510	1	24358	821816	1	24718
255753510	1	24358	117111370	1	24718
255753510	1	24358	349929808	1	24718
255753510	1	24358	437304403	1	24718
255753510	1	24358	378848779	1	24718
255753510	1	24358	44453578	1	24718
255753510	1	24358	276775801	1	24724
255753510	1	24358	335389778	1	24724
255753510	1	24358	306279768	1	24751
255753510	1	24358	379014987	1	24751
255753510	1	24358	320864925	1	24796
255753510	1	24358	320727767	1	24796
255753510	1	24358	187589194	1	24931
255753510	1	24358	356144192	1	24931
255753510	1	24358	102738008	1	24934
255753510	1	24358	5068605	1	24934
255753510	1	24358	326008209	1	24934
255753510	1	24358	397695124	1	24940
255753510	1	24358	335532761	1	24946
255753510	1	24358	102689627	1	24946
255753510	1	24358	437194268	1	24952
255753510	1	24358	308322537	1	24955
255753510	1	24358	121411162	1	24955
255753510	1	24358	150795930	1	24955
255753510	1	24358	34153368	1	24955
255753510	1	24358	179567099	1	24955
255753510	1	24358	339529403	1	24955
255753510	1	24358	368802681	1	24955
255753510	1	24358	77776004	1	24958
255753510	1	24358	106869883	1	24958
255753510	1	24358	189939284	1	24964
255753510	1	24358	219200564	1	24964
255753510	1	24358	414406625	1	24964
255753510	1	24358	255600034	1	24964
255753510	1	24358	55750637	1	24964
255753510	1	24358	244149897	1	24964
255753510	1	24358	24228834	1	24964
255753510	1	24358	363447646	1	24964
255753510	1	24358	307998994	1	24970
255753510	1	24358	410461968	1	24970
255753510	1	24358	322017889	1	24970
255753510	1	24358	462338864	1	24970
255753510	1	24358	264512593	1	24970
255753510	1	24358	238596064	1	24970
255753510	1	24358	332394898	1	24979
255753510	1	24358	324968026	1	24982
255753510	1	24358	33465755	1	25099
255753510	1	24358	117278586	1	25117
255753510	1	24358	20654815	1	25379
255753510	1	24358	448128290	1	25584
255753510	1	24358	321589840	1	25629
255753510	1	24358	136817995	1	25677
422496768	1	29489	102766208	1	29468
422496768	1	29489	102765925	1	29468
422496768	1	29489	422496768	1	29489
422496768	1	29489	102646788	1	29489
422496768	1	29489	102651829	1	29489
422496768	1	29489	190253265	1	29489
422496768	1	29489	29940177	1	29498
422496768	1	29489	248065994	1	29498
422496768	1	29489	161170979	1	29498
422496768	1	29489	88106180	1	29498
422496768	1	29489	102648290	1	29498
422496768	1	29489	219336807	1	29498
422496768	1	29489	335249024	1	29498
422496768	1	29489	451646379	1	29498
422496768	1	29489	277502778	1	29498
422496768	1	29489	301916508	1	29519
422496768	1	29489	248064813	1	29522
422496768	1	29489	29940035	1	29522
359376108	1	42701	359376108	1	42701
359376108	1	42701	67932074	1	42701
359376108	1	42701	146593045	1	43446
422496768	-1	29077	102766208	-1	29071
422496768	-1	29077	102765925	-1	29071
422496768	-1	29077	422496768	-1	29077
422496768	-1	29077	102646788	-1	29077
422496768	-1	29077	102651829	-1	29077
422496768	-1	29077	190253265	-1	29098
422496768	-1	29077	29940177	-1	29098
422496768	-1	29077	161170979	-1	29098
422496768	-1	29077	88106180	-1	29098
422496768	-1	29077	102648290	-1	29098
422496768	-1	29077	335249024	-1	29098
422496768	-1	29077	451646379	-1	29098
422496768	-1	29077	248065994	-1	29098
422496768	-1	29077	277502778	-1	29098
422496768	-1	29077	219336807	-1	29098
422496768	-1	29077	301916508	-1	29098
422496768	-1	29077	248064813	-1	29098
422496768	-1	29077	29940035	-1	29098
71284213	-1	35144	161084232	-1	35126
71284213	-1	35144	219981043	-1	35129
71284213	-1	35144	394204104	-1	35135
71284213	-1	35144	103372262	-1	35135
71284213	-1	35144	321723720	-1	35138
71284213	-1	35144	365143871	-1	35141
71284213	-1	35144	394228025	-1	35141
71284213	-1	35144	336060680	-1	35141
71284213	-1	35144	408769279	-1	35141
71284213	-1	35144	365144225	-1	35141
71284213	-1	35144	263353749	-1	35141
71284213	-1	35144	71284213	-1	35144
71284213	-1	35144	218429980	-1	35144
71284213	-1	35144	359482650	-1	35144
71284213	-1	35144	160501551	-1	35144
71284213	-1	35144	373591708	-1	35144
71284213	-1	35144	160501025	-1	35144
71284213	-1	35144	349300827	-1	35144
71284213	-1	35144	393168684	-1	35144
71284213	-1	35144	175198533	-1	35144
71284213	-1	35144	451865216	-1	35147
71284213	-1	35144	123743352	-1	35147
71284213	-1	35144	291241816	-1	35156
71284213	-1	35144	408774	-1	35156
71284213	-1	35144	154183829	-1	35156
71284213	-1	35144	373326113	-1	35156
71284213	-1	35144	181349276	-1	35156
71284213	-1	35144	99892218	-1	35156
71284213	-1	35144	230690938	-1	35156
71284213	-1	35144	278159606	-1	35156
71284213	-1	35144	349696310	-1	35159
71284213	-1	35144	176238835	-1	35159
71284213	-1	35144	73248250	-1	35159
71284213	-1	35144	204482531	-1	35159
71284213	-1	35144	58507140	-1	35159
71284213	-1	35144	74312719	-1	35162
71284213	-1	35144	1605392	-1	35162
71284213	-1	35144	422605637	-1	35165
71284213	-1	35144	379209348	-1	35165
71284213	-1	35144	262875640	-1	35165
71284213	-1	35144	291908317	-1	35165
71284213	-1	35144	218998833	-1	35165
71284213	-1	35144	361585841	-1	35165
71284213	-1	35144	73037015	-1	35165
71284213	-1	35144	277188438	-1	35165
71284213	-1	35144	335356532	-1	35165
71284213	-1	35144	436597192	-1	35165
71284213	-1	35144	116839178	-1	35165
71284213	-1	35144	335583204	-1	35165
71284213	-1	35144	408938737	-1	35165
71284213	-1	35144	306449574	-1	35168
71284213	-1	35144	131108904	-1	35168
71284213	-1	35144	350074648	-1	35168
71284213	-1	35144	88326282	-1	35168
71284213	-1	35144	14848833	-1	35168
71284213	-1	35144	306997147	-1	35168
71284213	-1	35144	102690304	-1	35168
71284213	-1	35144	15440112	-1	35168
71284213	-1	35144	88149724	-1	35168
71284213	-1	35144	234150746	-1	35168
71284213	-1	35144	452393580	-1	35168
71284213	-1	35144	394657815	-1	35168
71284213	-1	35144	307407164	-1	35168
71284213	-1	35144	263482658	-1	35168
71284213	-1	35144	59901238	-1	35168
71284213	-1	35144	452728347	-1	35168
71284213	-1	35144	394244483	-1	35168
71284213	-1	35144	117937354	-1	35168
71284213	-1	35144	176307837	-1	35168
71284213	-1	35144	234607	-1	35168
71284213	-1	35144	14775719	-1	35168
71284213	-1	35144	305608283	-1	35168
71284213	-1	35144	87754389	-1	35168
71284213	-1	35144	58677074	-1	35168
71284213	-1	35144	28081580	-1	35168
71284213	-1	35144	147130067	-1	35168
71284213	-1	35144	399760528	-1	35168
71284213	-1	35144	408625398	-1	35168
71284213	-1	35144	103506345	-1	35168
71284213	-1	35144	145921019	-1	35168
71284213	-1	35144	278003342	-1	35168
71284213	-1	35144	423419895	-1	35168
71284213	-1	35144	349504002	-1	35168
71284213	-1	35144	350603180	-1	35168
71284213	-1	35144	171897678	-1	35168
71284213	-1	35144	10691106	-1	35168
71284213	-1	35144	116982800	-1	35168
71284213	-1	35144	132001228	-1	35168
71284213	-1	35144	103533126	-1	35168
71284213	-1	35144	378492873	-1	35168
71284213	-1	35144	363812461	-1	35171
71284213	-1	35144	43858094	-1	35171
71284213	-1	35144	407380834	-1	35171
71284213	-1	35144	291064779	-1	35171
71284213	-1	35144	422712378	-1	35171
71284213	-1	35144	287480247	-1	35171
71284213	-1	35144	406671372	-1	35171
71284213	-1	35144	407397053	-1	35171
71284213	-1	35144	320789207	-1	35171
71284213	-1	35144	334727053	-1	35171
71284213	-1	35144	175481472	-1	35171
71284213	-1	35144	44231032	-1	35171
71284213	-1	35144	306511422	-1	35171
71284213	-1	35144	176144987	-1	35171
71284213	-1	35144	292477672	-1	35171
71284213	-1	35144	394268562	-1	35171
71284213	-1	35144	43858003	-1	35171
71284213	-1	35144	291066587	-1	35171
71284213	-1	35144	87752509	-1	35171
71284213	-1	35144	58401320	-1	35171
71284213	-1	35144	145649454	-1	35171
71284213	-1	35144	364045602	-1	35171
71284213	-1	35144	451023119	-1	35171
71284213	-1	35144	87483302	-1	35171
71284213	-1	35144	232898857	-1	35171
71284213	-1	35144	421938732	-1	35171
71284213	-1	35144	349231901	-1	35171
71284213	-1	35144	378315869	-1	35171
71284213	-1	35144	247441635	-1	35171
71284213	-1	35144	276524038	-1	35171
71284213	-1	35144	87135167	-1	35171
71284213	-1	35144	434913951	-1	35171
71284213	-1	35144	204126938	-1	35171
71284213	-1	35144	335637488	-1	35171
71284213	-1	35144	417620800	-1	35171
71284213	-1	35144	276522810	-1	35171
71284213	-1	35144	89280549	-1	35171
71284213	-1	35144	277520110	-1	35171
71284213	-1	35144	116879406	-1	35171
71284213	-1	35144	276523248	-1	35171
71284213	-1	35144	131383368	-1	35171
71284213	-1	35144	102538063	-1	35171
71284213	-1	35144	291106222	-1	35171
71284213	-1	35144	334964413	-1	35171
71284213	-1	35144	218665244	-1	35171
71284213	-1	35144	291375542	-1	35171
71284213	-1	35144	14774283	-1	35171
71284213	-1	35144	559690	-1	35171
71284213	-1	35144	451127161	-1	35171
71284213	-1	35144	190168030	-1	35171
71284213	-1	35144	247816824	-1	35171
71284213	-1	35144	175008203	-1	35171
71284213	-1	35144	175004581	-1	35171
71284213	-1	35144	189548999	-1	35171
71284213	-1	35144	262299703	-1	35171
71284213	-1	35144	407684566	-1	35171
71284213	-1	35144	276799633	-1	35171
71284213	-1	35144	190116606	-1	35174
71284213	-1	35144	393522505	-1	35174
71284213	-1	35144	451689772	-1	35174
71284213	-1	35144	58437238	-1	35174
71284213	-1	35144	30160298	-1	35174
71284213	-1	35144	219200375	-1	35174
71284213	-1	35144	15617533	-1	35174
71284213	-1	35144	379158006	-1	35174
71284213	-1	35144	277366016	-1	35174
71284213	-1	35144	185669203	-1	35174
71284213	-1	35144	73213955	-1	35174
71284213	-1	35144	363772485	-1	35174
71284213	-1	35144	44888160	-1	35174
71284213	-1	35144	74227317	-1	35174
71284213	-1	35144	147239551	-1	35174
71284213	-1	35144	45481711	-1	35174
71284213	-1	35144	102134047	-1	35174
71284213	-1	35144	131212703	-1	35174
71284213	-1	35144	45663418	-1	35174
71284213	-1	35144	277418835	-1	35174
71284213	-1	35144	378354180	-1	35174
71284213	-1	35144	103021394	-1	35174
71284213	-1	35144	422251141	-1	35174
71284213	-1	35144	305668679	-1	35174
71284213	-1	35144	205274605	-1	35174
71284213	-1	35144	318772142	-1	35174
71284213	-1	35144	116672951	-1	35174
71284213	-1	35144	422045852	-1	35174
71284213	-1	35144	29840231	-1	35174
71284213	-1	35144	343637113	-1	35174
71284213	-1	35144	131380446	-1	35174
71284213	-1	35144	58776793	-1	35174
71284213	-1	35144	351019371	-1	35174
71284213	-1	35144	220179702	-1	35174
71284213	-1	35144	394678459	-1	35174
71284213	-1	35144	363878623	-1	35174
71284213	-1	35144	277418744	-1	35174
71284213	-1	35144	504146	-1	35174
71284213	-1	35144	393125859	-1	35174
71284213	-1	35144	345995481	-1	35174
71284213	-1	35144	423223927	-1	35174
71284213	-1	35144	160387012	-1	35174
71284213	-1	35144	301128761	-1	35174
71284213	-1	35144	256903712	-1	35174
71284213	-1	35144	246460694	-1	35174
71284213	-1	35144	116837510	-1	35174
71284213	-1	35144	97023527	-1	35174
71284213	-1	35144	262160365	-1	35174
71284213	-1	35144	334964412	-1	35174
71284213	-1	35144	188675992	-1	35174
71284213	-1	35144	247712571	-1	35174
71284213	-1	35144	364805779	-1	35174
71284213	-1	35144	176554262	-1	35174
71284213	-1	35144	436636946	-1	35174
71284213	-1	35144	29473108	-1	35174
71284213	-1	35144	378702079	-1	35174
71284213	-1	35144	320457983	-1	35174
71284213	-1	35144	320525009	-1	35174
71284213	-1	35144	314526347	-1	35174
71284213	-1	35144	451294560	-1	35174
71284213	-1	35144	364763503	-1	35174
71284213	-1	35144	189701276	-1	35174
71284213	-1	35144	58400952	-1	35177
71284213	-1	35144	72942680	-1	35177
71284213	-1	35144	14776591	-1	35177
71284213	-1	35144	218358235	-1	35177
71284213	-1	35144	88323059	-1	35177
71284213	-1	35144	451024023	-1	35177
71284213	-1	35144	218356436	-1	35177
71284213	-1	35144	451860671	-1	35177
71284213	-1	35144	88321702	-1	35177
71284213	-1	35144	392895377	-1	35177
71284213	-1	35144	131150690	-1	35177
71284213	-1	35144	377064565	-1	35177
71284213	-1	35144	232898050	-1	35177
71284213	-1	35144	131109205	-1	35177
71284213	-1	35144	1646341	-1	35177
71284213	-1	35144	232898786	-1	35177
71284213	-1	35144	213503359	-1	35177
71284213	-1	35144	218722218	-1	35177
71284213	-1	35144	321393701	-1	35177
71284213	-1	35144	247441043	-1	35177
71284213	-1	35144	161938180	-1	35177
71284213	-1	35144	225809161	-1	35177
71284213	-1	35144	318844266	-1	35177
71284213	-1	35144	205437797	-1	35177
71284213	-1	35144	87759416	-1	35177
71284213	-1	35144	305884163	-1	35177
71284213	-1	35144	44129632	-1	35177
71284213	-1	35144	291389007	-1	35177
71284213	-1	35144	291336507	-1	35177
71284213	-1	35144	25635948	-1	35177
71284213	-1	35144	423225995	-1	35177
71284213	-1	35144	460213424	-1	35177
71284213	-1	35144	103646932	-1	35177
71284213	-1	35144	291904585	-1	35177
71284213	-1	35144	29315992	-1	35180
71284213	-1	35144	378353731	-1	35180
71284213	-1	35144	247711536	-1	35180
71284213	-1	35144	451022887	-1	35180
71284213	-1	35144	131107886	-1	35180
71284213	-1	35144	160191217	-1	35180
71284213	-1	35144	232940742	-1	35180
71284213	-1	35144	73211356	-1	35180
71284213	-1	35144	392892855	-1	35180
71284213	-1	35144	29560990	-1	35180
71284213	-1	35144	400465347	-1	35180
71284213	-1	35144	102302140	-1	35180
71284213	-1	35144	407641847	-1	35180
71284213	-1	35144	247440379	-1	35180
71284213	-1	35144	273585	-1	35180
71284213	-1	35144	286326598	-1	35180
71284213	-1	35144	320150192	-1	35180
71284213	-1	35144	189732131	-1	35180
71284213	-1	35144	218600705	-1	35180
71284213	-1	35144	145974785	-1	35180
71284213	-1	35144	58436568	-1	35180
71284213	-1	35144	116872555	-1	35180
71284213	-1	35144	256178989	-1	35180
71284213	-1	35144	262258514	-1	35180
71284213	-1	35144	232940106	-1	35180
71284213	-1	35144	146174093	-1	35180
71284213	-1	35144	218358629	-1	35180
71284213	-1	35144	218478850	-1	35180
71284213	-1	35144	87643443	-1	35180
71284213	-1	35144	116639402	-1	35180
71284213	-1	35144	276523703	-1	35180
71284213	-1	35144	334690271	-1	35180
71284213	-1	35144	270580639	-1	35180
71284213	-1	35144	430002927	-1	35180
71284213	-1	35144	276800160	-1	35180
71284213	-1	35144	233925043	-1	35180
71284213	-1	35144	44165234	-1	35180
71284213	-1	35144	102026227	-1	35180
71284213	-1	35144	145688006	-1	35180
71284213	-1	35144	247907694	-1	35180
71284213	-1	35144	451308767	-1	35180
71284213	-1	35144	175016422	-1	35180
71284213	-1	35144	87761357	-1	35180
71284213	-1	35144	29316680	-1	35183
71284213	-1	35144	29316533	-1	35183
71284213	-1	35144	334690171	-1	35183
71284213	-1	35144	378315107	-1	35183
71284213	-1	35144	364048002	-1	35183
71284213	-1	35144	390493506	-1	35186
71284213	-1	35144	415846308	-1	35186
71284213	-1	35144	421938867	-1	35186
71284213	-1	35144	247757934	-1	35195
71284213	-1	35144	407705181	-1	35201
71284213	-1	35144	14927851	-1	35201
71284213	-1	35144	72982306	-1	35201
71284213	-1	35144	189274437	-1	35204
71284213	-1	35144	378313966	-1	35204
71284213	-1	35144	131145992	-1	35207
71284213	-1	35144	334730597	-1	35207
71284213	-1	35144	393164271	-1	35207
71284213	-1	35144	276796654	-1	35240
71284213	-1	35144	426547306	-1	35258
71284213	-1	35144	204480658	-1	35264
71284213	-1	35144	161263040	-1	35267
71284213	-1	35144	276700546	-1	35273
71284213	-1	35144	218533742	-1	35273
71284213	-1	35144	364042797	-1	35291
71284213	-1	35144	378314609	-1	35297
71284213	-1	35144	142215621	-1	35312
71284213	-1	35144	145692438	-1	35315
71284213	-1	35144	14776271	-1	35321
71284213	-1	35144	42051395	-1	35324
71284213	-1	35144	408240807	-1	35345
71284213	-1	35144	73253247	-1	35354
71284213	-1	35144	272375	-1	35357
71284213	-1	35144	43899830	-1	35363
71284213	-1	35144	73095489	-1	35393
71284213	-1	35144	72940833	-1	35393
71284213	-1	35144	131380109	-1	35444
71284213	-1	35144	458490599	-1	35501
71284213	-1	35144	320991653	-1	35501
71284213	-1	35144	203857042	-1	35519
71284213	-1	35144	203857771	-1	35519
71284213	-1	35144	160428829	-1	35540
71284213	-1	35144	72978427	-1	35543
71284213	-1	35144	349274250	-1	35543
71284213	-1	35144	102065226	-1	35543
71284213	-1	35144	291904376	-1	35546
71284213	-1	35144	232900324	-1	35555
71284213	-1	35144	343295414	-1	35573
71284213	-1	35144	276699983	-1	35582
71284213	-1	35144	393887330	-1	35585
71284213	-1	35144	247440699	-1	35588
335554420	-1	35822	272913817	-1	35666
335554420	-1	35822	349272938	-1	35675
335554420	-1	35822	203819471	-1	35675
335554420	-1	35822	131109146	-1	35726
335554420	-1	35822	219047908	-1	35729
335554420	-1	35822	161130550	-1	35732
335554420	-1	35822	1136480	-1	35732
335554420	-1	35822	262820788	-1	35741
335554420	-1	35822	72942874	-1	35741
335554420	-1	35822	204708953	-1	35741
335554420	-1	35822	335725726	-1	35747
335554420	-1	35822	349274615	-1	35750
335554420	-1	35822	335554420	-1	35822
335554420	-1	35822	364667958	-1	35858
335554420	-1	35822	349231987	-1	35867
117232311	-1	36267	350228027	-1	36264
117232311	-1	36267	117232311	-1	36267
117232311	-1	36267	44524475	-1	36267
117232311	-1	36267	451689535	-1	36267
117232311	-1	36267	258801066	-1	36267
117232311	-1	36267	88148485	-1	36267
117232311	-1	36267	175398988	-1	36267
117232311	-1	36267	189940422	-1	36270
117232311	-1	36267	72979633	-1	36270
117232311	-1	36267	204480460	-1	36270
117232311	-1	36267	29982410	-1	36273
117232311	-1	36267	277189198	-1	36273
117232311	-1	36267	204480680	-1	36276
117232311	-1	36267	87720647	-1	36276
117232311	-1	36267	191001163	-1	36276
117232311	-1	36267	249211028	-1	36279
117232311	-1	36267	117906653	-1	36279
117232311	-1	36267	218999503	-1	36291
117232311	-1	36267	44499195	-1	36291
117232311	-1	36267	349896335	-1	36294
117232311	-1	36267	189940593	-1	36294
117232311	-1	36267	320148477	-1	36297
117232311	-1	36267	146314721	-1	36300
117232311	-1	36267	247439753	-1	36300
117232311	-1	36267	131773736	-1	36300
117232311	-1	36267	378316055	-1	36303
117232311	-1	36267	349231884	-1	36303
117232311	-1	36267	349232340	-1	36306
117232311	-1	36267	15045956	-1	36309
117232311	-1	36267	14816513	-1	36315
117232311	-1	36267	334959810	-1	36315
117232311	-1	36267	409183030	-1	36315
117232311	-1	36267	152056185	-1	36315
117232311	-1	36267	253656713	-1	36315
117232311	-1	36267	442968882	-1	36315
117232311	-1	36267	355667678	-1	36315
117232311	-1	36267	146290844	-1	36315
117232311	-1	36267	275944906	-1	36315
117232311	-1	36267	364440219	-1	36315
117232311	-1	36267	291103826	-1	36318
117232311	-1	36267	320189674	-1	36318
117232311	-1	36267	363810203	-1	36318
117232311	-1	36267	262025094	-1	36318
117232311	-1	36267	145693010	-1	36318
117232311	-1	36267	14815954	-1	36318
117232311	-1	36267	145720279	-1	36318
117232311	-1	36267	116637148	-1	36318
117232311	-1	36267	73014900	-1	36318
117232311	-1	36267	276891515	-1	36318
117232311	-1	36267	203858825	-1	36318
117232311	-1	36267	307097210	-1	36318
117232311	-1	36267	174771720	-1	36318
117232311	-1	36267	175003700	-1	36318
117232311	-1	36267	58442209	-1	36321
117232311	-1	36267	102341232	-1	36321
117232311	-1	36267	249262745	-1	36321
117232311	-1	36267	1913518	-1	36321
117232311	-1	36267	174771626	-1	36324
117232311	-1	36267	249237773	-1	36327
117232311	-1	36267	116606915	-1	36327
117232311	-1	36267	407411396	-1	36330
117232311	-1	36267	160250637	-1	36330
117232311	-1	36267	175163566	-1	36330
117232311	-1	36267	421998900	-1	36330
117232311	-1	36267	117904649	-1	36333
117232311	-1	36267	60179915	-1	36336
117232311	-1	36267	321487511	-1	36339
117232311	-1	36267	349271967	-1	36342
117232311	-1	36267	276694635	-1	36348
117232311	-1	36267	378588101	-1	36366
117232311	-1	36267	175397048	-1	36408
117232311	-1	36267	407518409	-1	36408
117232311	-1	36267	393096563	-1	36429
117232311	-1	36267	174771467	-1	36438
117232311	-1	36267	349269405	-1	36447
117232311	-1	36267	404820522	-1	36450
117232311	-1	36267	166392705	-1	36453
117232311	-1	36267	379061517	-1	36462
117232311	-1	36267	334730326	-1	36471
117232311	-1	36267	176381031	-1	36471
117232311	-1	36267	58670801	-1	36474
117232311	-1	36267	44524372	-1	36486
117232311	-1	36267	377137211	-1	36498
117232311	-1	36267	111338029	-1	36498
117232311	-1	36267	145852711	-1	36498
117232311	-1	36267	233224329	-1	36504
117232311	-1	36267	274070	-1	36522
117232311	-1	36267	436525573	-1	36618
117232311	-1	36267	399891463	-1	36630
117232311	-1	36267	232879439	-1	36636
117232311	-1	36267	306272314	-1	36648
117232311	-1	36267	73606088	-1	36660
117232311	-1	36267	437147872	-1	36693
117232311	-1	36267	248107023	-1	36729
117232311	-1	36267	248105136	-1	36765
 