663481	1	205	6.998E-51	2	20030	20854	461	135	0.529	2.811E-32	27	153	421	20030	20428	399	19919	20440
663481	1	205	6.998E-51	2	20030	20854	471	70	0.339	2.672E-10	153	270	421	20489	20854	366	20465	20863
15262684	1	72	7.620E-11	2	19976	21178	461	141	0.497	1.831E-34	8	157	427	19976	20428	453	19919	20440
15262684	1	72	7.620E-11	2	19976	21178	479	44	0.232	2.261E-01	272	412	427	20873	21178	306	20867	21295
29980035	1	710	6.681E-203	3	19979	21268	461	266	0.849	1.373E-77	0	149	397	19979	20428	450	19919	20440
29980035	1	710	6.681E-203	3	19979	21268	471	229	0.911	1.546E-65	149	265	397	20489	20845	357	20465	20863
29980035	1	710	6.681E-203	3	19979	21268	479	216	0.829	6.060E-61	264	387	397	20894	21268	375	20867	21295
30209428	1	436	2.028E-120	3	19985	21208	461	181	0.616	5.265E-48	1	147	368	19985	20428	444	19919	20440
30209428	1	436	2.028E-120	3	19985	21208	471	142	0.598	2.321E-35	147	266	368	20489	20845	357	20465	20863
30209428	1	436	2.028E-120	3	19985	21208	479	114	0.556	1.401E-25	265	367	368	20894	21208	315	20867	21295
43880247	1	199	4.479E-49	2	20045	20839	461	130	0.528	1.676E-30	85	209	461	20045	20428	384	19919	20440
43880247	1	199	4.479E-49	2	20045	20839	471	69	0.342	5.008E-10	209	327	461	20489	20839	351	20465	20863
44181585	1	227	1.668E-57	2	20027	20845	461	151	0.574	1.315E-37	25	158	401	20027	20428	402	19919	20440
44181585	1	227	1.668E-57	2	20027	20845	471	76	0.368	1.749E-12	158	273	401	20489	20845	357	20465	20863
72986718	1	196	3.583E-48	2	20024	20860	461	146	0.557	4.194E-36	29	160	413	20024	20428	405	19919	20440
72986718	1	196	3.583E-48	2	20024	20860	471	50	0.268	1.664E-03	160	276	413	20489	20860	372	20465	20863
73114253	1	136	4.131E-30	1	20030	20428	461	136	0.533	1.094E-32	27	153	254	20030	20428	399	19919	20440
73379312	1	87	2.325E-15	2	20033	21184	461	153	0.588	2.724E-38	38	167	434	20033	20428	396	19919	20440
73379312	1	87	2.325E-15	2	20033	21184	479	53	0.266	1.364E-04	288	423	434	20894	21184	291	20867	21295
87584531	1	193	2.866E-47	2	20036	20845	461	140	0.551	6.447E-34	27	155	422	20036	20428	393	19919	20440
87584531	1	193	2.866E-47	2	20036	20845	471	53	0.281	1.377E-04	155	277	422	20489	20845	357	20465	20863
87920026	1	187	1.834E-45	2	20012	20845	461	132	0.500	2.540E-31	22	161	418	20012	20428	417	19919	20440
87920026	1	187	1.834E-45	2	20012	20845	471	55	0.293	2.892E-05	161	273	418	20489	20845	357	20465	20863
87957729	1	205	6.998E-51	2	20036	20845	461	143	0.562	3.797E-35	38	166	440	20036	20428	393	19919	20440
87957729	1	205	6.998E-51	2	20036	20845	471	62	0.305	1.037E-07	166	292	440	20489	20845	357	20465	20863
101794541	1	204	1.400E-50	2	20033	20845	461	133	0.526	1.354E-31	22	150	405	20033	20428	396	19919	20440
101794541	1	204	1.400E-50	2	20033	20845	471	71	0.351	7.606E-11	150	261	405	20489	20845	357	20465	20863
108880901	1	63	3.901E-08	2	20036	21184	461	141	0.553	3.436E-34	41	169	438	20036	20428	393	19919	20440
108880901	1	63	3.901E-08	2	20036	21184	479	38	0.214	3.001E+01	287	425	438	20882	21184	303	20867	21295
116662489	1	194	1.433E-47	2	20030	20845	461	145	0.560	1.078E-35	29	158	410	20030	20428	399	19919	20440
116662489	1	194	1.433E-47	2	20030	20845	471	49	0.272	3.100E-03	158	265	410	20489	20845	357	20465	20863
116757210	1	207	1.749E-51	2	20021	20845	461	153	0.576	1.451E-38	25	157	422	20021	20428	408	19919	20440
116757210	1	207	1.749E-51	2	20021	20845	471	54	0.285	5.400E-05	157	279	422	20489	20845	357	20465	20863
117277686	1	288	7.235E-76	2	20489	21208	471	169	0.693	1.094E-44	142	261	364	20489	20845	357	20465	20863
117277686	1	288	7.235E-76	2	20489	21208	479	127	0.576	5.808E-30	253	363	364	20873	21208	336	20867	21295
131501797	1	114	1.733E-23	1	20153	20428	461	114	0.619	4.806E-25	4	95	167	20153	20428	276	19919	20440
145789615	1	202	5.598E-50	2	19976	20845	461	151	0.520	9.596E-38	2	153	423	19976	20428	453	19919	20440
145789615	1	202	5.598E-50	2	19976	20845	471	51	0.273	4.790E-04	153	277	423	20489	20845	357	20465	20863
159023221	1	846	7.669E-244	3	19979	21295	461	310	0.975	4.506E-93	0	149	400	19979	20428	450	19919	20440
159023221	1	846	7.669E-244	3	19979	21295	471	256	1.000	3.873E-75	149	267	400	20489	20845	357	20465	20863
159023221	1	846	7.669E-244	3	19979	21295	479	281	0.986	1.436E-83	266	399	400	20894	21295	402	20867	21295
174735445	1	246	3.182E-63	2	20054	20845	461	156	0.625	2.194E-39	0	124	364	20054	20428	375	19919	20440
174735445	1	246	3.182E-63	2	20054	20845	471	90	0.418	2.088E-17	124	239	364	20489	20845	357	20465	20863
175018474	1	70	3.048E-10	2	20045	21151	461	127	0.519	1.513E-29	32	159	437	20045	20428	384	19919	20440
175018474	1	70	3.048E-10	2	20045	21151	479	46	0.243	6.610E-02	264	397	437	20873	21151	279	20867	21295
175043539	1	179	4.696E-43	2	20141	20839	461	121	0.626	3.162E-27	15	110	336	20141	20428	288	19919	20440
175043539	1	179	4.696E-43	2	20141	20839	471	58	0.306	3.245E-06	110	198	336	20489	20839	351	20465	20863
175627159	1	265	6.070E-69	2	19970	20653	461	198	0.647	4.987E-54	1	151	207	19970	20428	459	19919	20440
175627159	1	265	6.070E-69	2	19970	20653	471	67	0.589	2.406E-09	151	206	207	20489	20653	165	20465	20863
189423934	1	68	1.219E-09	2	20045	21178	461	126	0.517	2.838E-29	31	158	436	20045	20428	384	19919	20440
189423934	1	68	1.219E-09	2	20045	21178	479	45	0.233	1.223E-01	263	405	436	20873	21178	306	20867	21295
203850601	1	82	7.441E-14	2	20030	21178	461	148	0.569	1.191E-36	24	154	419	20030	20428	399	19919	20440
203850601	1	82	7.441E-14	2	20030	21178	479	46	0.243	3.571E-02	268	404	419	20873	21178	306	20867	21295
204047035	1	70	3.048E-10	2	20045	21151	461	126	0.517	2.838E-29	32	159	437	20045	20428	384	19919	20440
204047035	1	70	3.048E-10	2	20045	21151	479	47	0.248	1.927E-02	264	397	437	20873	21151	279	20867	21295
204126990	1	174	1.503E-41	2	20141	20839	461	117	0.612	3.900E-26	20	115	368	20141	20428	288	19919	20440
204126990	1	174	1.503E-41	2	20141	20839	471	57	0.302	8.290E-06	115	230	368	20489	20839	351	20465	20863
204235945	1	150	2.521E-34	2	20036	20845	461	143	0.562	3.797E-35	20	148	445	20036	20428	393	19919	20440
204235945	1	150	2.521E-34	2	20036	20845	471	53	0.304	1.881E-04	196	302	445	20546	20845	300	20465	20863
218456060	1	69	6.096E-10	2	20045	21151	461	127	0.519	1.513E-29	32	159	437	20045	20428	384	19919	20440
218456060	1	69	6.096E-10	2	20045	21151	479	45	0.241	1.223E-01	264	397	437	20873	21151	279	20867	21295
227425774	1	526	1.638E-147	3	19985	21208	461	213	0.710	2.276E-59	1	146	369	19985	20428	444	19919	20440
227425774	1	526	1.638E-147	3	19985	21208	471	165	0.679	2.574E-43	146	265	369	20489	20845	357	20465	20863
227425774	1	526	1.638E-147	3	19985	21208	479	156	0.688	3.062E-40	257	368	369	20873	21208	336	20867	21295
233037617	1	68	1.219E-09	2	20045	21151	461	125	0.510	9.975E-29	32	159	437	20045	20428	384	19919	20440
233037617	1	68	1.219E-09	2	20045	21151	479	46	0.244	4.859E-02	264	397	437	20873	21151	279	20867	21295
233311811	1	229	4.171E-58	2	20042	20845	461	157	0.605	8.529E-40	74	204	464	20042	20428	387	19919	20440
233311811	1	229	4.171E-58	2	20042	20845	471	72	0.354	4.057E-11	204	319	464	20489	20845	357	20465	20863
247603707	1	62	7.803E-08	2	20045	21151	461	119	0.490	1.520E-26	20	147	425	20045	20428	384	19919	20440
247603707	1	62	7.803E-08	2	20045	21151	479	46	0.246	3.571E-02	252	385	425	20873	21151	279	20867	21295
247800843	1	72	7.620E-11	2	20045	21178	461	127	0.519	1.513E-29	29	156	434	20045	20428	384	19919	20440
247800843	1	72	7.620E-11	2	20045	21178	479	48	0.241	1.416E-02	261	403	434	20873	21178	306	20867	21295
247873671	1	193	2.866E-47	2	20036	20845	461	144	0.565	2.023E-35	25	153	420	20036	20428	393	19919	20440
247873671	1	193	2.866E-47	2	20036	20845	471	49	0.265	3.100E-03	153	277	420	20489	20845	357	20465	20863
248334590	1	352	3.922E-95	3	20189	21208	461	118	0.715	2.849E-26	0	79	359	20189	20428	240	19919	20440
248334590	1	352	3.922E-95	3	20189	21208	471	123	0.393	8.869E-29	79	257	359	20489	20845	357	20465	20863
248334590	1	352	3.922E-95	3	20189	21208	479	112	0.548	6.776E-25	256	358	359	20894	21208	315	20867	21295
261995579	1	143	3.227E-32	1	19991	20428	461	143	0.507	3.797E-35	9	157	160	19991	20428	438	19919	20440
277026443	1	143	3.227E-32	1	20033	20428	461	143	0.559	3.797E-35	24	153	205	20033	20428	396	19919	20440
277236604	1	439	2.535E-121	3	20042	21208	461	175	0.674	3.167E-46	29	154	377	20042	20428	387	19919	20440
277236604	1	439	2.535E-121	3	20042	21208	471	140	0.587	1.126E-34	154	274	377	20489	20845	357	20465	20863
277236604	1	439	2.535E-121	3	20042	21208	479	125	0.601	2.051E-29	273	375	377	20894	21208	315	20867	21295
291185443	1	66	4.877E-09	2	20036	21178	461	138	0.566	2.269E-33	27	149	415	20036	20410	375	19919	20440
291185443	1	66	4.877E-09	2	20036	21178	479	40	0.224	3.560E+00	263	400	415	20873	21178	306	20867	21295
291355109	1	190	2.293E-46	2	19979	20845	461	137	0.467	7.987E-33	0	157	422	19979	20428	450	19919	20440
291355109	1	190	2.293E-46	2	19979	20845	471	53	0.282	1.008E-04	157	279	422	20489	20845	357	20465	20863
299880927	1	68	1.219E-09	2	19979	21151	461	126	0.444	2.838E-29	0	155	433	19979	20428	450	19919	20440
299880927	1	68	1.219E-09	2	19979	21151	479	45	0.241	1.223E-01	260	393	433	20873	21151	279	20867	21295
305949299	1	58	1.248E-06	2	20045	21151	461	124	0.507	2.561E-28	32	159	437	20045	20428	384	19919	20440
305949299	1	58	1.248E-06	2	20045	21151	479	37	0.217	4.066E+01	264	397	437	20873	21151	279	20867	21295
305981836	1	83	3.721E-14	2	20036	21184	461	146	0.570	5.746E-36	27	155	422	20036	20428	393	19919	20440
305981836	1	83	3.721E-14	2	20036	21184	479	49	0.244	5.607E-03	269	411	422	20873	21184	312	20867	21295
306502257	1	100	2.839E-19	1	20894	21181	479	100	0.534	1.620E-20	18	112	123	20894	21181	288	20867	21295
320176378	1	211	1.093E-52	2	20051	20839	461	140	0.568	6.447E-34	26	150	402	20051	20428	378	19919	20440
320176378	1	211	1.093E-52	2	20051	20839	471	71	0.353	1.041E-10	150	264	402	20489	20839	351	20465	20863
320178908	1	230	2.085E-58	3	20036	21184	461	143	0.561	5.201E-35	29	157	423	20036	20428	393	19919	20440
320178908	1	230	2.085E-58	3	20036	21184	471	55	0.289	2.116E-05	157	279	423	20489	20845	357	20465	20863
320178908	1	230	2.085E-58	3	20036	21184	479	40	0.220	3.560E+00	271	412	423	20873	21184	312	20867	21295
320305439	1	66	4.877E-09	2	20036	21184	461	146	0.570	5.746E-36	35	163	433	20036	20428	393	19919	20440
320305439	1	66	4.877E-09	2	20036	21184	479	36	0.211	7.455E+01	281	419	433	20882	21184	303	20867	21295
320567819	1	150	2.521E-34	1	20030	20434	461	150	0.570	1.801E-37	58	190	194	20030	20434	405	19919	20440
334852086	1	55	9.988E-06	1	20489	20845	471	55	0.295	2.116E-05	32	147	164	20489	20845	357	20465	20863
334854303	1	144	1.614E-32	1	20036	20428	461	144	0.563	2.772E-35	25	153	222	20036	20428	393	19919	20440
334952922	1	62	7.803E-08	2	20036	21196	461	141	0.554	2.509E-34	41	169	438	20036	20428	393	19919	20440
334952922	1	62	7.803E-08	2	20036	21196	479	37	0.212	4.066E+01	287	427	438	20882	21196	315	20867	21295
349236332	1	172	6.011E-41	2	20018	20845	461	132	0.501	2.540E-31	54	190	464	20018	20434	417	19919	20440
349236332	1	172	6.011E-41	2	20018	20845	471	42	0.238	1.114E+00	188	313	464	20489	20845	357	20465	20863
359932685	1	198	8.957E-49	2	20042	20845	461	123	0.500	3.506E-28	37	166	424	20042	20428	387	19919	20440
359932685	1	198	8.957E-49	2	20042	20845	471	75	0.363	4.492E-12	166	280	424	20489	20845	357	20465	20863
363902557	1	209	4.374E-52	2	20006	20845	461	154	0.551	5.642E-39	10	154	501	20006	20428	423	19919	20440
363902557	1	209	4.374E-52	2	20006	20845	471	55	0.295	2.116E-05	154	268	501	20489	20845	357	20465	20863
364017321	1	58	1.248E-06	2	20045	21151	461	115	0.479	2.566E-25	32	159	437	20045	20428	384	19919	20440
364017321	1	58	1.248E-06	2	20045	21151	479	46	0.246	3.571E-02	264	397	437	20873	21151	279	20867	21295
364616298	1	501	5.496E-140	3	19988	21208	461	199	0.674	1.413E-54	154	297	604	19988	20428	441	19919	20440
364616298	1	501	5.496E-140	3	19988	21208	471	158	0.649	7.578E-41	297	417	604	20489	20845	357	20465	20863
364616298	1	501	5.496E-140	3	19988	21208	479	145	0.682	2.108E-36	416	520	604	20894	21208	315	20867	21295
378315237	1	189	4.586E-46	2	20009	20845	461	135	0.507	3.850E-32	20	159	418	20009	20428	420	19919	20440
378315237	1	189	4.586E-46	2	20009	20845	471	54	0.290	5.400E-05	159	272	418	20489	20845	357	20465	20863
381359592	1	105	8.871E-21	2	20489	21178	471	67	0.337	2.406E-09	120	231	344	20489	20842	354	20465	20863
381359592	1	105	8.871E-21	2	20489	21178	479	45	0.263	8.992E-02	224	338	344	20873	21178	306	20867	21295
393189355	1	243	2.546E-62	3	20036	21184	461	142	0.558	9.760E-35	183	312	581	20036	20428	393	19919	20440
393189355	1	243	2.546E-62	3	20036	21184	471	63	0.314	5.540E-08	312	434	581	20489	20845	357	20465	20863
393189355	1	243	2.546E-62	3	20036	21184	479	38	0.218	2.215E+01	434	569	581	20897	21184	288	20867	21295
407700193	1	96	4.542E-18	2	20489	21100	471	59	0.304	1.736E-06	95	214	320	20489	20845	357	20465	20863
407700193	1	96	4.542E-18	2	20489	21100	479	38	0.314	1.634E+01	213	284	320	20894	21100	207	20867	21295
422121334	1	249	3.978E-64	3	20009	21178	461	149	0.542	6.345E-37	22	163	422	20009	20428	420	19919	20440
422121334	1	249	3.978E-64	3	20009	21178	471	69	0.342	5.008E-10	163	278	422	20489	20845	357	20465	20863
422121334	1	249	3.978E-64	3	20009	21178	479	41	0.241	2.623E+00	290	410	422	20933	21178	246	20867	21295
430074235	1	211	1.093E-52	2	20030	20845	461	137	0.534	7.987E-33	26	157	426	20030	20428	399	19919	20440
430074235	1	211	1.093E-52	2	20030	20845	471	74	0.362	6.152E-12	157	272	426	20489	20845	357	20465	20863
436587283	1	210	2.187E-52	2	20051	20839	461	145	0.584	1.477E-35	26	150	403	20051	20428	378	19919	20440
436587283	1	210	2.187E-52	2	20051	20839	471	65	0.332	1.155E-08	150	265	403	20489	20839	351	20465	20863
451269715	1	82	7.441E-14	2	20012	21178	461	150	0.556	1.801E-37	17	155	422	20012	20428	417	19919	20440
451269715	1	82	7.441E-14	2	20012	21178	479	44	0.234	2.261E-01	269	406	422	20873	21178	306	20867	21295
451343210	1	65	9.753E-09	2	19973	21151	461	124	0.427	1.870E-28	1	161	438	19973	20428	456	19919	20440
451343210	1	65	9.753E-09	2	19973	21151	479	44	0.237	3.074E-01	266	399	438	20873	21151	279	20867	21295
 