378979363	1	13344	29875284	1	13110
378979363	1	13344	408127683	1	13110
378979363	1	13344	393389705	1	13131
378979363	1	13344	131639984	1	13131
378979363	1	13344	29847793	1	13131
378979363	1	13344	218918579	1	13131
378979363	1	13344	102763933	1	13131
378979363	1	13344	73503156	1	13131
378979363	1	13344	407505725	1	13131
378979363	1	13344	116594935	1	13131
378979363	1	13344	262087846	1	13131
378979363	1	13344	58428794	1	13131
378979363	1	13344	349788982	1	13131
378979363	1	13344	305813916	1	13131
378979363	1	13344	146219587	1	13131
378979363	1	13344	164588058	1	13134
378979363	1	13344	378979363	1	13344
378979363	1	13344	378622521	1	13461
378979363	1	13344	131669337	1	13464
378979363	1	13344	59140059	1	13464
286245880	1	17455	41400215	1	17443
286245880	1	17455	286245880	1	17455
286245880	1	17455	288036773	1	17455
286245880	1	17455	327161026	1	17455
286245880	1	17455	115545469	1	17455
286245880	1	17455	414082062	1	17482
286245880	1	17455	435272664	1	17503
286245880	1	17455	197861333	1	17527
286245880	1	17455	437326514	1	17926
437421978	1	17926	161132693	1	17926
437421978	1	17926	404944599	1	17926
437421978	1	17926	13428715	1	17926
437421978	1	17926	437421978	1	17926
437421978	1	17926	58022484	1	17926
437421978	1	17926	432283865	1	17926
437421978	1	17926	284157148	1	17926
437421978	1	17926	246843226	1	17926
437421978	1	17926	284572897	1	17926
437421978	1	17926	341281469	1	17926
437421978	1	17926	204566560	1	17926
437421978	1	17926	108792912	1	17929
437421978	1	17926	168990388	1	17929
437421978	1	17926	73935700	1	17929
437421978	1	17926	210927345	1	17929
286245880	1	17455	306275245	1	17932
286245880	1	17455	408066998	1	17932
437421978	1	17926	211905872	1	17932
437421978	1	17926	59392386	1	17932
437421978	1	17926	464928482	1	17932
437421978	1	17926	51247482	1	17932
437421978	1	17926	321142281	1	17932
437421978	1	17926	320797862	1	17932
286245880	1	17455	306277934	1	17935
437421978	1	17926	403655961	1	17935
437421978	1	17926	364523094	1	17935
437421978	1	17926	387049159	1	17944
437421978	1	17926	317502425	1	17947
437421978	1	17926	377307512	1	17956
437421978	1	17926	131709971	1	17956
437421978	1	17926	73850627	1	17971
437421978	1	17926	204675058	1	17980
437421978	1	17926	364467543	1	17989
437421978	1	17926	131760241	1	18001
437421978	1	17926	131738233	1	18019
286245880	1	17455	30258160	1	18025
437421978	1	17926	117426256	1	18025
437421978	1	17926	882851	1	18025
437421978	1	17926	320989687	1	18028
437421978	1	17926	30343194	1	18028
437421978	1	17926	26863571	1	18028
437421978	1	17926	364523087	1	18028
437421978	1	17926	287026549	1	18034
437421978	1	17926	59149516	1	18064
437421978	1	17926	40211753	1	18076
437421978	1	17926	1041882	1	18076
437421978	1	17926	160953442	1	18076
437421978	1	17926	190025474	1	18169
437421978	1	17926	349872322	1	18172
286245880	1	17455	71203098	1	18365
286245880	1	17455	393659384	1	18365
286245880	1	17455	451827431	1	18389
286245880	1	17455	268499570	1	18398
286245880	1	17455	224874496	1	18401
286245880	1	17455	435941542	1	18404
286245880	1	17455	175403170	1	18404
286245880	1	17455	393852246	1	18404
286245880	1	17455	306466055	1	18404
286245880	1	17455	88501861	1	18404
286245880	1	17455	233703907	1	18407
286245880	1	17455	392153207	1	18413
286245880	1	17455	88408540	1	18413
286245880	1	17455	364375392	1	18413
286245880	1	17455	320951124	1	18413
286245880	1	17455	378985259	1	18413
286245880	1	17455	364698626	1	18413
286245880	1	17455	320817042	1	18419
286245880	1	17455	248244679	1	18419
286245880	1	17455	219162246	1	18419
286245880	1	17455	73817105	1	18422
286245880	1	17455	219387744	1	18422
286245880	1	17455	195107732	1	18422
286245880	1	17455	170422614	1	18425
286245880	1	17455	219234018	1	18437
286245880	1	17455	350010919	1	18464
286245880	1	17455	262784917	1	18467
286245880	1	17455	306409999	1	18473
286245880	1	17455	44650571	1	18482
286245880	1	17455	437407291	1	18488
286245880	1	17455	117489348	1	18491
286245880	1	17455	364407782	1	18665
286245880	1	17455	37368381	1	18665
286245880	1	17455	312335922	1	18665
286245880	1	17455	451686577	1	18665
286245880	1	17455	99880320	1	18665
286245880	1	17455	277322147	1	18668
286245880	1	17455	190119744	1	18668
286245880	1	17455	267816688	1	18668
286245880	1	17455	379186731	1	18668
286245880	1	17455	146232185	1	18668
286245880	1	17455	146522856	1	18668
286245880	1	17455	262637040	1	18668
286245880	1	17455	335563704	1	18668
286245880	1	17455	131983802	1	18668
286245880	1	17455	161063764	1	18668
286245880	1	17455	15649656	1	18668
286245880	1	17455	217482522	1	18668
286245880	1	17455	408271967	1	18668
286245880	1	17455	437353288	1	18668
286245880	1	17455	277369693	1	18668
286245880	1	17455	73812770	1	18668
286245880	1	17455	161033133	1	18668
286245880	1	17455	451773011	1	18668
286245880	1	17455	100156463	1	18668
286245880	1	17455	291819786	1	18668
286245880	1	17455	364646641	1	18668
286245880	1	17455	126136491	1	18668
286245880	1	17455	277536126	1	18668
286245880	1	17455	408066405	1	18668
286245880	1	17455	175752223	1	18668
286245880	1	17455	447511869	1	18668
286245880	1	17455	391618560	1	18668
286245880	1	17455	335621129	1	18668
286245880	1	17455	291699386	1	18668
286245880	1	17455	42718674	1	18668
286245880	1	17455	277273771	1	18668
286245880	1	17455	145208556	1	18668
286245880	1	17455	408243142	1	18668
286245880	1	17455	333742036	1	18668
286245880	1	17455	229377761	1	18668
286245880	1	17455	30248302	1	18668
286245880	1	17455	432088924	1	18668
286245880	1	17455	159897896	1	18668
286245880	1	17455	414076330	1	18668
286245880	1	17455	59419706	1	18668
286245880	1	17455	275509950	1	18668
286245880	1	17455	24090439	1	18668
286245880	1	17455	328814624	1	18668
286245880	1	17455	254169607	1	18668
286245880	1	17455	277542107	1	18668
286245880	1	17455	437322242	1	18668
286245880	1	17455	117560246	1	18668
286245880	1	17455	233699383	1	18668
286245880	1	17455	190024627	1	18668
286245880	1	17455	204534353	1	18668
286245880	1	17455	175607448	1	18668
286245880	1	17455	231811123	1	18668
286245880	1	17455	154588062	1	18668
286245880	1	17455	21371566	1	18668
286245880	1	17455	414922102	1	18668
286245880	1	17455	451895692	1	18668
286245880	1	17455	117237251	1	18668
286245880	1	17455	44735872	1	18668
286245880	1	17455	233772054	1	18668
286245880	1	17455	408275070	1	18668
286245880	1	17455	379187356	1	18668
286245880	1	17455	79583455	1	18668
286245880	1	17455	146525525	1	18668
286245880	1	17455	306416732	1	18668
286245880	1	17455	345903451	1	18668
286245880	1	17455	379326639	1	18668
286245880	1	17455	379064896	1	18668
286245880	1	17455	277397744	1	18668
286245880	1	17455	159751008	1	18668
286245880	1	17455	233774013	1	18668
286245880	1	17455	321022274	1	18668
286245880	1	17455	88065588	1	18668
286245880	1	17455	213252053	1	18668
286245880	1	17455	59052443	1	18668
286245880	1	17455	175480784	1	18668
286245880	1	17455	306482841	1	18668
286245880	1	17455	287088917	1	18668
286245880	1	17455	350090727	1	18668
286245880	1	17455	59029951	1	18668
286245880	1	17455	408391912	1	18668
286245880	1	17455	306261052	1	18668
286245880	1	17455	204687040	1	18668
286245880	1	17455	103017248	1	18668
286245880	1	17455	88409446	1	18671
286245880	1	17455	175700725	1	18671
286245880	1	17455	422864867	1	18671
286245880	1	17455	248109753	1	18671
286245880	1	17455	140121791	1	18671
286245880	1	17455	422957674	1	18671
286245880	1	17455	248314365	1	18674
286245880	1	17455	405961741	1	18677
286245880	1	17455	29894883	1	18677
286245880	1	17455	117235296	1	18680
286245880	1	17455	146278131	1	18686
286245880	1	17455	30333382	1	18686
286245880	1	17455	402927035	1	18686
286245880	1	17455	302671070	1	18686
286245880	1	17455	44731410	1	18686
286245880	1	17455	70690631	1	18686
286245880	1	17455	321025851	1	18686
286245880	1	17455	257755460	1	18689
286245880	1	17455	248315360	1	18689
286245880	1	17455	437326983	1	18698
286245880	1	17455	204484163	1	18701
286245880	1	17455	219230368	1	18701
286245880	1	17455	44735688	1	18701
286245880	1	17455	190147344	1	18701
286245880	1	17455	335562181	1	18701
286245880	1	17455	117440042	1	18701
286245880	1	17455	233775798	1	18701
286245880	1	17455	262855578	1	18701
286245880	1	17455	161062896	1	18701
286245880	1	17455	190152291	1	18701
286245880	1	17455	117442326	1	18701
286245880	1	17455	88284106	1	18713
286245880	1	17455	15529646	1	18716
286245880	1	17455	291941339	1	18716
286245880	1	17455	59069751	1	18716
286245880	1	17455	342481547	1	18716
286245880	1	17455	422816695	1	18716
286245880	1	17455	175486221	1	18728
286245880	1	17455	102701888	1	18728
286245880	1	17455	155721836	1	18728
286245880	1	17455	446857180	1	18737
286245880	1	17455	313547001	1	18737
286245880	1	17455	212664319	1	18737
286245880	1	17455	73882186	1	18737
286245880	1	17455	9966527	1	18740
286245880	1	17455	189904044	1	18752
286245880	1	17455	225737960	1	18755
286245880	1	17455	233653331	1	18758
286245880	1	17455	248195176	1	18758
286245880	1	17455	156917544	1	18770
286245880	1	17455	12739573	1	18776
286245880	1	17455	364834305	1	18776
286245880	1	17455	83174013	1	18776
286245880	1	17455	117627268	1	18776
286245880	1	17455	198656147	1	18776
286245880	1	17455	272316351	1	18776
286245880	1	17455	172020828	1	18776
286245880	1	17455	59332364	1	18782
286245880	1	17455	132131949	1	18782
286245880	1	17455	298167990	1	18791
286245880	1	17455	219202679	1	18806
286245880	1	17455	175428099	1	18806
286245880	1	17455	30011411	1	18806
286245880	1	17455	218924812	1	18806
286245880	1	17455	219203571	1	18806
286245880	1	17455	59200244	1	18806
286245880	1	17455	175530746	1	18806
286245880	1	17455	15522278	1	18806
286245880	1	17455	451946788	1	18806
286245880	1	17455	393873756	1	18806
286245880	1	17455	349777163	1	18806
286245880	1	17455	146494271	1	18806
286245880	1	17455	277369917	1	18806
286245880	1	17455	248457167	1	18806
286245880	1	17455	364358540	1	18806
286245880	1	17455	362292905	1	18806
286245880	1	17455	79810432	1	18806
286245880	1	17455	117411914	1	18806
286245880	1	17455	157549467	1	18806
286245880	1	17455	327278537	1	18806
286245880	1	17455	419750250	1	18806
286245880	1	17455	364520761	1	18806
286245880	1	17455	131907272	1	18806
286245880	1	17455	73756617	1	18806
286245880	1	17455	88503057	1	18806
286245880	1	17455	330882184	1	18821
286245880	1	17455	190147951	1	18836
286245880	1	17455	408323942	1	18848
286245880	1	17455	248214580	1	18851
286245880	1	17455	218924203	1	18851
286245880	1	17455	102839364	1	18857
286245880	1	17455	306360003	1	18860
286245880	1	17455	303149663	1	18863
286245880	1	17455	73609872	1	18875
286245880	1	17455	248456258	1	18875
286245880	1	17455	379191670	1	18875
286245880	1	17455	30377375	1	18875
286245880	1	17455	59153993	1	18875
286245880	1	17455	228964638	1	18875
286245880	1	17455	429534283	1	18875
286245880	1	17455	166874556	1	18875
286245880	1	17455	315243630	1	18875
286245880	1	17455	214580097	1	18875
286245880	1	17455	219075685	1	18875
286245880	1	17455	302288864	1	18875
286245880	1	17455	131862291	1	18875
286245880	1	17455	1226139	1	18875
286245880	1	17455	189841573	1	18875
286245880	1	17455	451822440	1	18878
286245880	1	17455	256365973	1	18878
286245880	1	17455	1032068	1	18884
286245880	1	17455	117465761	1	18884
286245880	1	17455	204715458	1	18884
286245880	1	17455	139271654	1	18884
286245880	1	17455	161091801	1	18884
286245880	1	17455	277424238	1	18884
286245880	1	17455	437381559	1	18884
286245880	1	17455	378983852	1	18896
214534098	1	37754	277173703	1	19622
214534098	1	37754	408415921	1	19622
204481169	1	35176	204481169	1	35176
204481169	1	35176	146315282	1	35348
204481169	1	35176	364440038	1	35348
204481169	1	35176	364438630	1	35348
204481169	1	35176	115050930	1	35537
73593328	1	36040	80031762	1	36037
73593328	1	36040	357847531	1	36037
73593328	1	36040	70953224	1	36040
73593328	1	36040	1215933	1	36040
73593328	1	36040	306251169	1	36040
73593328	1	36040	273672280	1	36040
73593328	1	36040	233865117	1	36040
73593328	1	36040	112885406	1	36040
73593328	1	36040	88449321	1	36040
73593328	1	36040	161118435	1	36040
73593328	1	36040	393613850	1	36040
73593328	1	36040	437238621	1	36040
73593328	1	36040	219002080	1	36040
73593328	1	36040	277364751	1	36040
73593328	1	36040	306364444	1	36040
73593328	1	36040	301636570	1	36040
73593328	1	36040	408363092	1	36040
73593328	1	36040	349989375	1	36040
73593328	1	36040	88240678	1	36040
73593328	1	36040	219114896	1	36040
73593328	1	36040	277450660	1	36040
73593328	1	36040	73593328	1	36040
73593328	1	36040	15742076	1	36040
73593328	1	36040	393885711	1	36040
73593328	1	36040	292137589	1	36040
73593328	1	36040	321220947	1	36040
73593328	1	36040	44698272	1	36040
73593328	1	36040	117405261	1	36040
73593328	1	36040	131947062	1	36040
73593328	1	36040	451862882	1	36040
73593328	1	36040	190252035	1	36040
73593328	1	36040	219034277	1	36040
73593328	1	36040	320988014	1	36040
73593328	1	36040	364562128	1	36040
73593328	1	36040	15775565	1	36040
73593328	1	36040	233900303	1	36040
73593328	1	36040	244456485	1	36040
73593328	1	36040	15566108	1	36040
73593328	1	36040	44851763	1	36040
73593328	1	36040	132100754	1	36040
73593328	1	36040	72529582	1	36040
73593328	1	36040	432357110	1	36040
73593328	1	36040	242815144	1	36040
73593328	1	36040	41281163	1	36040
73593328	1	36040	59041691	1	36040
73593328	1	36040	88124753	1	36040
73593328	1	36040	131950097	1	36040
73593328	1	36040	218419092	1	36040
73593328	1	36040	402730876	1	36040
73593328	1	36040	357279309	1	36040
73593328	1	36040	257385010	1	36040
73593328	1	36040	447160826	1	36040
73593328	1	36040	57424803	1	36040
73593328	1	36040	393485462	1	36040
73593328	1	36040	437110504	1	36040
73593328	1	36040	291693844	1	36040
73593328	1	36040	393486758	1	36040
73593328	1	36040	422940273	1	36040
73593328	1	36040	420845000	1	36040
73593328	1	36040	219283424	1	36040
73593328	1	36040	313835010	1	36040
73593328	1	36040	291709855	1	36040
73593328	1	36040	327160240	1	36040
73593328	1	36040	160953429	1	36040
73593328	1	36040	277448134	1	36040
73593328	1	36040	304921233	1	36040
73593328	1	36040	115114018	1	36040
73593328	1	36040	131992058	1	36040
73593328	1	36040	357777587	1	36040
73593328	1	36040	131948428	1	36040
73593328	1	36040	408322959	1	36040
73593328	1	36040	168694558	1	36040
73593328	1	36040	184189455	1	36040
73593328	1	36040	245410207	1	36040
73593328	1	36040	145171061	1	36040
73593328	1	36040	85029209	1	36040
73593328	1	36040	385441806	1	36040
73593328	1	36040	80377752	1	36040
73593328	1	36040	415316883	1	36040
73593328	1	36040	51706653	1	36043
73593328	1	36040	225850653	1	36046
73593328	1	36040	301531554	1	36046
73593328	1	36040	36541278	1	36046
73593328	1	36040	82604845	1	36046
73593328	1	36040	415765407	1	36046
73593328	1	36040	248372232	1	36049
73593328	1	36040	451702917	1	36052
73593328	1	36040	146592300	1	36058
73593328	1	36040	82705192	1	36070
73593328	1	36040	132036736	1	36073
73593328	1	36040	175525010	1	36076
73593328	1	36040	261344889	1	36088
73593328	1	36040	318036016	1	36088
73593328	1	36040	451951639	1	36091
73593328	1	36040	175663297	1	36091
73593328	1	36040	132055908	1	36094
73593328	1	36040	364450334	1	36097
73593328	1	36040	349911987	1	36097
73593328	1	36040	10692735	1	36097
73593328	1	36040	321158549	1	36100
73593328	1	36040	160970228	1	36103
73593328	1	36040	335397352	1	36106
73593328	1	36040	73648999	1	36106
73593328	1	36040	449419259	1	36106
73593328	1	36040	306530986	1	36106
73593328	1	36040	416183724	1	36106
73593328	1	36040	219187664	1	36106
73593328	1	36040	36075532	1	36106
73593328	1	36040	175728317	1	36109
73593328	1	36040	204812529	1	36109
73593328	1	36040	189915226	1	36112
73593328	1	36040	102782399	1	36115
73593328	1	36040	277327760	1	36115
73593328	1	36040	360368719	1	36115
73593328	1	36040	348001377	1	36115
73593328	1	36040	401830359	1	36115
73593328	1	36040	71288218	1	36115
73593328	1	36040	88240859	1	36118
73593328	1	36040	59040973	1	36118
73593328	1	36040	117208573	1	36118
73593328	1	36040	408257122	1	36139
73593328	1	36040	393598856	1	36139
73593328	1	36040	219132882	1	36142
73593328	1	36040	84110026	1	36145
73593328	1	36040	146291109	1	36151
73593328	1	36040	64996185	1	36169
73593328	1	36040	233550743	1	36175
73593328	1	36040	233666456	1	36181
73593328	1	36040	254410675	1	36196
73593328	1	36040	226915782	1	36199
73593328	1	36040	189915269	1	36217
73593328	1	36040	378955947	1	36217
73593328	1	36040	277164878	1	36217
73593328	1	36040	254792348	1	36217
73593328	1	36040	174247671	1	36217
73593328	1	36040	462541999	1	36217
73593328	1	36040	197242768	1	36217
73593328	1	36040	461138961	1	36217
73593328	1	36040	248406772	1	36247
73593328	1	36040	140796000	1	36298
73593328	1	36040	43596134	1	36307
73593328	1	36040	344384819	1	36307
73593328	1	36040	312574565	1	36307
73593328	1	36040	980773	1	36310
73593328	1	36040	146291535	1	36310
73593328	1	36040	15634631	1	36310
73593328	1	36040	153051734	1	36310
73593328	1	36040	331734839	1	36310
73593328	1	36040	132178647	1	36319
73593328	1	36040	408042652	1	36319
73593328	1	36040	1025977	1	36349
73593328	1	36040	44739941	1	36370
73593328	1	36040	29993876	1	36370
73593328	1	36040	109983224	1	36373
73593328	1	36040	451672668	1	36376
73593328	1	36040	158737856	1	36382
73593328	1	36040	55103112	1	36385
73593328	1	36040	428976242	1	36397
73593328	1	36040	30200766	1	36406
73593328	1	36040	173009292	1	36409
73593328	1	36040	183284576	1	36409
73593328	1	36040	320819930	1	36415
73593328	1	36040	341649388	1	36421
73593328	1	36040	431629966	1	36424
73593328	1	36040	146291681	1	36424
73593328	1	36040	883582	1	36448
214534098	1	37754	55082057	1	36451
73593328	1	36040	175573883	1	36454
73593328	1	36040	262623343	1	36457
73593328	1	36040	422581190	1	36457
73593328	1	36040	371173387	1	36469
73593328	1	36040	30307318	1	36469
73593328	1	36040	189969693	1	36484
73593328	1	36040	363029105	1	36565
73593328	1	36040	132055879	1	36568
73593328	1	36040	233648075	1	36601
73593328	1	36040	190307094	1	36601
73593328	1	36040	59148996	1	36601
73593328	1	36040	160860598	1	36607
73593328	1	36040	73610737	1	36607
73593328	1	36040	44616836	1	36610
73593328	1	36040	219008880	1	36616
73593328	1	36040	173759034	1	36616
73593328	1	36040	437232038	1	36622
73593328	1	36040	117575993	1	36625
73593328	1	36040	370539319	1	36628
73593328	1	36040	153812285	1	36646
73593328	1	36040	291707575	1	36649
73593328	1	36040	175496420	1	36649
73593328	1	36040	98713568	1	36649
73593328	1	36040	350199369	1	36649
73593328	1	36040	240229236	1	36649
73593328	1	36040	57960026	1	36652
73593328	1	36040	415314929	1	36652
73593328	1	36040	291707239	1	36655
73593328	1	36040	102673495	1	36661
73593328	1	36040	189953529	1	36661
73593328	1	36040	248469877	1	36661
73593328	1	36040	379238823	1	36661
73593328	1	36040	175401066	1	36664
73593328	1	36040	451950430	1	36673
73593328	1	36040	437232591	1	36682
73593328	1	36040	407065207	1	36682
73593328	1	36040	864083	1	36685
73593328	1	36040	59030155	1	36685
73593328	1	36040	59041027	1	36685
73593328	1	36040	102405981	1	36685
73593328	1	36040	393744915	1	36688
73593328	1	36040	273471971	1	36694
73593328	1	36040	345585853	1	36694
73593328	1	36040	248050397	1	36712
73593328	1	36040	15383360	1	36712
73593328	1	36040	44465333	1	36712
73593328	1	36040	233440582	1	36712
73593328	1	36040	218965276	1	36712
73593328	1	36040	422549119	1	36712
73593328	1	36040	393463344	1	36712
73593328	1	36040	291672374	1	36712
73593328	1	36040	175338899	1	36712
73593328	1	36040	344151373	1	36712
73593328	1	36040	233506801	1	36712
73593328	1	36040	44610328	1	36718
73593328	1	36040	379073099	1	36718
73593328	1	36040	333285486	1	36733
73593328	1	36040	350199982	1	36733
73593328	1	36040	436030882	1	36742
73593328	1	36040	364771251	1	36742
73593328	1	36040	306260052	1	36754
73593328	1	36040	437091029	1	36757
73593328	1	36040	302742137	1	36763
73593328	1	36040	362834164	1	36769
73593328	1	36040	131750031	1	36769
73593328	1	36040	422581707	1	36769
73593328	1	36040	422580522	1	36769
73593328	1	36040	44500080	1	36769
73593328	1	36040	248081986	1	36769
73593328	1	36040	277164894	1	36769
73593328	1	36040	15416714	1	36769
73593328	1	36040	306248775	1	36769
73593328	1	36040	451663631	1	36769
73593328	1	36040	393497681	1	36769
73593328	1	36040	393497688	1	36769
73593328	1	36040	229929451	1	36790
73593328	1	36040	157579496	1	36790
73593328	1	36040	437448802	1	36790
73593328	1	36040	6949530	1	36805
73593328	1	36040	66347663	1	36805
73593328	1	36040	357732739	1	36817
73593328	1	36040	361079956	1	36826
73593328	1	36040	335415921	1	36829
73593328	1	36040	262610424	1	36865
73593328	1	36040	262632439	1	36886
73593328	1	36040	213542746	1	36898
73593328	1	36040	370984592	1	36898
73593328	1	36040	139195485	1	36898
73593328	1	36040	226521630	1	36898
73593328	1	36040	73591762	1	36901
73593328	1	36040	320777207	1	36901
73593328	1	36040	269156847	1	36904
73593328	1	36040	11491753	1	36910
73593328	1	36040	393498424	1	36910
73593328	1	36040	418001590	1	36910
73593328	1	36040	219239224	1	36910
73593328	1	36040	332677703	1	36910
73593328	1	36040	400335173	1	36910
73593328	1	36040	437121984	1	36910
73593328	1	36040	248081487	1	36910
73593328	1	36040	204458108	1	36910
73593328	1	36040	117357945	1	36922
73593328	1	36040	131749777	1	36934
73593328	1	36040	73612092	1	36946
73593328	1	36040	408048156	1	36952
230643213	1	37151	158855199	1	37139
230643213	1	37151	262972860	1	37148
230643213	1	37151	291725239	1	37148
230643213	1	37151	378985270	1	37148
230643213	1	37151	333432365	1	37148
230643213	1	37151	230643213	1	37151
230643213	1	37151	299948184	1	37157
230643213	1	37151	256914791	1	37157
230643213	1	37151	124880312	1	37157
230643213	1	37151	181334796	1	37157
230643213	1	37151	216174766	1	37157
230643213	1	37151	306358212	1	37157
230643213	1	37151	329042380	1	37160
230643213	1	37151	448766916	1	37160
230643213	1	37151	450203040	1	37160
230643213	1	37151	248081518	1	37160
230643213	1	37151	350070831	1	37160
230643213	1	37151	42621939	1	37163
230643213	1	37151	125649184	1	37163
230643213	1	37151	364702565	1	37163
230643213	1	37151	277403389	1	37163
230643213	1	37151	73705823	1	37163
230643213	1	37151	306374410	1	37163
230643213	1	37151	422699178	1	37163
230643213	1	37151	190039285	1	37163
230643213	1	37151	245991440	1	37166
230643213	1	37151	379075205	1	37175
230643213	1	37151	284609953	1	37178
230643213	1	37151	320793237	1	37178
230643213	1	37151	30039719	1	37178
230643213	1	37151	175723310	1	37178
230643213	1	37151	444779996	1	37178
230643213	1	37151	258449661	1	37178
230643213	1	37151	85379597	1	37178
230643213	1	37151	189996920	1	37178
230643213	1	37151	1025844	1	37181
230643213	1	37151	400417653	1	37181
230643213	1	37151	58944327	1	37181
230643213	1	37151	39369184	1	37184
230643213	1	37151	100508757	1	37184
230643213	1	37151	43273367	1	37187
230643213	1	37151	288853525	1	37187
230643213	1	37151	290365803	1	37187
230643213	1	37151	187971574	1	37187
230643213	1	37151	428705327	1	37187
230643213	1	37151	70312217	1	37187
230643213	1	37151	219292369	1	37220
214534098	1	37754	362163326	1	37400
214534098	1	37754	333202050	1	37400
214534098	1	37754	334413178	1	37400
230643213	1	37151	379194773	1	37400
230643213	1	37151	408326522	1	37400
230643213	1	37151	157559897	1	37400
230643213	1	37151	321072646	1	37400
230643213	1	37151	190103053	1	37400
230643213	1	37151	287716858	1	37400
230643213	1	37151	289612065	1	37400
230643213	1	37151	219187484	1	37400
230643213	1	37151	52675525	1	37400
230643213	1	37151	190155328	1	37400
230643213	1	37151	364552513	1	37400
230643213	1	37151	22044069	1	37400
230643213	1	37151	230540534	1	37400
230643213	1	37151	66429195	1	37400
230643213	1	37151	152994930	1	37400
230643213	1	37151	109165470	1	37400
230643213	1	37151	41039434	1	37400
230643213	1	37151	154096766	1	37400
230643213	1	37151	66990089	1	37400
230643213	1	37151	341920169	1	37400
230643213	1	37151	450368177	1	37400
230643213	1	37151	117282420	1	37400
230643213	1	37151	202428046	1	37400
230643213	1	37151	219186952	1	37400
230643213	1	37151	15309944	1	37400
230643213	1	37151	59229840	1	37400
230643213	1	37151	88312452	1	37400
230643213	1	37151	204645776	1	37400
230643213	1	37151	233728179	1	37400
230643213	1	37151	393685134	1	37400
230643213	1	37151	24190079	1	37400
230643213	1	37151	233728399	1	37400
230643213	1	37151	246568142	1	37400
230643213	1	37151	299152854	1	37400
230643213	1	37151	68593148	1	37400
230643213	1	37151	375924808	1	37400
230643213	1	37151	449595712	1	37400
230643213	1	37151	129043873	1	37400
230643213	1	37151	345227475	1	37400
230643213	1	37151	417553738	1	37400
230643213	1	37151	197483124	1	37400
230643213	1	37151	168437592	1	37400
230643213	1	37151	195881331	1	37400
230643213	1	37151	56822141	1	37400
230643213	1	37151	23054406	1	37400
230643213	1	37151	190258038	1	37400
230643213	1	37151	167442986	1	37400
230643213	1	37151	8361698	1	37400
230643213	1	37151	458006781	1	37400
230643213	1	37151	447550841	1	37400
230643213	1	37151	214848047	1	37400
230643213	1	37151	362133332	1	37400
230643213	1	37151	219280391	1	37400
230643213	1	37151	246049098	1	37400
230643213	1	37151	232646166	1	37400
230643213	1	37151	138360981	1	37400
230643213	1	37151	392074598	1	37400
230643213	1	37151	448650673	1	37400
230643213	1	37151	303762519	1	37400
230643213	1	37151	96524152	1	37400
230643213	1	37151	138395806	1	37400
230643213	1	37151	244306549	1	37400
230643213	1	37151	362081695	1	37400
230643213	1	37151	443691719	1	37400
230643213	1	37151	300106261	1	37400
230643213	1	37151	362968025	1	37400
230643213	1	37151	256023975	1	37400
230643213	1	37151	203335267	1	37400
230643213	1	37151	198767749	1	37400
230643213	1	37151	432378183	1	37400
230643213	1	37151	317937084	1	37400
230643213	1	37151	275475123	1	37400
230643213	1	37151	94116964	1	37400
230643213	1	37151	432495764	1	37400
230643213	1	37151	331590228	1	37400
230643213	1	37151	391791352	1	37400
230643213	1	37151	143629888	1	37400
230643213	1	37151	392271261	1	37400
230643213	1	37151	113966665	1	37400
230643213	1	37151	344418586	1	37400
230643213	1	37151	254155881	1	37400
230643213	1	37151	276226985	1	37400
230643213	1	37151	56070220	1	37400
230643213	1	37151	401523237	1	37400
230643213	1	37151	430757379	1	37400
230643213	1	37151	460315417	1	37400
230643213	1	37151	125620849	1	37400
230643213	1	37151	175562404	1	37400
230643213	1	37151	204644831	1	37400
230643213	1	37151	146478995	1	37400
230643213	1	37151	335518229	1	37400
230643213	1	37151	99020364	1	37400
230643213	1	37151	415200067	1	37400
230643213	1	37151	173058455	1	37400
230643213	1	37151	129913088	1	37400
230643213	1	37151	232307454	1	37400
230643213	1	37151	99821039	1	37400
230643213	1	37151	146479872	1	37400
230643213	1	37151	346563957	1	37400
230643213	1	37151	344239545	1	37400
230643213	1	37151	272503941	1	37400
230643213	1	37151	418805503	1	37400
230643213	1	37151	117553555	1	37400
230643213	1	37151	168023278	1	37400
230643213	1	37151	154018525	1	37400
230643213	1	37151	361950015	1	37400
230643213	1	37151	345271825	1	37400
230643213	1	37151	154814563	1	37400
230643213	1	37151	59044284	1	37400
230643213	1	37151	103014303	1	37400
230643213	1	37151	437471671	1	37400
230643213	1	37151	277176113	1	37400
230643213	1	37151	349954389	1	37400
230643213	1	37151	245442841	1	37400
230643213	1	37151	371628825	1	37400
230643213	1	37151	277287638	1	37400
230643213	1	37151	22134482	1	37400
230643213	1	37151	44500320	1	37400
230643213	1	37151	95652544	1	37400
230643213	1	37151	113435853	1	37400
230643213	1	37151	331046599	1	37400
230643213	1	37151	190261855	1	37400
230643213	1	37151	374316425	1	37400
230643213	1	37151	203222696	1	37400
230643213	1	37151	925001	1	37400
230643213	1	37151	1226010	1	37400
230643213	1	37151	364488416	1	37400
230643213	1	37151	248068596	1	37400
230643213	1	37151	387512174	1	37403
230643213	1	37151	59060350	1	37406
230643213	1	37151	446023128	1	37412
230643213	1	37151	403047344	1	37412
230643213	1	37151	277176965	1	37412
230643213	1	37151	446465508	1	37421
230643213	1	37151	146578083	1	37427
230643213	1	37151	420514035	1	37433
230643213	1	37151	377910220	1	37433
230643213	1	37151	199513800	1	37451
230643213	1	37151	435432490	1	37451
230643213	1	37151	443353324	1	37463
230643213	1	37151	446117654	1	37463
230643213	1	37151	241264799	1	37475
230643213	1	37151	277446106	1	37475
230643213	1	37151	102865730	1	37478
230643213	1	37151	402501315	1	37478
230643213	1	37151	320792900	1	37478
230643213	1	37151	154932443	1	37484
230643213	1	37151	314354155	1	37493
230643213	1	37151	437406868	1	37493
230643213	1	37151	83676976	1	37496
230643213	1	37151	305106094	1	37505
230643213	1	37151	8423016	1	37505
230643213	1	37151	196091962	1	37505
230643213	1	37151	388824572	1	37508
230643213	1	37151	85728110	1	37511
230643213	1	37151	433927562	1	37511
230643213	1	37151	145361401	1	37511
230643213	1	37151	53493714	1	37511
230643213	1	37151	321115824	1	37514
230643213	1	37151	22330504	1	37514
230643213	1	37151	199117665	1	37514
230643213	1	37151	183013413	1	37514
230643213	1	37151	200306487	1	37514
230643213	1	37151	233887338	1	37514
230643213	1	37151	204531157	1	37517
230643213	1	37151	408215006	1	37520
230643213	1	37151	131756485	1	37520
230643213	1	37151	401537964	1	37523
230643213	1	37151	143933391	1	37535
230643213	1	37151	30246666	1	37571
230643213	1	37151	144060596	1	37571
230643213	1	37151	196117746	1	37574
230643213	1	37151	390182267	1	37574
230643213	1	37151	9044988	1	37580
230643213	1	37151	170227142	1	37586
230643213	1	37151	100043763	1	37595
230643213	1	37151	10335844	1	37598
230643213	1	37151	371695289	1	37601
230643213	1	37151	316259432	1	37601
230643213	1	37151	298379029	1	37601
230643213	1	37151	386865971	1	37604
214534098	1	37754	326918384	1	37607
230643213	1	37151	124582016	1	37607
230643213	1	37151	73758760	1	37607
230643213	1	37151	372827950	1	37616
230643213	1	37151	66183908	1	37619
230643213	1	37151	283981074	1	37619
230643213	1	37151	981158	1	37619
230643213	1	37151	67054482	1	37619
230643213	1	37151	408239174	1	37622
230643213	1	37151	373284473	1	37631
230643213	1	37151	71923274	1	37649
230643213	1	37151	315235453	1	37655
230643213	1	37151	52253414	1	37655
230643213	1	37151	418500768	1	37655
230643213	1	37151	54849723	1	37655
230643213	1	37151	81455367	1	37655
230643213	1	37151	146437573	1	37655
230643213	1	37151	346043230	1	37655
230643213	1	37151	388590283	1	37655
230643213	1	37151	420074463	1	37655
230643213	1	37151	371181369	1	37658
230643213	1	37151	204630761	1	37658
230643213	1	37151	328814637	1	37664
230643213	1	37151	277354196	1	37670
230643213	1	37151	401523244	1	37670
230643213	1	37151	418343312	1	37682
230643213	1	37151	27592789	1	37718
230643213	1	37151	414928595	1	37718
230643213	1	37151	82788661	1	37718
230643213	1	37151	8308353	1	37733
230643213	1	37151	30131209	1	37736
230643213	1	37151	277338116	1	37745
230643213	1	37151	27600330	1	37745
230643213	1	37151	402818289	1	37745
230643213	1	37151	401595568	1	37745
214534098	1	37754	214534098	1	37754
230643213	1	37151	271551758	1	37760
230643213	1	37151	86592525	1	37763
230643213	1	37151	257020874	1	37763
230643213	1	37151	71301306	1	37763
230643213	1	37151	102840730	1	37763
230643213	1	37151	42473717	1	37763
230643213	1	37151	262797940	1	37763
230643213	1	37151	437295949	1	37763
230643213	1	37151	233715368	1	37763
230643213	1	37151	433094444	1	37772
230643213	1	37151	341493436	1	37778
230643213	1	37151	287297644	1	37781
230643213	1	37151	98128185	1	37793
230643213	1	37151	7652450	1	37793
230643213	1	37151	96045699	1	37793
214534098	1	37754	155704704	1	37796
214534098	1	37754	10185810	1	37796
214534098	1	37754	113200811	1	37796
214534098	1	37754	314109952	1	37796
230643213	1	37151	445693747	1	37796
230643213	1	37151	117383130	1	37796
230643213	1	37151	56477630	1	37796
230643213	1	37151	258878196	1	37796
230643213	1	37151	379130436	1	37796
230643213	1	37151	175547588	1	37796
230643213	1	37151	346784062	1	37796
230643213	1	37151	146636346	1	37796
230643213	1	37151	50656475	1	37796
230643213	1	37151	333099154	1	37796
230643213	1	37151	403001869	1	37796
230643213	1	37151	190090786	1	37802
230643213	1	37151	255076721	1	37805
230643213	1	37151	239583148	1	37805
230643213	1	37151	190091107	1	37805
230643213	1	37151	245334762	1	37805
230643213	1	37151	270222684	1	37811
230643213	1	37151	328802909	1	37811
230643213	1	37151	155529061	1	37811
230643213	1	37151	58144188	1	37811
230643213	1	37151	174135178	1	37811
230643213	1	37151	138501506	1	37811
230643213	1	37151	402776396	1	37814
230643213	1	37151	113470168	1	37820
230643213	1	37151	371329240	1	37820
230643213	1	37151	459606845	1	37820
230643213	1	37151	255188032	1	37820
230643213	1	37151	312433831	1	37823
230643213	1	37151	248257618	1	37832
230643213	1	37151	289296481	1	37838
230643213	1	37151	80863976	1	37853
230643213	1	37151	44508758	1	37853
230643213	1	37151	420392729	1	37865
230643213	1	37151	457637695	1	37865
230643213	1	37151	172369993	1	37865
230643213	1	37151	101696470	1	37865
230643213	1	37151	379301819	1	37874
230643213	1	37151	175549638	1	37874
230643213	1	37151	350219742	1	37874
230643213	1	37151	142435317	1	37904
230643213	1	37151	291879978	1	37907
230643213	1	37151	124570288	1	37910
230643213	1	37151	300867903	1	37916
230643213	1	37151	277338099	1	37925
230643213	1	37151	277338552	1	37925
230643213	1	37151	59214768	1	37925
230643213	1	37151	102839131	1	37925
230643213	1	37151	306421623	1	37925
230643213	1	37151	248257494	1	37925
230643213	1	37151	30133010	1	37925
230643213	1	37151	408213482	1	37925
230643213	1	37151	7547227	1	37925
230643213	1	37151	112079738	1	37925
230643213	1	37151	146465290	1	37925
230643213	1	37151	350047968	1	37925
230643213	1	37151	364589425	1	37925
230643213	1	37151	131923581	1	37925
230643213	1	37151	313802210	1	37940
230643213	1	37151	393671903	1	37955
230643213	1	37151	233714087	1	37955
230643213	1	37151	391539972	1	37964
230643213	1	37151	277315266	1	37964
230643213	1	37151	355869024	1	37970
230643213	1	37151	314685182	1	37970
230643213	1	37151	292053938	1	37970
230643213	1	37151	103011852	1	37970
230643213	1	37151	190261688	1	37970
230643213	1	37151	321136588	1	37970
230643213	1	37151	219296910	1	37970
230643213	1	37151	59191977	1	37970
230643213	1	37151	364761467	1	37970
214534098	1	37754	232600551	1	37979
230643213	1	37151	437468415	1	37979
230643213	1	37151	248257124	1	37982
230643213	1	37151	291927811	1	37997
230643213	1	37151	335505871	1	37997
230643213	1	37151	262799348	1	37997
230643213	1	37151	417825818	1	38000
230643213	1	37151	435293532	1	38000
230643213	1	37151	114371764	1	38000
230643213	1	37151	124440175	1	38000
230643213	1	37151	298749813	1	38000
230643213	1	37151	112300719	1	38000
230643213	1	37151	460237946	1	38000
230643213	1	37151	204630928	1	38006
230643213	1	37151	161007505	1	38009
230643213	1	37151	146465575	1	38012
230643213	1	37151	30133223	1	38012
230643213	1	37151	393672352	1	38012
230643213	1	37151	437298078	1	38012
230643213	1	37151	88300339	1	38012
230643213	1	37151	30132281	1	38012
230643213	1	37151	408212289	1	38012
230643213	1	37151	277339452	1	38012
230643213	1	37151	59146804	1	38012
230643213	1	37151	143352074	1	38012
230643213	1	37151	231759021	1	38012
230643213	1	37151	23822919	1	38015
230643213	1	37151	175548399	1	38015
230643213	1	37151	124532128	1	38015
230643213	1	37151	434668879	1	38015
230643213	1	37151	404266559	1	38015
230643213	1	37151	330338220	1	38015
230643213	1	37151	213316200	1	38015
230643213	1	37151	372775553	1	38015
230643213	1	37151	333994664	1	38015
230643213	1	37151	44846643	1	38024
230643213	1	37151	255199419	1	38027
230643213	1	37151	30132286	1	38027
230643213	1	37151	30133463	1	38027
230643213	1	37151	219171899	1	38027
230643213	1	37151	15590849	1	38027
230643213	1	37151	408214064	1	38027
230643213	1	37151	350048178	1	38027
230643213	1	37151	1050707	1	38027
230643213	1	37151	215594263	1	38027
230643213	1	37151	1049745	1	38027
230643213	1	37151	393670709	1	38027
230643213	1	37151	306422646	1	38027
230643213	1	37151	30266718	1	38039
230643213	1	37151	422927084	1	38051
230643213	1	37151	451837202	1	38057
230643213	1	37151	204630414	1	38063
230643213	1	37151	408363445	1	38069
230643213	1	37151	213959990	1	38075
230643213	1	37151	183625860	1	38075
230643213	1	37151	15762471	1	38078
230643213	1	37151	421038264	1	38078
230643213	1	37151	277511906	1	38078
230643213	1	37151	246789786	1	38078
230643213	1	37151	44675134	1	38081
230643213	1	37151	72610368	1	38081
230643213	1	37151	173719394	1	38081
230643213	1	37151	112594175	1	38081
230643213	1	37151	161007858	1	38081
230643213	1	37151	102839440	1	38081
230643213	1	37151	1048762	1	38081
230643213	1	37151	59216791	1	38081
230643213	1	37151	437298089	1	38081
230643213	1	37151	70504642	1	38081
230643213	1	37151	248257004	1	38081
230643213	1	37151	391208928	1	38084
230643213	1	37151	350046495	1	38093
230643213	1	37151	408213042	1	38093
230643213	1	37151	110952604	1	38093
230643213	1	37151	200684230	1	38093
230643213	1	37151	388270863	1	38093
230643213	1	37151	59216235	1	38111
230643213	1	37151	313238801	1	38123
230643213	1	37151	44674107	1	38123
230643213	1	37151	320801431	1	38123
230643213	1	37151	85567236	1	38126
230643213	1	37151	113735709	1	38126
230643213	1	37151	73757806	1	38156
230643213	1	37151	313719002	1	38168
230643213	1	37151	27901498	1	38174
262549541	1	42956	262549541	1	42956
88147645	-1	3133	452009506	-1	2935
88147645	-1	3133	211445833	-1	2935
88147645	-1	3133	199162276	-1	2938
88147645	-1	3133	320456142	-1	2941
88147645	-1	3133	378794215	-1	2944
88147645	-1	3133	366731195	-1	2944
88147645	-1	3133	309291267	-1	2944
88147645	-1	3133	307884371	-1	2944
88147645	-1	3133	453527898	-1	2944
88147645	-1	3133	310547047	-1	2947
88147645	-1	3133	300686705	-1	2947
88147645	-1	3133	349434453	-1	2947
88147645	-1	3133	344523647	-1	2947
88147645	-1	3133	105085785	-1	2947
88147645	-1	3133	324538116	-1	2950
88147645	-1	3133	179790251	-1	2950
88147645	-1	3133	295454694	-1	2950
88147645	-1	3133	310488724	-1	2950
88147645	-1	3133	395007475	-1	2950
88147645	-1	3133	261207933	-1	2950
88147645	-1	3133	378238156	-1	2950
88147645	-1	3133	455912935	-1	2950
88147645	-1	3133	235124314	-1	2950
88147645	-1	3133	201436137	-1	2950
88147645	-1	3133	402706272	-1	2953
88147645	-1	3133	60739454	-1	2953
88147645	-1	3133	53454063	-1	2953
88147645	-1	3133	439431245	-1	2953
88147645	-1	3133	348183709	-1	2953
88147645	-1	3133	193041166	-1	2953
88147645	-1	3133	75843424	-1	2953
88147645	-1	3133	255065838	-1	2953
88147645	-1	3133	182025582	-1	2953
88147645	-1	3133	75374772	-1	2953
88147645	-1	3133	307117878	-1	2953
88147645	-1	3133	75696143	-1	2956
88147645	-1	3133	311598470	-1	2956
88147645	-1	3133	456000668	-1	2956
88147645	-1	3133	257811674	-1	2956
88147645	-1	3133	180346500	-1	2956
88147645	-1	3133	151266595	-1	2956
88147645	-1	3133	227402338	-1	2956
88147645	-1	3133	75196663	-1	2956
88147645	-1	3133	134560842	-1	2956
88147645	-1	3133	48838596	-1	2956
88147645	-1	3133	438704818	-1	2956
88147645	-1	3133	367229546	-1	2956
88147645	-1	3133	369524612	-1	2956
88147645	-1	3133	177263949	-1	2956
88147645	-1	3133	371854861	-1	2956
88147645	-1	3133	32457554	-1	2956
88147645	-1	3133	134871243	-1	2956
88147645	-1	3133	207167470	-1	2956
88147645	-1	3133	424078553	-1	2956
88147645	-1	3133	64460272	-1	2956
88147645	-1	3133	133438059	-1	2956
88147645	-1	3133	344440904	-1	2956
88147645	-1	3133	366682046	-1	2956
88147645	-1	3133	381667566	-1	2956
88147645	-1	3133	360964572	-1	2956
88147645	-1	3133	193998354	-1	2956
88147645	-1	3133	273148204	-1	2956
88147645	-1	3133	45335538	-1	2956
88147645	-1	3133	397580286	-1	2956
88147645	-1	3133	279060340	-1	2956
88147645	-1	3133	134124838	-1	2956
88147645	-1	3133	377664624	-1	2956
88147645	-1	3133	453237881	-1	2956
88147645	-1	3133	236331742	-1	2956
88147645	-1	3133	267762053	-1	2956
88147645	-1	3133	121042940	-1	2956
88147645	-1	3133	107804009	-1	2956
88147645	-1	3133	91318332	-1	2956
88147645	-1	3133	345163599	-1	2956
88147645	-1	3133	105317466	-1	2956
88147645	-1	3133	18421729	-1	2956
88147645	-1	3133	319094645	-1	2956
88147645	-1	3133	234538471	-1	2956
88147645	-1	3133	452714813	-1	2956
88147645	-1	3133	361608918	-1	2956
88147645	-1	3133	176348701	-1	2956
88147645	-1	3133	45257511	-1	2956
88147645	-1	3133	43964512	-1	2959
88147645	-1	3133	175040057	-1	2959
88147645	-1	3133	58709891	-1	2959
88147645	-1	3133	145677398	-1	2959
88147645	-1	3133	145758773	-1	2959
88147645	-1	3133	191161530	-1	2959
88147645	-1	3133	408212686	-1	2959
88147645	-1	3133	56914689	-1	2959
88147645	-1	3133	172583677	-1	2959
88147645	-1	3133	62084064	-1	2959
88147645	-1	3133	413038797	-1	2959
88147645	-1	3133	133259379	-1	2959
88147645	-1	3133	431304548	-1	2959
88147645	-1	3133	180626220	-1	2959
88147645	-1	3133	294082825	-1	2959
88147645	-1	3133	91386126	-1	2959
88147645	-1	3133	219771515	-1	2959
88147645	-1	3133	151701675	-1	2962
88147645	-1	3133	78993912	-1	2962
88147645	-1	3133	276730676	-1	2974
88147645	-1	3133	103602717	-1	2974
88147645	-1	3133	247764752	-1	2974
88147645	-1	3133	290523167	-1	2974
88147645	-1	3133	43782774	-1	2974
88147645	-1	3133	118413497	-1	2977
88147645	-1	3133	452043931	-1	2977
88147645	-1	3133	246136759	-1	2980
88147645	-1	3133	375449997	-1	3079
88147645	-1	3133	88147645	-1	3133
88147645	-1	3133	320175618	-1	3297
88147645	-1	3133	262294259	-1	3306
437146630	-1	19952	372352640	-1	19952
437146630	-1	19952	437146630	-1	19952
437146630	-1	19952	405902186	-1	19952
437146630	-1	19952	452294686	-1	19952
437146630	-1	19952	394685351	-1	19952
437146630	-1	19952	408062471	-1	19955
437146630	-1	19952	204730537	-1	19955
437146630	-1	19952	216431670	-1	19955
437146630	-1	19952	45678655	-1	19955
437146630	-1	19952	1984836	-1	19955
437146630	-1	19952	16082561	-1	19955
437146630	-1	19952	59993005	-1	19955
437146630	-1	19952	219919732	-1	19955
437146630	-1	19952	39839686	-1	19955
437146630	-1	19952	16579086	-1	19955
437146630	-1	19952	83275953	-1	19955
437146630	-1	19952	1570439	-1	19955
437146630	-1	19952	16110384	-1	19955
437146630	-1	19952	45619228	-1	19955
437146630	-1	19952	176067880	-1	19955
437146630	-1	19952	132853366	-1	19955
437146630	-1	19952	270301415	-1	19955
437146630	-1	19952	82887549	-1	19955
437146630	-1	19952	452295636	-1	19955
437146630	-1	19952	245492448	-1	19955
437146630	-1	19952	394679760	-1	19955
437146630	-1	19952	365450699	-1	19955
437146630	-1	19952	146315750	-1	19958
437146630	-1	19952	357727902	-1	19958
437146630	-1	19952	172765966	-1	19958
437146630	-1	19952	45602137	-1	19958
437146630	-1	19952	438219788	-1	19958
437146630	-1	19952	292318972	-1	19958
437146630	-1	19952	380055378	-1	19958
437146630	-1	19952	147264972	-1	19958
437146630	-1	19952	89327548	-1	19958
437146630	-1	19952	419899696	-1	19958
437146630	-1	19952	350729782	-1	19958
437146630	-1	19952	373879599	-1	19961
437146630	-1	19952	409171872	-1	19961
437146630	-1	19952	89253995	-1	19961
437146630	-1	19952	16550578	-1	19961
437146630	-1	19952	6943913	-1	19961
437146630	-1	19952	175575441	-1	19961
437146630	-1	19952	202004466	-1	19961
437146630	-1	19952	216923193	-1	19961
437146630	-1	19952	132885174	-1	19961
437146630	-1	19952	394630485	-1	19961
437146630	-1	19952	16551497	-1	19961
437146630	-1	19952	234198637	-1	19961
437146630	-1	19952	103796625	-1	19961
437146630	-1	19952	351004204	-1	19961
437146630	-1	19952	176503521	-1	19961
437146630	-1	19952	70865341	-1	19961
437146630	-1	19952	409042770	-1	19961
437146630	-1	19952	205085763	-1	19961
437146630	-1	19952	159597123	-1	19961
437146630	-1	19952	278148125	-1	19961
437146630	-1	19952	220162159	-1	19961
437146630	-1	19952	230042090	-1	19961
437146630	-1	19952	307412639	-1	19961
437146630	-1	19952	45415127	-1	19961
437146630	-1	19952	74344132	-1	19961
437146630	-1	19952	205427007	-1	19961
437146630	-1	19952	1892998	-1	19961
437146630	-1	19952	74717554	-1	19961
437146630	-1	19952	452355617	-1	19961
437146630	-1	19952	219940014	-1	19961
437146630	-1	19952	463959399	-1	19961
437146630	-1	19952	409146636	-1	19961
437146630	-1	19952	161804960	-1	19961
437146630	-1	19952	176393184	-1	19961
437146630	-1	19952	423410860	-1	19961
437146630	-1	19952	438139184	-1	19961
437146630	-1	19952	74180310	-1	19961
437146630	-1	19952	423598513	-1	19961
437146630	-1	19952	365092438	-1	19961
437146630	-1	19952	74631625	-1	19961
437146630	-1	19952	103648340	-1	19961
437146630	-1	19952	263241263	-1	19961
437146630	-1	19952	408657102	-1	19961
437146630	-1	19952	1919823	-1	19961
437146630	-1	19952	118246785	-1	19961
437146630	-1	19952	365139791	-1	19961
437146630	-1	19952	60048989	-1	19961
437146630	-1	19952	421412688	-1	19961
437146630	-1	19952	234660397	-1	19961
437146630	-1	19952	394217655	-1	19961
437146630	-1	19952	365109117	-1	19961
437146630	-1	19952	394614944	-1	19961
437146630	-1	19952	132650542	-1	19961
437146630	-1	19952	147377138	-1	19961
437146630	-1	19952	205302276	-1	19961
437146630	-1	19952	360445180	-1	19961
437146630	-1	19952	1535667	-1	19961
437146630	-1	19952	307093583	-1	19961
437146630	-1	19952	365502206	-1	19961
437146630	-1	19952	437967844	-1	19961
437146630	-1	19952	336176405	-1	19961
437146630	-1	19952	307128189	-1	19961
437146630	-1	19952	103547714	-1	19961
437146630	-1	19952	284712722	-1	19961
437146630	-1	19952	30895913	-1	19961
437146630	-1	19952	74481758	-1	19961
437146630	-1	19952	89226848	-1	19961
437146630	-1	19952	161725667	-1	19961
437146630	-1	19952	234379540	-1	19961
437146630	-1	19952	249013521	-1	19961
437146630	-1	19952	292801893	-1	19961
437146630	-1	19952	333235874	-1	19961
437146630	-1	19952	379683157	-1	19961
437146630	-1	19952	321532854	-1	19961
437146630	-1	19952	409143755	-1	19961
437146630	-1	19952	437900086	-1	19961
437146630	-1	19952	118372845	-1	19961
437146630	-1	19952	144190515	-1	19961
437146630	-1	19952	146957349	-1	19961
437146630	-1	19952	176230403	-1	19961
437146630	-1	19952	278014330	-1	19961
437146630	-1	19952	303176083	-1	19961
437146630	-1	19952	365596739	-1	19961
437146630	-1	19952	74583507	-1	19961
437146630	-1	19952	161940716	-1	19961
437146630	-1	19952	176224360	-1	19961
437146630	-1	19952	249177377	-1	19961
437146630	-1	19952	336219793	-1	19961
437146630	-1	19952	336403456	-1	19961
437146630	-1	19952	452529829	-1	19961
437146630	-1	19952	16477948	-1	19961
437146630	-1	19952	45529224	-1	19961
437146630	-1	19952	103823497	-1	19961
437146630	-1	19952	103824754	-1	19961
437146630	-1	19952	118073912	-1	19961
437146630	-1	19952	132680671	-1	19961
437146630	-1	19952	176239237	-1	19961
437146630	-1	19952	176306348	-1	19961
437146630	-1	19952	190795434	-1	19961
437146630	-1	19952	205312830	-1	19961
437146630	-1	19952	205614082	-1	19961
437146630	-1	19952	248807982	-1	19961
437146630	-1	19952	278103405	-1	19961
437146630	-1	19952	336514781	-1	19961
437146630	-1	19952	350532761	-1	19961
437146630	-1	19952	423642917	-1	19961
437146630	-1	19952	55882780	-1	19961
437146630	-1	19952	118239237	-1	19961
437146630	-1	19952	147283803	-1	19961
437146630	-1	19952	161703007	-1	19961
437146630	-1	19952	190576529	-1	19961
437146630	-1	19952	234134033	-1	19961
437146630	-1	19952	263517709	-1	19961
437146630	-1	19952	292433068	-1	19961
437146630	-1	19952	292638820	-1	19961
437146630	-1	19952	350595105	-1	19961
437146630	-1	19952	59997600	-1	19961
437146630	-1	19952	98000880	-1	19961
437146630	-1	19952	103393220	-1	19961
437146630	-1	19952	234380603	-1	19961
437146630	-1	19952	278025668	-1	19961
437146630	-1	19952	306862128	-1	19961
437146630	-1	19952	307308671	-1	19961
437146630	-1	19952	394219831	-1	19961
437146630	-1	19952	409211616	-1	19961
437146630	-1	19952	103328080	-1	19961
437146630	-1	19952	156136604	-1	19961
437146630	-1	19952	161575061	-1	19961
437146630	-1	19952	234411413	-1	19961
437146630	-1	19952	278282572	-1	19961
437146630	-1	19952	278314763	-1	19961
437146630	-1	19952	389801521	-1	19961
437146630	-1	19952	16360323	-1	19961
437146630	-1	19952	100149869	-1	19961
437146630	-1	19952	216014312	-1	19961
437146630	-1	19952	219955378	-1	19961
437146630	-1	19952	220028151	-1	19961
437146630	-1	19952	278193997	-1	19961
437146630	-1	19952	307060854	-1	19961
437146630	-1	19952	332283203	-1	19961
437146630	-1	19952	336182757	-1	19961
437146630	-1	19952	350850028	-1	19961
437146630	-1	19952	359581592	-1	19961
437146630	-1	19952	423748899	-1	19961
437146630	-1	19952	446658266	-1	19961
437146630	-1	19952	30619769	-1	19961
437146630	-1	19952	45487179	-1	19961
437146630	-1	19952	132425651	-1	19961
437146630	-1	19952	161461986	-1	19961
437146630	-1	19952	255248528	-1	19961
437146630	-1	19952	30941633	-1	19961
437146630	-1	19952	74749988	-1	19961
437146630	-1	19952	423564937	-1	19961
437146630	-1	19952	16322578	-1	19961
437146630	-1	19952	57064697	-1	19961
437146630	-1	19952	219759177	-1	19961
437146630	-1	19952	292359011	-1	19961
437146630	-1	19952	30758623	-1	19961
437146630	-1	19952	138302736	-1	19961
437146630	-1	19952	306873858	-1	19961
437146630	-1	19952	342158564	-1	19961
437146630	-1	19952	350697414	-1	19961
437146630	-1	19952	365468863	-1	19961
437146630	-1	19952	409094986	-1	19961
437146630	-1	19952	255897284	-1	19961
437146630	-1	19952	336491003	-1	19961
437146630	-1	19952	408802050	-1	19961
437146630	-1	19952	16018339	-1	19961
437146630	-1	19952	176429885	-1	19961
437146630	-1	19952	234336813	-1	19961
437146630	-1	19952	263285315	-1	19961
437146630	-1	19952	452427280	-1	19961
437146630	-1	19952	103731937	-1	19961
437146630	-1	19952	161554701	-1	19961
437146630	-1	19952	176446118	-1	19961
437146630	-1	19952	365609417	-1	19961
437146630	-1	19952	1880239	-1	19961
437146630	-1	19952	30927425	-1	19961
437146630	-1	19952	39400430	-1	19961
437146630	-1	19952	74433824	-1	19961
437146630	-1	19952	89196961	-1	19961
437146630	-1	19952	173945657	-1	19961
437146630	-1	19952	203287891	-1	19961
437146630	-1	19952	205052967	-1	19961
437146630	-1	19952	205606753	-1	19961
437146630	-1	19952	234544027	-1	19961
437146630	-1	19952	350549041	-1	19961
437146630	-1	19952	409016286	-1	19961
437146630	-1	19952	423493470	-1	19961
437146630	-1	19952	1839973	-1	19961
437146630	-1	19952	16341159	-1	19961
437146630	-1	19952	30856349	-1	19961
437146630	-1	19952	147325865	-1	19961
437146630	-1	19952	336243269	-1	19961
437146630	-1	19952	438192470	-1	19961
437146630	-1	19952	205471612	-1	19961
437146630	-1	19952	243075389	-1	19961
437146630	-1	19952	360604144	-1	19961
437146630	-1	19952	452729470	-1	19961
437146630	-1	19952	1341	-1	19961
437146630	-1	19952	30949751	-1	19961
437146630	-1	19952	45152266	-1	19961
437146630	-1	19952	88886019	-1	19961
437146630	-1	19952	89169913	-1	19961
437146630	-1	19952	118191937	-1	19961
437146630	-1	19952	220033885	-1	19961
437146630	-1	19952	248682499	-1	19961
437146630	-1	19952	321701942	-1	19961
437146630	-1	19952	336406894	-1	19961
437146630	-1	19952	350478932	-1	19961
437146630	-1	19952	394174097	-1	19961
437146630	-1	19952	409124918	-1	19961
437146630	-1	19952	437776039	-1	19961
437146630	-1	19952	88868176	-1	19961
437146630	-1	19952	147326301	-1	19961
437146630	-1	19952	161595171	-1	19961
437146630	-1	19952	307098380	-1	19961
437146630	-1	19952	31080239	-1	19961
437146630	-1	19952	45350334	-1	19961
437146630	-1	19952	74720597	-1	19961
437146630	-1	19952	86811971	-1	19961
437146630	-1	19952	103466454	-1	19961
437146630	-1	19952	103589584	-1	19961
437146630	-1	19952	118057697	-1	19961
437146630	-1	19952	190880523	-1	19961
437146630	-1	19952	205380444	-1	19961
437146630	-1	19952	380026705	-1	19961
437146630	-1	19952	176461120	-1	19961
437146630	-1	19952	205388762	-1	19961
437146630	-1	19952	219908350	-1	19961
437146630	-1	19952	132674538	-1	19961
437146630	-1	19952	176283921	-1	19961
437146630	-1	19952	423257597	-1	19961
437146630	-1	19952	147180179	-1	19961
437146630	-1	19952	292638627	-1	19961
437146630	-1	19952	327815597	-1	19961
437146630	-1	19952	449469647	-1	19961
437146630	-1	19952	30970471	-1	19961
437146630	-1	19952	379845969	-1	19961
437146630	-1	19952	117806900	-1	19961
437146630	-1	19952	423592421	-1	19961
437146630	-1	19952	292533874	-1	19961
437146630	-1	19952	768160	-1	19964
437146630	-1	19952	88017615	-1	19964
437146630	-1	19952	320679206	-1	19964
437146630	-1	19952	437012585	-1	19964
437146630	-1	19952	103534429	-1	19964
437146630	-1	19952	15513422	-1	19964
437146630	-1	19952	131846074	-1	19964
437146630	-1	19952	277080930	-1	19964
437146630	-1	19952	161836043	-1	19964
437146630	-1	19952	261581563	-1	19964
437146630	-1	19952	147432643	-1	19964
437146630	-1	19952	307251557	-1	19964
437146630	-1	19952	132629082	-1	19964
437146630	-1	19952	388871484	-1	19964
437146630	-1	19952	292785066	-1	19964
437146630	-1	19952	59836760	-1	19964
437146630	-1	19952	463822207	-1	19970
437146630	-1	19952	59765730	-1	19970
437146630	-1	19952	263398616	-1	19970
437146630	-1	19952	162016104	-1	19970
437146630	-1	19952	314232992	-1	19973
437146630	-1	19952	408897692	-1	19973
437146630	-1	19952	249038925	-1	19973
437146630	-1	19952	292826495	-1	19973
437146630	-1	19952	125381873	-1	19973
437146630	-1	19952	321977176	-1	19973
437146630	-1	19952	45422842	-1	19973
437146630	-1	19952	103589193	-1	19973
437146630	-1	19952	202935780	-1	19973
437146630	-1	19952	371833975	-1	19973
437146630	-1	19952	8813819	-1	19973
437146630	-1	19952	26419613	-1	19973
437146630	-1	19952	199559384	-1	19973
437146630	-1	19952	219810953	-1	19973
437146630	-1	19952	234668672	-1	19973
437146630	-1	19952	307062881	-1	19973
437146630	-1	19952	321621400	-1	19973
437146630	-1	19952	219850629	-1	19973
437146630	-1	19952	190994579	-1	19973
437146630	-1	19952	365192054	-1	19973
437146630	-1	19952	45519686	-1	19973
437146630	-1	19952	286949886	-1	19973
437146630	-1	19952	42998479	-1	19973
437146630	-1	19952	74181524	-1	19973
437146630	-1	19952	225572231	-1	19973
437146630	-1	19952	423730644	-1	19973
437146630	-1	19952	263400799	-1	19973
437146630	-1	19952	12704607	-1	19973
437146630	-1	19952	71135837	-1	19973
437146630	-1	19952	10265387	-1	19973
437146630	-1	19952	286047221	-1	19973
437146630	-1	19952	132435977	-1	19973
437146630	-1	19952	307172486	-1	19973
437146630	-1	19952	263813631	-1	19973
437146630	-1	19952	234530547	-1	19973
437146630	-1	19952	234283179	-1	19973
437146630	-1	19952	791978	-1	19976
437146630	-1	19952	248026446	-1	19976
437146630	-1	19952	277109954	-1	19976
437146630	-1	19952	349819473	-1	19976
437146630	-1	19952	88071099	-1	19976
437146630	-1	19952	275243670	-1	19976
437146630	-1	19952	156906734	-1	19976
437146630	-1	19952	263428305	-1	19976
437146630	-1	19952	365220693	-1	19976
437146630	-1	19952	126488011	-1	19976
437146630	-1	19952	248864460	-1	19976
437146630	-1	19952	394130629	-1	19976
437146630	-1	19952	71235864	-1	19976
437146630	-1	19952	239854669	-1	19976
437146630	-1	19952	301126313	-1	19976
437146630	-1	19952	292752271	-1	19976
437146630	-1	19952	278178961	-1	19976
437146630	-1	19952	379970293	-1	19976
437146630	-1	19952	161846386	-1	19976
437146630	-1	19952	321845966	-1	19976
437146630	-1	19952	103735881	-1	19976
437146630	-1	19952	234136394	-1	19976
437146630	-1	19952	336018448	-1	19976
437146630	-1	19952	45533230	-1	19976
437146630	-1	19952	249046549	-1	19976
437146630	-1	19952	31095838	-1	19976
437146630	-1	19952	60111644	-1	19976
437146630	-1	19952	263386803	-1	19976
437146630	-1	19952	307329192	-1	19976
437146630	-1	19952	321782544	-1	19976
437146630	-1	19952	350898867	-1	19976
437146630	-1	19952	394461720	-1	19976
437146630	-1	19952	117884213	-1	19976
437146630	-1	19952	147201788	-1	19976
437146630	-1	19952	25543218	-1	19976
437146630	-1	19952	129477979	-1	19976
437146630	-1	19952	263780992	-1	19976
437146630	-1	19952	461936688	-1	19976
437146630	-1	19952	1889786	-1	19976
437146630	-1	19952	41213649	-1	19976
437146630	-1	19952	132901339	-1	19976
437146630	-1	19952	138173051	-1	19976
437146630	-1	19952	350817604	-1	19976
437146630	-1	19952	452587980	-1	19976
437146630	-1	19952	16139630	-1	19976
437146630	-1	19952	117816975	-1	19976
437146630	-1	19952	205639270	-1	19976
437146630	-1	19952	263566074	-1	19976
437146630	-1	19952	263806475	-1	19976
437146630	-1	19952	219796482	-1	19976
437146630	-1	19952	94139091	-1	19976
437146630	-1	19952	176366184	-1	19976
437146630	-1	19952	176386060	-1	19976
437146630	-1	19952	255192724	-1	19976
437146630	-1	19952	263682694	-1	19976
437146630	-1	19952	408869380	-1	19976
437146630	-1	19952	423780587	-1	19976
437146630	-1	19952	438011194	-1	19976
437146630	-1	19952	438055752	-1	19976
437146630	-1	19952	30729166	-1	19976
437146630	-1	19952	41692598	-1	19976
437146630	-1	19952	249013204	-1	19976
437146630	-1	19952	336000525	-1	19976
437146630	-1	19952	1587654	-1	19976
437146630	-1	19952	176169158	-1	19976
437146630	-1	19952	45394836	-1	19976
437146630	-1	19952	394316602	-1	19976
437146630	-1	19952	59833913	-1	19976
437146630	-1	19952	336346487	-1	19976
437146630	-1	19952	131810588	-1	19979
437146630	-1	19952	204819928	-1	19979
437146630	-1	19952	262552163	-1	19979
437146630	-1	19952	73512947	-1	19979
437146630	-1	19952	175433049	-1	19979
437146630	-1	19952	437488905	-1	19979
437146630	-1	19952	437489743	-1	19979
437146630	-1	19952	408098471	-1	19979
437146630	-1	19952	53803084	-1	19979
437146630	-1	19952	88214171	-1	19979
437146630	-1	19952	364318936	-1	19979
437146630	-1	19952	451752648	-1	19979
437146630	-1	19952	262529385	-1	19979
437146630	-1	19952	160923779	-1	19979
437146630	-1	19952	291766242	-1	19979
437146630	-1	19952	437038675	-1	19979
437146630	-1	19952	58978531	-1	19979
437146630	-1	19952	58956192	-1	19979
437146630	-1	19952	335246765	-1	19979
437146630	-1	19952	393596438	-1	19979
437146630	-1	19952	320738276	-1	19979
437146630	-1	19952	160776804	-1	19979
437146630	-1	19952	335278964	-1	19979
437146630	-1	19952	190220264	-1	19979
437146630	-1	19952	204402725	-1	19979
437146630	-1	19952	262930460	-1	19979
437146630	-1	19952	1731639	-1	19979
437146630	-1	19952	459001307	-1	19979
437146630	-1	19952	220202752	-1	19979
437146630	-1	19952	372984462	-1	19979
437146630	-1	19952	318013043	-1	19979
437146630	-1	19952	54415149	-1	19979
437146630	-1	19952	44588554	-1	19979
437146630	-1	19952	59739704	-1	19982
437146630	-1	19952	292721153	-1	19982
437146630	-1	19952	147455169	-1	19985
437146630	-1	19952	146492341	-1	19988
437146630	-1	19952	88014249	-1	19988
437146630	-1	19952	175266736	-1	19988
437146630	-1	19952	422533722	-1	19988
437146630	-1	19952	103030450	-1	19988
437146630	-1	19952	160769377	-1	19988
437146630	-1	19952	320706996	-1	19988
437146630	-1	19952	219087020	-1	19988
437146630	-1	19952	233444595	-1	19988
437146630	-1	19952	277254997	-1	19988
437146630	-1	19952	118259868	-1	19988
437146630	-1	19952	117156035	-1	19997
437146630	-1	19952	379139016	-1	19997
437146630	-1	19952	451610590	-1	19997
437146630	-1	19952	88791206	-1	19997
437146630	-1	19952	336053568	-1	19997
437146630	-1	19952	248805963	-1	19997
437146630	-1	19952	379157212	-1	20003
437146630	-1	19952	379121190	-1	20003
437146630	-1	19952	292839693	-1	20018
437146630	-1	19952	409169149	-1	20018
437146630	-1	19952	335514927	-1	20036
437146630	-1	19952	171322427	-1	20054
437146630	-1	19952	336536186	-1	20054
437146630	-1	19952	321799973	-1	20054
437146630	-1	19952	406482230	-1	20054
437146630	-1	19952	103825144	-1	20054
437146630	-1	19952	350740091	-1	20060
437146630	-1	19952	380100095	-1	20060
437146630	-1	19952	379630364	-1	20060
437146630	-1	19952	437053387	-1	20069
437146630	-1	19952	408096014	-1	20069
437146630	-1	19952	15477124	-1	20069
437146630	-1	19952	806582	-1	20069
437146630	-1	19952	378905063	-1	20069
437146630	-1	19952	437072722	-1	20069
437146630	-1	19952	161012942	-1	20069
437146630	-1	19952	364364726	-1	20069
437146630	-1	19952	408219268	-1	20069
437146630	-1	19952	335222298	-1	20069
437146630	-1	19952	364305229	-1	20069
437146630	-1	19952	102756509	-1	20069
437146630	-1	19952	131812022	-1	20069
437146630	-1	19952	248171396	-1	20069
437146630	-1	19952	378886347	-1	20069
437146630	-1	19952	146195592	-1	20069
437146630	-1	19952	422670278	-1	20069
437146630	-1	19952	117298689	-1	20069
437146630	-1	19952	239771823	-1	20075
437146630	-1	19952	230068305	-1	20078
437146630	-1	19952	291489173	-1	20078
437146630	-1	19952	349730187	-1	20078
437146630	-1	19952	191051739	-1	20087
437146630	-1	19952	176477275	-1	20099
437146630	-1	19952	103478326	-1	20099
437146630	-1	19952	176040433	-1	20099
437146630	-1	19952	452386152	-1	20099
437146630	-1	19952	379748736	-1	20099
437146630	-1	19952	184072366	-1	20102
437146630	-1	19952	205105306	-1	20102
437146630	-1	19952	307045413	-1	20102
437146630	-1	19952	307057146	-1	20126
437146630	-1	19952	437897817	-1	20153
437146630	-1	19952	407970148	-1	20156
437146630	-1	19952	219919444	-1	20168
437146630	-1	19952	60015591	-1	20189
437146630	-1	19952	118381505	-1	20234
437146630	-1	19952	74398713	-1	20273
437146630	-1	19952	292552998	-1	20276
437146630	-1	19952	379976939	-1	20291
437146630	-1	19952	190574791	-1	20348
437146630	-1	19952	87210512	-1	20414
437146630	-1	19952	340729686	-1	23646
437146630	-1	19952	122607814	-1	23646
437146630	-1	19952	112014539	-1	23649
437146630	-1	19952	33485235	-1	23691
437146630	-1	19952	89178308	-1	24230
437146630	-1	19952	379759500	-1	24248
437146630	-1	19952	88997098	-1	24266
217533439	-1	28119	422713139	-1	28119
217533439	-1	28119	217533439	-1	28119
217533439	-1	28119	451838066	-1	28119
217533439	-1	28119	364790228	-1	28119
217533439	-1	28119	247749602	-1	28119
217533439	-1	28119	219130216	-1	28119
217533439	-1	28119	219397138	-1	28119
217533439	-1	28119	30143615	-1	28119
217533439	-1	28119	131934864	-1	28119
217533439	-1	28119	335707439	-1	28119
217533439	-1	28119	88257708	-1	28119
217533439	-1	28119	297524224	-1	28119
217533439	-1	28119	388933369	-1	28119
217533439	-1	28119	132124816	-1	28119
217533439	-1	28119	158713074	-1	28119
217533439	-1	28119	314002429	-1	28119
217533439	-1	28119	300181779	-1	28119
217533439	-1	28119	154394998	-1	28119
217533439	-1	28119	175546980	-1	28119
217533439	-1	28119	153709162	-1	28119
217533439	-1	28119	437295634	-1	28119
217533439	-1	28119	88256616	-1	28119
217533439	-1	28119	30335208	-1	28119
217533439	-1	28119	422608225	-1	28119
217533439	-1	28119	451796693	-1	28119
217533439	-1	28119	88297739	-1	28119
217533439	-1	28119	349902057	-1	28119
217533439	-1	28119	102839124	-1	28119
217533439	-1	28119	117111722	-1	28119
217533439	-1	28119	73758736	-1	28119
217533439	-1	28119	117381840	-1	28119
217533439	-1	28119	335356014	-1	28119
217533439	-1	28119	160964985	-1	28119
217533439	-1	28119	262651933	-1	28119
217533439	-1	28119	1049172	-1	28119
217533439	-1	28119	451795077	-1	28119
217533439	-1	28119	219172802	-1	28119
217533439	-1	28119	378983279	-1	28119
217533439	-1	28119	50127089	-1	28119
217533439	-1	28119	370232194	-1	28119
217533439	-1	28119	73612797	-1	28119
217533439	-1	28119	393701517	-1	28119
217533439	-1	28119	15619770	-1	28119
217533439	-1	28119	457217098	-1	28119
217533439	-1	28119	364340875	-1	28119
217533439	-1	28119	262676098	-1	28119
217533439	-1	28119	44425926	-1	28119
217533439	-1	28119	73509373	-1	28119
217533439	-1	28119	393701960	-1	28119
217533439	-1	28119	233714542	-1	28119
217533439	-1	28119	146299281	-1	28125
217533439	-1	28119	319813486	-1	28125
217533439	-1	28119	73768511	-1	28125
217533439	-1	28119	408214586	-1	28125
217533439	-1	28119	430461112	-1	28125
217533439	-1	28119	422956279	-1	28125
217533439	-1	28119	204630932	-1	28125
217533439	-1	28119	175448629	-1	28125
217533439	-1	28119	289425622	-1	28125
217533439	-1	28119	335331268	-1	28125
217533439	-1	28119	277296897	-1	28125
217533439	-1	28119	277368998	-1	28125
217533439	-1	28119	28540631	-1	28125
217533439	-1	28119	204632088	-1	28125
217533439	-1	28119	393672144	-1	28125
217533439	-1	28119	311834106	-1	28125
217533439	-1	28119	451795942	-1	28125
217533439	-1	28119	103043234	-1	28125
217533439	-1	28119	1080024	-1	28125
217533439	-1	28119	277193428	-1	28125
217533439	-1	28119	277173703	-1	28125
217533439	-1	28119	364422477	-1	28125
217533439	-1	28119	58028628	-1	28125
217533439	-1	28119	204487653	-1	28125
217533439	-1	28119	408415921	-1	28125
217533439	-1	28119	393672751	-1	28125
217533439	-1	28119	393497640	-1	28125
217533439	-1	28119	391884248	-1	28125
217533439	-1	28119	306279012	-1	28125
217533439	-1	28119	457237469	-1	28125
217533439	-1	28119	15547920	-1	28125
217533439	-1	28119	233671997	-1	28125
217533439	-1	28119	175505709	-1	28125
217533439	-1	28119	88298151	-1	28125
217533439	-1	28119	73755990	-1	28125
217533439	-1	28119	30132801	-1	28125
217533439	-1	28119	219172737	-1	28128
217533439	-1	28119	204661336	-1	28128
217533439	-1	28119	175547224	-1	28128
217533439	-1	28119	329422414	-1	28131
217533439	-1	28119	370995911	-1	28131
217533439	-1	28119	350047670	-1	28131
217533439	-1	28119	1048634	-1	28131
217533439	-1	28119	59245378	-1	28131
217533439	-1	28119	335384065	-1	28131
217533439	-1	28119	335385339	-1	28131
217533439	-1	28119	360698168	-1	28131
217533439	-1	28119	272828944	-1	28131
217533439	-1	28119	58967096	-1	28131
217533439	-1	28119	131924413	-1	28131
217533439	-1	28119	117286614	-1	28131
217533439	-1	28119	364516178	-1	28134
217533439	-1	28119	291808571	-1	28134
217533439	-1	28119	321056999	-1	28137
217533439	-1	28119	175642953	-1	28137
217533439	-1	28119	210275889	-1	28137
217533439	-1	28119	419498813	-1	28137
217533439	-1	28119	330739107	-1	28137
217533439	-1	28119	350140425	-1	28137
217533439	-1	28119	291808240	-1	28137
217533439	-1	28119	132107355	-1	28137
217533439	-1	28119	291785742	-1	28137
217533439	-1	28119	102839356	-1	28140
217533439	-1	28119	335612569	-1	28140
217533439	-1	28119	211595160	-1	28140
217533439	-1	28119	30241504	-1	28140
217533439	-1	28119	102946276	-1	28140
217533439	-1	28119	393780193	-1	28140
217533439	-1	28119	161114716	-1	28140
217533439	-1	28119	175657347	-1	28140
217533439	-1	28119	214055326	-1	28140
217533439	-1	28119	233824943	-1	28140
217533439	-1	28119	335612732	-1	28140
217533439	-1	28119	311835467	-1	28140
217533439	-1	28119	117488123	-1	28140
217533439	-1	28119	73864622	-1	28140
217533439	-1	28119	350153271	-1	28140
217533439	-1	28119	44782523	-1	28140
217533439	-1	28119	219280509	-1	28140
217533439	-1	28119	408323790	-1	28140
217533439	-1	28119	422861286	-1	28140
217533439	-1	28119	248365799	-1	28140
217533439	-1	28119	379238696	-1	28140
217533439	-1	28119	1157116	-1	28140
217533439	-1	28119	15698680	-1	28140
217533439	-1	28119	335616405	-1	28140
217533439	-1	28119	335614547	-1	28140
217533439	-1	28119	340906537	-1	28140
217533439	-1	28119	277339091	-1	28140
217533439	-1	28119	277521881	-1	28143
217533439	-1	28119	175640703	-1	28143
217533439	-1	28119	132106959	-1	28143
217533439	-1	28119	73941939	-1	28143
217533439	-1	28119	233900315	-1	28143
217533439	-1	28119	262981710	-1	28143
217533439	-1	28119	248440966	-1	28143
217533439	-1	28119	117475185	-1	28143
217533439	-1	28119	190275488	-1	28143
217533439	-1	28119	248214239	-1	28146
217533439	-1	28119	306452278	-1	28146
217533439	-1	28119	437326601	-1	28146
217533439	-1	28119	152109635	-1	28149
217533439	-1	28119	82100580	-1	28149
217533439	-1	28119	253876256	-1	28149
217533439	-1	28119	35752497	-1	28149
217533439	-1	28119	137335333	-1	28149
217533439	-1	28119	248365420	-1	28149
217533439	-1	28119	219282257	-1	28149
217533439	-1	28119	262549557	-1	28149
217533439	-1	28119	166444038	-1	28149
217533439	-1	28119	108460492	-1	28149
217533439	-1	28119	349947611	-1	28161
217533439	-1	28119	248214379	-1	28161
217533439	-1	28119	277369352	-1	28161
217533439	-1	28119	233650499	-1	28161
217533439	-1	28119	335463915	-1	28161
217533439	-1	28119	379203285	-1	28167
217533439	-1	28119	137561390	-1	28170
217533439	-1	28119	88297584	-1	28173
217533439	-1	28119	286011187	-1	28176
217533439	-1	28119	291911647	-1	28182
217533439	-1	28119	64859008	-1	28185
217533439	-1	28119	272810561	-1	28188
217533439	-1	28119	277449596	-1	28188
217533439	-1	28119	15591847	-1	28188
217533439	-1	28119	131953190	-1	28188
217533439	-1	28119	185548159	-1	28203
217533439	-1	28119	146572129	-1	28209
217533439	-1	28119	350156069	-1	28209
217533439	-1	28119	160863881	-1	28209
217533439	-1	28119	355396331	-1	28209
217533439	-1	28119	373274828	-1	28215
217533439	-1	28119	413852150	-1	28215
217533439	-1	28119	190198651	-1	28215
217533439	-1	28119	320695772	-1	28215
217533439	-1	28119	137544097	-1	28218
217533439	-1	28119	44751471	-1	28221
217533439	-1	28119	204661712	-1	28221
217533439	-1	28119	364618429	-1	28221
217533439	-1	28119	393522012	-1	28221
217533439	-1	28119	320841800	-1	28236
217533439	-1	28119	44563032	-1	28239
217533439	-1	28119	422784784	-1	28242
217533439	-1	28119	1008467	-1	28242
217533439	-1	28119	183680117	-1	28245
217533439	-1	28119	217932675	-1	28245
217533439	-1	28119	54703511	-1	28248
217533439	-1	28119	59215019	-1	28257
217533439	-1	28119	204589914	-1	28275
217533439	-1	28119	204468604	-1	28293
217533439	-1	28119	1079649	-1	28314
217533439	-1	28119	437498885	-1	28405
217533439	-1	28119	329843225	-1	28405
217533439	-1	28119	15549346	-1	28420
217533439	-1	28119	39726826	-1	28420
217533439	-1	28119	321146487	-1	28420
217533439	-1	28119	1049611	-1	28420
217533439	-1	28119	233567393	-1	28420
217533439	-1	28119	437254856	-1	28420
217533439	-1	28119	146376283	-1	28429
217533439	-1	28119	233900845	-1	28432
217533439	-1	28119	393857305	-1	28432
217533439	-1	28119	28949583	-1	28432
217533439	-1	28119	321165878	-1	28432
217533439	-1	28119	233831288	-1	28432
217533439	-1	28119	253847851	-1	28435
217533439	-1	28119	364589210	-1	28435
217533439	-1	28119	350047849	-1	28435
217533439	-1	28119	59245046	-1	28438
217533439	-1	28119	379335049	-1	28441
217533439	-1	28119	1128529	-1	28441
217533439	-1	28119	219293795	-1	28441
217533439	-1	28119	233672579	-1	28447
217533439	-1	28119	429592432	-1	28453
217533439	-1	28119	312060772	-1	28486
217533439	-1	28119	210269302	-1	28486
217533439	-1	28119	248364636	-1	28486
217533439	-1	28119	451944323	-1	28486
217533439	-1	28119	370226475	-1	28486
217533439	-1	28119	262891119	-1	28486
217533439	-1	28119	204738187	-1	28486
217533439	-1	28119	292066354	-1	28486
217533439	-1	28119	364698455	-1	28486
217533439	-1	28119	248365060	-1	28486
217533439	-1	28119	262907349	-1	28486
217533439	-1	28119	321070790	-1	28486
217533439	-1	28119	1061036	-1	28489
217533439	-1	28119	306152668	-1	28489
217533439	-1	28119	429432081	-1	28489
217533439	-1	28119	13832850	-1	28489
217533439	-1	28119	59216330	-1	28489
217533439	-1	28119	93764532	-1	28492
217533439	-1	28119	30161807	-1	28492
217533439	-1	28119	224492586	-1	28492
217533439	-1	28119	437375554	-1	28492
217533439	-1	28119	44793628	-1	28492
217533439	-1	28119	64894861	-1	28492
217533439	-1	28119	160738634	-1	28492
217533439	-1	28119	320994775	-1	28492
217533439	-1	28119	117411822	-1	28492
217533439	-1	28119	408416529	-1	28492
217533439	-1	28119	408334007	-1	28492
217533439	-1	28119	283818317	-1	28492
217533439	-1	28119	239335093	-1	28492
217533439	-1	28119	152085178	-1	28492
217533439	-1	28119	195709829	-1	28492
217533439	-1	28119	306278226	-1	28492
217533439	-1	28119	86448748	-1	28492
217533439	-1	28119	393702334	-1	28492
217533439	-1	28119	248285605	-1	28492
217533439	-1	28119	320828349	-1	28492
217533439	-1	28119	320962994	-1	28492
217533439	-1	28119	408140439	-1	28495
217533439	-1	28119	262908273	-1	28495
217533439	-1	28119	350076082	-1	28495
217533439	-1	28119	233892367	-1	28495
217533439	-1	28119	364481907	-1	28501
217533439	-1	28119	1157061	-1	28501
217533439	-1	28119	422865286	-1	28519
217533439	-1	28119	214739609	-1	28522
217533439	-1	28119	306531669	-1	28528
217533439	-1	28119	146216845	-1	28534
217533439	-1	28119	262798313	-1	28543
217533439	-1	28119	195735899	-1	28546
217533439	-1	28119	219280252	-1	28546
217533439	-1	28119	379250009	-1	28546
217533439	-1	28119	393779581	-1	28546
217533439	-1	28119	239352296	-1	28552
217533439	-1	28119	175655241	-1	28555
217533439	-1	28119	364681860	-1	28558
217533439	-1	28119	29987665	-1	28564
217533439	-1	28119	320842148	-1	28570
217533439	-1	28119	59093560	-1	28570
217533439	-1	28119	15590595	-1	28573
217533439	-1	28119	59151018	-1	28573
217533439	-1	28119	393671309	-1	28576
217533439	-1	28119	11050020	-1	28591
217533439	-1	28119	98348390	-1	28591
217533439	-1	28119	125095315	-1	28591
217533439	-1	28119	187071236	-1	28591
217533439	-1	28119	287355416	-1	28591
217533439	-1	28119	15620322	-1	28594
217533439	-1	28119	108430475	-1	28600
217533439	-1	28119	442888999	-1	28603
217533439	-1	28119	262798642	-1	28603
217533439	-1	28119	233820748	-1	28603
217533439	-1	28119	127431580	-1	28606
217533439	-1	28119	122974199	-1	28609
217533439	-1	28119	224819393	-1	28609
217533439	-1	28119	161008141	-1	28609
217533439	-1	28119	64806682	-1	28621
217533439	-1	28119	442887635	-1	28621
217533439	-1	28119	378948937	-1	28621
217533439	-1	28119	64595069	-1	28621
217533439	-1	28119	195728043	-1	28624
217533439	-1	28119	448694992	-1	28627
217533439	-1	28119	108431925	-1	28633
217533439	-1	28119	437207166	-1	28633
217533439	-1	28119	6641390	-1	28636
217533439	-1	28119	137514456	-1	28642
217533439	-1	28119	210223264	-1	28645
217533439	-1	28119	108431663	-1	28645
217533439	-1	28119	152057004	-1	28645
217533439	-1	28119	985188	-1	28645
217533439	-1	28119	239305951	-1	28648
217533439	-1	28119	6640341	-1	28648
217533439	-1	28119	166597645	-1	28648
217533439	-1	28119	122973294	-1	28651
217533439	-1	28119	195682109	-1	28651
217533439	-1	28119	428346414	-1	28654
217533439	-1	28119	50266306	-1	28654
217533439	-1	28119	210222444	-1	28654
217533439	-1	28119	253847419	-1	28654
217533439	-1	28119	370179770	-1	28654
217533439	-1	28119	152110969	-1	28654
217533439	-1	28119	233672886	-1	28660
217533439	-1	28119	137515697	-1	28660
217533439	-1	28119	122973851	-1	28666
217533439	-1	28119	408415638	-1	28669
217533439	-1	28119	88476831	-1	28669
217533439	-1	28119	93890486	-1	28675
217533439	-1	28119	6640546	-1	28675
217533439	-1	28119	6641514	-1	28675
217533439	-1	28119	108431763	-1	28678
217533439	-1	28119	282931210	-1	28678
217533439	-1	28119	326555267	-1	28678
217533439	-1	28119	370180628	-1	28678
217533439	-1	28119	181139310	-1	28678
217533439	-1	28119	312014168	-1	28684
217533439	-1	28119	195681527	-1	28690
217533439	-1	28119	21179163	-1	28690
217533439	-1	28119	297472321	-1	28690
217533439	-1	28119	297473102	-1	28690
217533439	-1	28119	341097263	-1	28696
217533439	-1	28119	384721610	-1	28699
217533439	-1	28119	181139343	-1	28702
217533439	-1	28119	384722601	-1	28705
217533439	-1	28119	195682146	-1	28708
217533439	-1	28119	384721282	-1	28711
217533439	-1	28119	93944778	-1	28711
217533439	-1	28119	122973126	-1	28711
217533439	-1	28119	79349336	-1	28714
217533439	-1	28119	108432262	-1	28714
217533439	-1	28119	282931224	-1	28714
217533439	-1	28119	312013512	-1	28714
217533439	-1	28119	93890448	-1	28714
217533439	-1	28119	166597984	-1	28714
217533439	-1	28119	166598024	-1	28714
217533439	-1	28119	355638386	-1	28714
217533439	-1	28119	224765288	-1	28717
217533439	-1	28119	268389328	-1	28717
217533439	-1	28119	428346860	-1	28717
217533439	-1	28119	6640351	-1	28717
217533439	-1	28119	35723466	-1	28717
217533439	-1	28119	50265186	-1	28717
217533439	-1	28119	64532667	-1	28717
217533439	-1	28119	312014795	-1	28717
217533439	-1	28119	355638495	-1	28717
217533439	-1	28119	370180161	-1	28717
217533439	-1	28119	399263429	-1	28717
217533439	-1	28119	442888329	-1	28717
217533439	-1	28119	370180518	-1	28717
217533439	-1	28119	21182952	-1	28717
217533439	-1	28119	21183094	-1	28717
217533439	-1	28119	210222482	-1	28717
217533439	-1	28119	384722263	-1	28717
217533439	-1	28119	6640650	-1	28717
217533439	-1	28119	50264957	-1	28717
217533439	-1	28119	50266023	-1	28717
217533439	-1	28119	79349592	-1	28717
217533439	-1	28119	152056801	-1	28717
217533439	-1	28119	195680984	-1	28717
217533439	-1	28119	210223131	-1	28717
217533439	-1	28119	253847941	-1	28717
217533439	-1	28119	282930662	-1	28717
217533439	-1	28119	355638437	-1	28717
217533439	-1	28119	355638794	-1	28717
217533439	-1	28119	384722654	-1	28717
217533439	-1	28119	442888971	-1	28717
217533439	-1	28119	35724737	-1	28717
217533439	-1	28119	282656579	-1	28717
217533439	-1	28119	428346342	-1	28717
217533439	-1	28119	326555558	-1	28717
217533439	-1	28119	384722103	-1	28717
217533439	-1	28119	312013415	-1	28717
217533439	-1	28119	122699124	-1	28717
217533439	-1	28119	253902199	-1	28717
217533439	-1	28119	282930768	-1	28717
217533439	-1	28119	442888077	-1	28717
217533439	-1	28119	195680866	-1	28717
217533439	-1	28119	370234876	-1	28717
217533439	-1	28119	413859155	-1	28717
217533439	-1	28119	35723978	-1	28717
217533439	-1	28119	152056582	-1	28717
217533439	-1	28119	442888730	-1	28717
217533439	-1	28119	122973554	-1	28717
217533439	-1	28119	297472991	-1	28717
217533439	-1	28119	102889377	-1	28741
217533439	-1	28119	152057095	-1	28744
217533439	-1	28119	457429778	-1	28747
217533439	-1	28119	93891093	-1	28747
217533439	-1	28119	189944064	-1	28933
217533439	-1	28119	428347310	-1	28933
217533439	-1	28119	108431300	-1	28936
217533439	-1	28119	35724831	-1	28936
217533439	-1	28119	122973156	-1	28936
217533439	-1	28119	282986034	-1	28936
217533439	-1	28119	146424170	-1	28936
217533439	-1	28119	161211131	-1	28936
217533439	-1	28119	175655130	-1	28936
217533439	-1	28119	44527371	-1	28936
217533439	-1	28119	364444188	-1	28936
217533439	-1	28119	320900346	-1	28936
217533439	-1	28119	44674943	-1	28936
217533439	-1	28119	15701213	-1	28945
217533439	-1	28119	239177378	-1	28951
217533439	-1	28119	175548312	-1	28984
217533439	-1	28119	190241976	-1	28996
217533439	-1	28119	384447488	-1	29089
217533439	-1	28119	21182725	-1	29089
217533439	-1	28119	224764991	-1	29089
217533439	-1	28119	49993675	-1	29089
217533439	-1	28119	64807374	-1	29089
217533439	-1	28119	355638763	-1	29089
217533439	-1	28119	50265341	-1	29089
217533439	-1	28119	239306205	-1	29089
217533439	-1	28119	340822869	-1	29089
217533439	-1	28119	413805294	-1	29089
217533439	-1	28119	152056258	-1	29089
217533439	-1	28119	428346306	-1	29089
217533439	-1	28119	21182363	-1	29089
217533439	-1	28119	224765352	-1	29089
217533439	-1	28119	268388785	-1	29089
217533439	-1	28119	399263370	-1	29089
217533439	-1	28119	93615972	-1	29089
217533439	-1	28119	408271711	-1	29089
217533439	-1	28119	233540253	-1	29089
217533439	-1	28119	277340120	-1	29089
217533439	-1	28119	50265900	-1	29095
217533439	-1	28119	341097611	-1	29104
217533439	-1	28119	108431662	-1	29107
217533439	-1	28119	851923	-1	29119
217533439	-1	28119	123077238	-1	29125
217533439	-1	28119	190151376	-1	29125
217533439	-1	28119	306481439	-1	29125
217533439	-1	28119	364647916	-1	29125
217533439	-1	28119	379191892	-1	29125
217533439	-1	28119	248316335	-1	29125
217533439	-1	28119	73583216	-1	29140
217533439	-1	28119	15590659	-1	29140
217533439	-1	28119	291879769	-1	29140
217533439	-1	28119	44734788	-1	29140
217533439	-1	28119	393778635	-1	29149
217533439	-1	28119	399263477	-1	29173
217533439	-1	28119	451956338	-1	29173
217533439	-1	28119	262854165	-1	29179
217533439	-1	28119	233568230	-1	29185
217533439	-1	28119	79349434	-1	29185
217533439	-1	28119	73961349	-1	29269
400866276	-1	42757	103077655	-1	42748
400866276	-1	42757	146290817	-1	42748
400866276	-1	42757	44499409	-1	42748
400866276	-1	42757	88124089	-1	42748
400866276	-1	42757	44787415	-1	42748
400866276	-1	42757	131749846	-1	42748
400866276	-1	42757	277354020	-1	42748
400866276	-1	42757	437123091	-1	42748
400866276	-1	42757	30147076	-1	42748
400866276	-1	42757	44499630	-1	42748
400866276	-1	42757	248081961	-1	42748
400866276	-1	42757	335518852	-1	42748
400866276	-1	42757	437122505	-1	42748
400866276	-1	42757	451664713	-1	42748
400866276	-1	42757	44911170	-1	42748
400866276	-1	42757	59332151	-1	42748
400866276	-1	42757	1286305	-1	42748
400866276	-1	42757	320777090	-1	42748
400866276	-1	42757	66713086	-1	42748
400866276	-1	42757	117497783	-1	42748
400866276	-1	42757	73583596	-1	42748
400866276	-1	42757	175374560	-1	42748
400866276	-1	42757	389178486	-1	42748
400866276	-1	42757	874988	-1	42748
400866276	-1	42757	44789584	-1	42748
400866276	-1	42757	15417527	-1	42748
400866276	-1	42757	1163379	-1	42748
400866276	-1	42757	321080783	-1	42748
400866276	-1	42757	377491056	-1	42748
400866276	-1	42757	451663961	-1	42748
400866276	-1	42757	161214909	-1	42748
400866276	-1	42757	422965807	-1	42748
400866276	-1	42757	874590	-1	42748
400866276	-1	42757	44537185	-1	42748
400866276	-1	42757	379246264	-1	42748
400866276	-1	42757	7318121	-1	42751
400866276	-1	42757	393597024	-1	42751
400866276	-1	42757	262720551	-1	42754
400866276	-1	42757	400866276	-1	42757
400866276	-1	42757	143693809	-1	42757
400866276	-1	42757	175457202	-1	42757
400866276	-1	42757	102992645	-1	42757
400866276	-1	42757	102877820	-1	42757
400866276	-1	42757	161116128	-1	42757
400866276	-1	42757	68622818	-1	42757
400866276	-1	42757	132033714	-1	42757
400866276	-1	42757	277377790	-1	42757
400866276	-1	42757	15699567	-1	42757
400866276	-1	42757	262903732	-1	42757
400866276	-1	42757	1087060	-1	42757
400866276	-1	42757	306331324	-1	42757
400866276	-1	42757	377187019	-1	42760
400866276	-1	42757	132076486	-1	42760
400866276	-1	42757	393737736	-1	42760
400866276	-1	42757	393783915	-1	42760
400866276	-1	42757	55875091	-1	42760
400866276	-1	42757	15706721	-1	42760
400866276	-1	42757	88402112	-1	42760
400866276	-1	42757	117485399	-1	42760
400866276	-1	42757	117486554	-1	42760
400866276	-1	42757	248359277	-1	42760
400866276	-1	42757	393774604	-1	42760
400866276	-1	42757	117486174	-1	42760
400866276	-1	42757	132027015	-1	42760
400866276	-1	42757	364692871	-1	42760
400866276	-1	42757	451915972	-1	42760
400866276	-1	42757	291946746	-1	42760
400866276	-1	42757	59281392	-1	42760
400866276	-1	42757	190054567	-1	42760
400866276	-1	42757	59329632	-1	42760
400866276	-1	42757	875794	-1	42760
400866276	-1	42757	306151229	-1	42760
400866276	-1	42757	364654552	-1	42760
400866276	-1	42757	73823317	-1	42760
400866276	-1	42757	132108841	-1	42760
400866276	-1	42757	204733282	-1	42760
400866276	-1	42757	190154687	-1	42760
400866276	-1	42757	88162018	-1	42760
400866276	-1	42757	306285884	-1	42760
400866276	-1	42757	233452466	-1	42760
400866276	-1	42757	422616370	-1	42760
400866276	-1	42757	175409975	-1	42760
400866276	-1	42757	219034874	-1	42760
400866276	-1	42757	379197471	-1	42760
400866276	-1	42757	233522833	-1	42760
400866276	-1	42757	451699999	-1	42760
400866276	-1	42757	408280623	-1	42760
400866276	-1	42757	30285837	-1	42760
400866276	-1	42757	364653889	-1	42760
400866276	-1	42757	321027913	-1	42760
400866276	-1	42757	146529126	-1	42760
400866276	-1	42757	88536243	-1	42763
400866276	-1	42757	44797268	-1	42766
400866276	-1	42757	436237566	-1	42766
400866276	-1	42757	43539533	-1	42766
400866276	-1	42757	143747210	-1	42766
400866276	-1	42757	361408311	-1	42766
400866276	-1	42757	375380559	-1	42766
400866276	-1	42757	361067781	-1	42766
400866276	-1	42757	40546878	-1	42766
400866276	-1	42757	86708528	-1	42766
400866276	-1	42757	273515142	-1	42766
400866276	-1	42757	56497737	-1	42766
400866276	-1	42757	229717827	-1	42766
400866276	-1	42757	171989925	-1	42766
400866276	-1	42757	327983768	-1	42766
400866276	-1	42757	73870667	-1	42766
400866276	-1	42757	213746367	-1	42766
400866276	-1	42757	66461420	-1	42766
400866276	-1	42757	364703567	-1	42766
400866276	-1	42757	233951657	-1	42766
400866276	-1	42757	417470205	-1	42766
400866276	-1	42757	215121205	-1	42766
400866276	-1	42757	291745488	-1	42766
400866276	-1	42757	392524607	-1	42766
400866276	-1	42757	321078749	-1	42766
400866276	-1	42757	28731722	-1	42766
400866276	-1	42757	126305611	-1	42766
400866276	-1	42757	313629647	-1	42766
400866276	-1	42757	361792127	-1	42766
400866276	-1	42757	186416405	-1	42766
400866276	-1	42757	39094814	-1	42766
400866276	-1	42757	371341544	-1	42766
400866276	-1	42757	345958011	-1	42766
400866276	-1	42757	231258657	-1	42766
400866276	-1	42757	288435843	-1	42766
400866276	-1	42757	71525335	-1	42766
400866276	-1	42757	96447496	-1	42769
400866276	-1	42757	15777171	-1	42769
400866276	-1	42757	422939162	-1	42769
400866276	-1	42757	437311515	-1	42769
400866276	-1	42757	88313552	-1	42769
400866276	-1	42757	262584608	-1	42769
400866276	-1	42757	44753075	-1	42769
400866276	-1	42757	190214041	-1	42769
400866276	-1	42757	30256774	-1	42769
400866276	-1	42757	393685024	-1	42769
400866276	-1	42757	233838111	-1	42769
400866276	-1	42757	277352504	-1	42769
400866276	-1	42757	379246283	-1	42772
400866276	-1	42757	379364023	-1	42775
400866276	-1	42757	146365293	-1	42781
400866276	-1	42757	422989842	-1	42781
400866276	-1	42757	175374524	-1	42781
400866276	-1	42757	349873665	-1	42781
400866276	-1	42757	437122086	-1	42781
400866276	-1	42757	15417384	-1	42781
400866276	-1	42757	292065424	-1	42781
400866276	-1	42757	262983281	-1	42781
400866276	-1	42757	335331581	-1	42781
400866276	-1	42757	321198728	-1	42781
400866276	-1	42757	408039983	-1	42781
400866276	-1	42757	189915786	-1	42781
400866276	-1	42757	437481807	-1	42781
400866276	-1	42757	161191117	-1	42781
400866276	-1	42757	422580568	-1	42781
400866276	-1	42757	117207489	-1	42781
400866276	-1	42757	59449343	-1	42781
400866276	-1	42757	132157127	-1	42781
400866276	-1	42757	88394720	-1	42781
400866276	-1	42757	102936160	-1	42781
400866276	-1	42757	132159347	-1	42781
400866276	-1	42757	73991014	-1	42781
400866276	-1	42757	204726754	-1	42784
400866276	-1	42757	117445713	-1	42784
400866276	-1	42757	161195832	-1	42787
400866276	-1	42757	349970877	-1	42787
400866276	-1	42757	792593	-1	42787
400866276	-1	42757	204822788	-1	42787
400866276	-1	42757	262981612	-1	42787
400866276	-1	42757	219356947	-1	42787
400866276	-1	42757	204816102	-1	42787
400866276	-1	42757	277523723	-1	42787
400866276	-1	42757	73583432	-1	42787
400866276	-1	42757	117207081	-1	42787
400866276	-1	42757	189916463	-1	42787
400866276	-1	42757	59041962	-1	42787
400866276	-1	42757	29959140	-1	42787
400866276	-1	42757	189916439	-1	42787
400866276	-1	42757	233541200	-1	42787
400866276	-1	42757	874684	-1	42787
400866276	-1	42757	349873273	-1	42787
400866276	-1	42757	233901013	-1	42787
400866276	-1	42757	30316138	-1	42787
400866276	-1	42757	161189330	-1	42787
400866276	-1	42757	452021220	-1	42787
400866276	-1	42757	418171398	-1	42790
400866276	-1	42757	445419581	-1	42790
400866276	-1	42757	321150346	-1	42790
400866276	-1	42757	393857864	-1	42790
400866276	-1	42757	302523002	-1	42790
400866276	-1	42757	321150544	-1	42790
400866276	-1	42757	132109961	-1	42790
400866276	-1	42757	230457836	-1	42790
400866276	-1	42757	59401299	-1	42790
400866276	-1	42757	277523583	-1	42790
400866276	-1	42757	408399334	-1	42790
400866276	-1	42757	277524142	-1	42790
400866276	-1	42757	175730649	-1	42790
400866276	-1	42757	88125171	-1	42790
400866276	-1	42757	355922172	-1	42790
400866276	-1	42757	408395735	-1	42790
400866276	-1	42757	437122106	-1	42790
400866276	-1	42757	291707603	-1	42790
400866276	-1	42757	385347334	-1	42790
400866276	-1	42757	59311991	-1	42790
400866276	-1	42757	248353337	-1	42790
400866276	-1	42757	73853241	-1	42790
400866276	-1	42757	102935615	-1	42790
400866276	-1	42757	146560963	-1	42790
400866276	-1	42757	277079026	-1	42790
400866276	-1	42757	306518195	-1	42790
400866276	-1	42757	321060998	-1	42790
400866276	-1	42757	379225787	-1	42790
400866276	-1	42757	393768646	-1	42790
400866276	-1	42757	408310372	-1	42790
400866276	-1	42757	422852239	-1	42790
400866276	-1	42757	451934485	-1	42790
400866276	-1	42757	291977209	-1	42790
400866276	-1	42757	291977956	-1	42790
400866276	-1	42757	1146651	-1	42790
400866276	-1	42757	393768065	-1	42790
400866276	-1	42757	408309945	-1	42790
400866276	-1	42757	29958265	-1	42790
400866276	-1	42757	88124836	-1	42790
400866276	-1	42757	349873623	-1	42790
400866276	-1	42757	408326812	-1	42790
400866276	-1	42757	364711712	-1	42793
400866276	-1	42757	408329102	-1	42802
400866276	-1	42757	190205583	-1	42802
400866276	-1	42757	306487849	-1	42802
400866276	-1	42757	59324493	-1	42805
400866276	-1	42757	204745083	-1	42805
400866276	-1	42757	263033150	-1	42811
400866276	-1	42757	364511733	-1	42811
400866276	-1	42757	88482911	-1	42820
400866276	-1	42757	379195460	-1	42832
400866276	-1	42757	343466603	-1	42835
400866276	-1	42757	335331946	-1	42835
400866276	-1	42757	379194228	-1	42835
400866276	-1	42757	15707566	-1	42838
400866276	-1	42757	422867157	-1	42841
400866276	-1	42757	451664265	-1	42841
400866276	-1	42757	874982	-1	42847
400866276	-1	42757	349873845	-1	42847
400866276	-1	42757	239742018	-1	42847
400866276	-1	42757	138791548	-1	42853
400866276	-1	42757	15775597	-1	42853
400866276	-1	42757	146572127	-1	42859
400866276	-1	42757	300119348	-1	42862
400866276	-1	42757	273589508	-1	42862
400866276	-1	42757	233923206	-1	42868
400866276	-1	42757	291996961	-1	42871
400866276	-1	42757	73821624	-1	42871
400866276	-1	42757	197374152	-1	42871
400866276	-1	42757	451663562	-1	42871
400866276	-1	42757	161043472	-1	42874
400866276	-1	42757	277448458	-1	42892
400866276	-1	42757	102666344	-1	42898
400866276	-1	42757	131846787	-1	42898
400866276	-1	42757	233837128	-1	42907
400866276	-1	42757	156000306	-1	42907
400866276	-1	42757	233898671	-1	42910
400866276	-1	42757	204697718	-1	42910
400866276	-1	42757	95929541	-1	42919
400866276	-1	42757	290016246	-1	42919
400866276	-1	42757	292063989	-1	42928
400866276	-1	42757	320886697	-1	42928
400866276	-1	42757	160832660	-1	42946
400866276	-1	42757	1164471	-1	42949
400866276	-1	42757	226572025	-1	42949
400866276	-1	42757	335630022	-1	42967
400866276	-1	42757	262994869	-1	42967
400866276	-1	42757	117306035	-1	42967
400866276	-1	42757	146327329	-1	42967
400866276	-1	42757	451954896	-1	42970
400866276	-1	42757	451948214	-1	42970
400866276	-1	42757	233897528	-1	42970
400866276	-1	42757	277435318	-1	42973
400866276	-1	42757	30199631	-1	42973
400866276	-1	42757	437363537	-1	43003
400866276	-1	42757	408412111	-1	43009
400866276	-1	42757	437121846	-1	43015
400866276	-1	42757	262921856	-1	43021
400866276	-1	42757	350171131	-1	43024
400866276	-1	42757	190213389	-1	43036
400866276	-1	42757	73596780	-1	43039
400866276	-1	42757	88222068	-1	43042
400866276	-1	42757	364513616	-1	43048
400866276	-1	42757	233822960	-1	43051
400866276	-1	42757	175374244	-1	43054
400866276	-1	42757	364773978	-1	43054
400866276	-1	42757	167721694	-1	43054
400866276	-1	42757	219096963	-1	43054
400866276	-1	42757	247188522	-1	43066
400866276	-1	42757	21922446	-1	43066
400866276	-1	42757	175731048	-1	43066
400866276	-1	42757	219358336	-1	43066
400866276	-1	42757	312488516	-1	43066
400866276	-1	42757	69969868	-1	43066
400866276	-1	42757	73682265	-1	43066
400866276	-1	42757	99313418	-1	43066
400866276	-1	42757	262837643	-1	43069
400866276	-1	42757	30056105	-1	43069
400866276	-1	42757	117196419	-1	43075
400866276	-1	42757	102965057	-1	43075
400866276	-1	42757	335427652	-1	43081
400866276	-1	42757	393854284	-1	43093
400866276	-1	42757	117099845	-1	43096
400866276	-1	42757	973997	-1	43099
400866276	-1	42757	146433610	-1	43105
400866276	-1	42757	408449383	-1	43120
400866276	-1	42757	59040988	-1	43135
400866276	-1	42757	364512068	-1	43144
400866276	-1	42757	44584381	-1	43147
400866276	-1	42757	175361632	-1	43147
400866276	-1	42757	102751114	-1	43153
400866276	-1	42757	423007344	-1	43156
400866276	-1	42757	51791495	-1	43168
400866276	-1	42757	320874072	-1	43198
400866276	-1	42757	69202932	-1	43231
400866276	-1	42757	262622991	-1	43234
400866276	-1	42757	321086563	-1	43249
400866276	-1	42757	88533902	-1	43282
400866276	-1	42757	393881972	-1	43309
400866276	-1	42757	452035361	-1	43363
400866276	-1	42757	175758798	-1	43366
400866276	-1	42757	291693896	-1	43375
400866276	-1	42757	160833260	-1	43628
400866276	-1	42757	219370147	-1	43628
400866276	-1	42757	408327782	-1	43628
400866276	-1	42757	131736239	-1	43628
400866276	-1	42757	378949187	-1	43628
400866276	-1	42757	233541031	-1	43628
400866276	-1	42757	876000	-1	43628
400866276	-1	42757	189851132	-1	43628
400866276	-1	42757	175759199	-1	43628
400866276	-1	42757	379083916	-1	43628
400866276	-1	42757	224550207	-1	43628
400866276	-1	42757	59423798	-1	43628
400866276	-1	42757	355642732	-1	43628
400866276	-1	42757	160748192	-1	43628
400866276	-1	42757	59324567	-1	43628
400866276	-1	42757	262921584	-1	43628
400866276	-1	42757	146578084	-1	43628
400866276	-1	42757	30080164	-1	43628
400866276	-1	42757	449419201	-1	43628
400866276	-1	42757	291994628	-1	43628
400866276	-1	42757	117420096	-1	43628
400866276	-1	42757	219289048	-1	43628
400866276	-1	42757	393787273	-1	43628
400866276	-1	42757	277405738	-1	43628
400866276	-1	42757	88246257	-1	43628
400866276	-1	42757	161205284	-1	43628
400866276	-1	42757	248369762	-1	43628
400866276	-1	42757	277448481	-1	43628
400866276	-1	42757	422862159	-1	43628
400866276	-1	42757	117419014	-1	43628
400866276	-1	42757	189915206	-1	43628
400866276	-1	42757	175374548	-1	43628
400866276	-1	42757	369966144	-1	43628
400866276	-1	42757	146577971	-1	43628
400866276	-1	42757	335454295	-1	43628
400866276	-1	42757	44797881	-1	43628
400866276	-1	42757	451664126	-1	43628
400866276	-1	42757	291707015	-1	43628
400866276	-1	42757	15774996	-1	43628
400866276	-1	42757	321146399	-1	43628
400866276	-1	42757	461967991	-1	43628
400866276	-1	42757	452038015	-1	43628
400866276	-1	42757	197050052	-1	43628
400866276	-1	42757	73673050	-1	43628
400866276	-1	42757	29851321	-1	43628
400866276	-1	42757	131867489	-1	43628
400866276	-1	42757	239092143	-1	43628
400866276	-1	42757	277449231	-1	43628
400866276	-1	42757	30081267	-1	43628
400866276	-1	42757	160985533	-1	43628
400866276	-1	42757	137518862	-1	43628
400866276	-1	42757	320789834	-1	43628
400866276	-1	42757	204437732	-1	43628
400866276	-1	42757	306630697	-1	43628
400866276	-1	42757	59040867	-1	43628
400866276	-1	42757	88124553	-1	43628
400866276	-1	42757	263007607	-1	43628
400866276	-1	42757	102933582	-1	43628
400866276	-1	42757	349861208	-1	43628
400866276	-1	42757	102947620	-1	43628
400866276	-1	42757	73865761	-1	43628
400866276	-1	42757	393777943	-1	43628
400866276	-1	42757	350158138	-1	43628
400866276	-1	42757	30169386	-1	43628
400866276	-1	42757	88406306	-1	43628
400866276	-1	42757	224768101	-1	43628
400866276	-1	42757	291988527	-1	43628
400866276	-1	42757	303737673	-1	43628
400866276	-1	42757	404426182	-1	43628
400866276	-1	42757	277117238	-1	43628
400866276	-1	42757	88414724	-1	43628
400866276	-1	42757	102800596	-1	43628
400866276	-1	42757	73966355	-1	43628
400866276	-1	42757	69058949	-1	43631
400866276	-1	42757	291791033	-1	43634
400866276	-1	42757	73770856	-1	43634
400866276	-1	42757	335544990	-1	43634
400866276	-1	42757	408026324	-1	43634
400866276	-1	42757	204583356	-1	43637
400866276	-1	42757	378956761	-1	43640
400866276	-1	42757	161116813	-1	43649
400866276	-1	42757	15698392	-1	43655
400866276	-1	42757	292066076	-1	43655
400866276	-1	42757	291706501	-1	43655
400866276	-1	42757	84625353	-1	43661
400866276	-1	42757	304907322	-1	43661
400866276	-1	42757	217091668	-1	43661
400866276	-1	42757	102947888	-1	43661
400866276	-1	42757	30292893	-1	43664
400866276	-1	42757	201872960	-1	43667
400866276	-1	42757	460914589	-1	43667
400866276	-1	42757	284853719	-1	43667
400866276	-1	42757	347438211	-1	43667
400866276	-1	42757	435934176	-1	43667
400866276	-1	42757	297908331	-1	43667
400866276	-1	42757	155427447	-1	43667
400866276	-1	42757	11729922	-1	43667
400866276	-1	42757	401948604	-1	43667
400866276	-1	42757	284700263	-1	43667
400866276	-1	42757	446335225	-1	43667
400866276	-1	42757	417175867	-1	43667
400866276	-1	42757	228058584	-1	43667
400866276	-1	42757	1153770	-1	43670
400866276	-1	42757	160833002	-1	43673
400866276	-1	42757	73966111	-1	43673
400866276	-1	42757	146291019	-1	43673
400866276	-1	42757	437481366	-1	43673
400866276	-1	42757	292065428	-1	43673
400866276	-1	42757	277523743	-1	43673
400866276	-1	42757	399341314	-1	43676
400866276	-1	42757	117458886	-1	43679
400866276	-1	42757	347514613	-1	43679
400866276	-1	42757	38271790	-1	43685
400866276	-1	42757	330883758	-1	43688
400866276	-1	42757	70286835	-1	43694
400866276	-1	42757	30341965	-1	43700
400866276	-1	42757	379078876	-1	43700
400866276	-1	42757	189953345	-1	43709
400866276	-1	42757	284092070	-1	43712
400866276	-1	42757	88221343	-1	43712
400866276	-1	42757	154817689	-1	43712
400866276	-1	42757	393871227	-1	43712
400866276	-1	42757	160827821	-1	43712
400866276	-1	42757	379026869	-1	43715
400866276	-1	42757	124828066	-1	43718
400866276	-1	42757	259308499	-1	43721
400866276	-1	42757	146477746	-1	43724
400866276	-1	42757	316443789	-1	43727
400866276	-1	42757	88353956	-1	43733
400866276	-1	42757	451661982	-1	43733
400866276	-1	42757	233912809	-1	43751
400866276	-1	42757	190199870	-1	43754
400866276	-1	42757	262894627	-1	43757
400866276	-1	42757	418332540	-1	43769
400866276	-1	42757	875432	-1	43769
400866276	-1	42757	291706571	-1	43772
400866276	-1	42757	379055347	-1	43862
400866276	-1	42757	404909842	-1	43868
 