211213347	1	1574	211213347	1	1574
211213347	1	1574	244149895	1	1601
211213347	1	1574	451689558	1	1604
272315848	1	3302	160693978	1	3299
272315848	1	3302	272315848	1	3302
272315848	1	3302	898178	1	3302
272315848	1	3302	145632651	1	3302
272315848	1	3302	393055783	1	3302
272315848	1	3302	29514432	1	3302
272315848	1	3302	301576561	1	3302
272315848	1	3302	37101944	1	3302
272315848	1	3302	451219933	1	3302
272315848	1	3302	102344825	1	3302
272315848	1	3302	451233946	1	3302
272315848	1	3302	117085459	1	3302
272315848	1	3302	102261815	1	3305
272315848	1	3302	102357855	1	3308
272315848	1	3302	448970789	1	3308
272315848	1	3302	15067344	1	3308
272315848	1	3302	320495325	1	3314
272315848	1	3302	422146169	1	3323
272315848	1	3302	347201996	1	3682
272315848	1	3302	437543565	1	3682
272315848	1	3302	349274811	1	3682
272315848	1	3302	102210094	1	3682
272315848	1	3302	160576702	1	3682
272315848	1	3302	407585147	1	3682
272315848	1	3302	305626437	1	3682
272315848	1	3302	15276591	1	3682
272315848	1	3302	186436060	1	3682
272315848	1	3302	233056801	1	3682
272315848	1	3302	233120043	1	3682
272315848	1	3302	262162537	1	3682
272315848	1	3302	314888522	1	3682
272315848	1	3302	320552792	1	3682
272315848	1	3302	375075577	1	3682
272315848	1	3302	599354	1	3682
272315848	1	3302	73145220	1	3682
272315848	1	3302	334889214	1	3682
272315848	1	3302	379376633	1	3682
272315848	1	3302	291601699	1	3682
272315848	1	3302	364428234	1	3682
272315848	1	3302	276587044	1	3682
272315848	1	3302	262321367	1	3682
272315848	1	3302	175106305	1	3682
272315848	1	3302	218383584	1	3682
272315848	1	3302	291298428	1	3682
272315848	1	3302	59463630	1	3682
272315848	1	3302	407816908	1	3682
272315848	1	3302	378711609	1	3682
272315848	1	3302	407412540	1	3682
272315848	1	3302	501168	1	3682
272315848	1	3302	276824222	1	3682
272315848	1	3302	451248408	1	3682
272315848	1	3302	222085	1	3682
272315848	1	3302	364049670	1	3682
272315848	1	3302	116787540	1	3682
272315848	1	3302	276733588	1	3682
272315848	1	3302	363969132	1	3682
272315848	1	3302	189471204	1	3682
272315848	1	3302	407597886	1	3682
272315848	1	3302	189471315	1	3682
272315848	1	3302	320467839	1	3682
272315848	1	3302	58383190	1	3682
272315848	1	3302	87681747	1	3682
272315848	1	3302	29513841	1	3682
272315848	1	3302	72924744	1	3682
272315848	1	3302	174931654	1	3682
272315848	1	3302	320347647	1	3682
272315848	1	3302	335669239	1	3682
272315848	1	3302	451575052	1	3682
272315848	1	3302	14974140	1	3682
272315848	1	3302	335402870	1	3685
272315848	1	3302	72478311	1	3685
272315848	1	3302	204068373	1	3685
272315848	1	3302	43839540	1	3685
272315848	1	3302	413453925	1	3685
272315848	1	3302	233408329	1	3685
272315848	1	3302	451055598	1	3685
272315848	1	3302	233334472	1	3685
272315848	1	3302	436051336	1	3685
272315848	1	3302	44364242	1	3685
272315848	1	3302	613230	1	3685
272315848	1	3302	68313418	1	3685
272315848	1	3302	72952662	1	3685
272315848	1	3302	102211118	1	3685
272315848	1	3302	189477065	1	3685
272315848	1	3302	214534035	1	3685
272315848	1	3302	275892364	1	3685
272315848	1	3302	363851692	1	3685
272315848	1	3302	131166715	1	3685
272315848	1	3302	407765860	1	3685
272315848	1	3302	82145238	1	3685
272315848	1	3302	131409241	1	3685
272315848	1	3302	204336144	1	3685
272315848	1	3302	203841262	1	3685
272315848	1	3302	320497047	1	3685
272315848	1	3302	276762274	1	3685
272315848	1	3302	373122262	1	3685
272315848	1	3302	305377762	1	3685
272315848	1	3302	413980737	1	3685
272315848	1	3302	110991163	1	3685
272315848	1	3302	391650812	1	3685
272315848	1	3302	160857451	1	3685
272315848	1	3302	29868534	1	3685
272315848	1	3302	73920739	1	3685
272315848	1	3302	103004395	1	3685
272315848	1	3302	161170339	1	3685
272315848	1	3302	349783853	1	3685
272315848	1	3302	378867349	1	3685
272315848	1	3302	393835447	1	3685
272315848	1	3302	103004081	1	3685
272315848	1	3302	330936163	1	3685
272315848	1	3302	393835834	1	3685
272315848	1	3302	96411637	1	3685
272315848	1	3302	161170233	1	3685
272315848	1	3302	400960745	1	3685
272315848	1	3302	233878324	1	3685
272315848	1	3302	28901769	1	3685
272315848	1	3302	73494456	1	3685
272315848	1	3302	440521747	1	3685
272315848	1	3302	116954581	1	3685
272315848	1	3302	430443642	1	3685
272315848	1	3302	14755166	1	3685
272315848	1	3302	254425127	1	3685
272315848	1	3302	58377414	1	3685
272315848	1	3302	306552061	1	3685
272315848	1	3302	189307308	1	3685
272315848	1	3302	334839321	1	3685
272315848	1	3302	262281244	1	3685
272315848	1	3302	436558224	1	3685
272315848	1	3302	203866226	1	3685
272315848	1	3302	174724159	1	3685
272315848	1	3302	175180420	1	3685
272315848	1	3302	305951121	1	3685
272315848	1	3302	349708029	1	3685
272315848	1	3302	393835740	1	3685
272315848	1	3302	80776226	1	3685
272315848	1	3302	189255517	1	3685
272315848	1	3302	214396872	1	3685
272315848	1	3302	247683266	1	3685
272315848	1	3302	451164267	1	3685
272315848	1	3302	457876	1	3685
272315848	1	3302	262098310	1	3685
272315848	1	3302	320189614	1	3685
272315848	1	3302	451146901	1	3685
272315848	1	3302	704314	1	3685
272315848	1	3302	29551615	1	3685
272315848	1	3302	146115889	1	3685
272315848	1	3302	392906310	1	3685
272315848	1	3302	436894357	1	3685
272315848	1	3302	29702306	1	3685
272315848	1	3302	87492585	1	3685
272315848	1	3302	262040512	1	3685
272315848	1	3302	262085520	1	3685
272315848	1	3302	407670644	1	3685
272315848	1	3302	116677672	1	3685
272315848	1	3302	189605326	1	3685
272315848	1	3302	189667272	1	3685
272315848	1	3302	212759598	1	3685
272315848	1	3302	247684532	1	3685
272315848	1	3302	276844479	1	3685
272315848	1	3302	436854187	1	3685
272315848	1	3302	15199217	1	3685
272315848	1	3302	218760896	1	3685
272315848	1	3302	247660140	1	3685
272315848	1	3302	284043565	1	3685
272315848	1	3302	430921338	1	3685
272315848	1	3302	58559946	1	3685
272315848	1	3302	73167987	1	3685
272315848	1	3302	160213135	1	3685
272315848	1	3302	160703485	1	3685
272315848	1	3302	254900121	1	3685
272315848	1	3302	436470505	1	3685
272315848	1	3302	38017401	1	3685
272315848	1	3302	112441035	1	3685
272315848	1	3302	320639067	1	3685
272315848	1	3302	72932305	1	3685
272315848	1	3302	363810379	1	3685
272315848	1	3302	363906908	1	3685
272315848	1	3302	451445978	1	3685
272315848	1	3302	84530030	1	3685
272315848	1	3302	116770244	1	3685
272315848	1	3302	131245773	1	3685
272315848	1	3302	257781383	1	3685
272315848	1	3302	416060452	1	3685
272315848	1	3302	87855266	1	3685
272315848	1	3302	291062511	1	3685
272315848	1	3302	145712688	1	3685
272315848	1	3302	131455620	1	3685
272315848	1	3302	451137033	1	3685
272315848	1	3302	276735953	1	3685
272315848	1	3302	407947392	1	3685
272315848	1	3302	393439517	1	3685
272315848	1	3302	160592285	1	3685
272315848	1	3302	43839754	1	3685
272315848	1	3302	102493970	1	3688
272315848	1	3302	247554478	1	3688
272315848	1	3302	116932930	1	3688
272315848	1	3302	58621586	1	3694
272315848	1	3302	364152826	1	3709
272315848	1	3302	219088077	1	4038
272315848	1	3302	315911244	1	4041
272315848	1	3302	204641094	1	4171
156059460	-1	7926	400271771	-1	7926
156059460	-1	7926	376619304	-1	7926
156059460	-1	7926	156059460	-1	7926
156059460	-1	7926	433380188	-1	7926
156059460	-1	7926	287597883	-1	7926
156059460	-1	7926	346433239	-1	7926
156059460	-1	7926	451686449	-1	7926
156059460	-1	7926	271645586	-1	7926
156059460	-1	7926	298894237	-1	7926
156059460	-1	7926	233447375	-1	7926
156059460	-1	7926	263008734	-1	7926
156059460	-1	7926	306634415	-1	7926
156059460	-1	7926	320686741	-1	7926
156059460	-1	7926	245905662	-1	7926
156059460	-1	7926	302703215	-1	7926
156059460	-1	7926	285801203	-1	7926
156059460	-1	7926	332394860	-1	7926
156059460	-1	7926	358675112	-1	7926
156059460	-1	7926	416704676	-1	7926
156059460	-1	7926	190023048	-1	7926
156059460	-1	7926	190023421	-1	7926
156059460	-1	7926	451770899	-1	7926
156059460	-1	7926	291854810	-1	7926
156059460	-1	7926	59389132	-1	7926
156059460	-1	7926	88332871	-1	7926
156059460	-1	7926	129766718	-1	7926
156059460	-1	7926	59451959	-1	7926
156059460	-1	7926	140152991	-1	7926
156059460	-1	7926	152236727	-1	7926
156059460	-1	7926	393924938	-1	7926
156059460	-1	7926	146683824	-1	7926
156059460	-1	7926	262751541	-1	7926
156059460	-1	7926	379090002	-1	7926
156059460	-1	7926	408280904	-1	7926
156059460	-1	7926	71518777	-1	7926
156059460	-1	7926	405595535	-1	7926
156059460	-1	7926	421259972	-1	7926
156059460	-1	7926	450635373	-1	7926
156059460	-1	7926	154081017	-1	7926
156059460	-1	7926	242188231	-1	7926
156059460	-1	7926	316038466	-1	7926
156059460	-1	7926	15565150	-1	7926
156059460	-1	7926	98546851	-1	7926
156059460	-1	7926	299532250	-1	7926
156059460	-1	7926	364495680	-1	7926
156059460	-1	7926	88099726	-1	7926
156059460	-1	7926	168762260	-1	7926
156059460	-1	7926	292099094	-1	7926
156059460	-1	7926	408121269	-1	7926
156059460	-1	7926	214957097	-1	7926
156059460	-1	7926	68834457	-1	7926
156059460	-1	7926	102715077	-1	7926
156059460	-1	7926	393665855	-1	7926
156059460	-1	7926	123504740	-1	7926
156059460	-1	7926	241850489	-1	7926
156059460	-1	7926	254436857	-1	7926
156059460	-1	7926	277349598	-1	7926
156059460	-1	7926	113948168	-1	7926
156059460	-1	7926	188108781	-1	7926
156059460	-1	7926	321081235	-1	7926
156059460	-1	7926	374869337	-1	7926
156059460	-1	7926	960085	-1	7926
156059460	-1	7926	270323623	-1	7926
156059460	-1	7926	204818891	-1	7926
156059460	-1	7926	160847450	-1	7926
156059460	-1	7926	233554919	-1	7926
156059460	-1	7926	277180329	-1	7926
156059460	-1	7926	30022566	-1	7926
156059460	-1	7926	190242763	-1	7926
156059460	-1	7926	302693724	-1	7926
156059460	-1	7926	203062149	-1	7926
156059460	-1	7926	319442513	-1	7926
156059460	-1	7926	146400973	-1	7926
156059460	-1	7926	248190385	-1	7926
156059460	-1	7926	241376260	-1	7926
156059460	-1	7926	81934859	-1	7926
156059460	-1	7926	408149728	-1	7926
156059460	-1	7926	117316807	-1	7926
156059460	-1	7926	408279541	-1	7926
156059460	-1	7926	212776285	-1	7926
156059460	-1	7926	272471374	-1	7926
156059460	-1	7926	393508419	-1	7926
156059460	-1	7926	248307249	-1	7926
156059460	-1	7926	277173451	-1	7926
156059460	-1	7926	59278966	-1	7977
156059460	-1	7926	42090989	-1	8229
156059460	-1	7926	88125735	-1	8229
156059460	-1	7926	364552468	-1	8241
156059460	-1	7926	256196127	-1	8253
156059460	-1	7926	189891662	-1	8253
156059460	-1	7926	67056233	-1	8253
156059460	-1	7926	97435286	-1	8253
156059460	-1	7926	211914603	-1	8253
156059460	-1	7926	174211510	-1	8253
156059460	-1	7926	213657695	-1	8253
156059460	-1	7926	12398443	-1	8253
156059460	-1	7926	233945352	-1	8253
156059460	-1	7926	450382260	-1	8253
156059460	-1	7926	175316523	-1	8253
156059460	-1	7926	170501173	-1	8253
156059460	-1	7926	335326200	-1	8253
156059460	-1	7926	231888649	-1	8253
156059460	-1	7926	457480890	-1	8253
156059460	-1	7926	335480266	-1	8253
156059460	-1	7926	186145441	-1	8253
156059460	-1	7926	117618539	-1	8253
156059460	-1	7926	364711049	-1	8253
156059460	-1	7926	277192595	-1	8268
156059460	-1	7926	364371809	-1	8277
156059460	-1	7926	233669305	-1	8382
156059460	-1	7926	70121046	-1	8382
156059460	-1	7926	117349403	-1	8514
156059460	-1	7926	408068410	-1	9066
156059460	-1	7926	320839949	-1	10311
156059460	-1	7926	335382158	-1	10317
156059460	-1	7926	174034546	-1	10591
156059460	-1	7926	292075549	-1	11097
156059460	-1	7926	73621979	-1	11115
156059460	-1	7926	189965087	-1	11124
156059460	-1	7926	190154799	-1	11127
156059460	-1	7926	132071509	-1	11130
156059460	-1	7926	15777137	-1	11145
156059460	-1	7926	291757331	-1	11325
57759345	-1	13617	57759345	-1	13617
57759345	-1	13617	59008740	-1	13677
 