222085	1	167	1.924E-39	2	3682	4269	87	139	0.704	3.549E-35	72	167	226	3682	3972	291	3679	3981
222085	1	167	1.924E-39	2	3682	4269	94	49	0.693	7.185E-05	190	222	226	4171	4269	99	4165	4272
457876	1	170	2.404E-40	2	3685	4269	87	142	0.720	5.318E-36	76	170	234	3685	3972	288	3679	3981
457876	1	170	2.404E-40	2	3685	4269	94	49	0.698	5.219E-05	193	225	234	4171	4269	99	4165	4272
501168	1	168	9.618E-40	2	3682	4269	87	139	0.704	3.549E-35	74	169	238	3682	3972	291	3679	3981
501168	1	168	9.618E-40	2	3682	4269	94	50	0.714	2.001E-05	192	224	238	4171	4269	99	4165	4272
599354	1	166	3.847E-39	2	3682	4272	87	134	0.681	2.170E-33	80	175	234	3682	3972	291	3679	3981
599354	1	166	3.847E-39	2	3682	4272	94	53	0.726	2.943E-06	198	231	234	4171	4272	102	4165	4272
613230	1	170	2.404E-40	2	3685	4272	87	139	0.710	3.549E-35	76	170	229	3685	3972	288	3679	3981
613230	1	170	2.404E-40	2	3685	4272	94	52	0.721	4.050E-06	193	226	229	4171	4272	102	4165	4272
704314	1	169	4.809E-40	2	3685	4269	87	142	0.720	5.318E-36	72	166	225	3685	3972	288	3679	3981
704314	1	169	4.809E-40	2	3685	4269	94	48	0.683	1.362E-04	189	221	225	4171	4269	99	4165	4272
898178	1	450	1.238E-124	5	3302	4272	75	48	0.808	1.496E-04	3	29	222	3302	3382	81	3299	3394
898178	1	450	1.238E-124	5	3302	4272	81	87	0.997	5.237E-18	30	69	222	3496	3615	120	3496	3621
898178	1	450	1.238E-124	5	3302	4272	87	199	0.973	6.471E-56	70	165	222	3685	3972	288	3679	3981
898178	1	450	1.238E-124	5	3302	4272	91	42	0.863	1.109E-02	166	187	222	4038	4103	66	4017	4103
898178	1	450	1.238E-124	5	3302	4272	94	68	0.922	1.172E-11	188	221	222	4171	4272	102	4165	4272
960085	-1	465	3.777E-129	4	7926	10514	383	63	0.493	4.060E-09	343	408	809	-10514	-10317	198	10538	10311
960085	-1	465	3.777E-129	4	7926	10514	409	44	0.426	2.634E-02	418	471	809	-9224	-9063	162	9296	9063
960085	-1	465	3.777E-129	4	7926	10514	426	237	0.519	1.109E-65	482	722	809	-8966	-8253	714	9020	8214
960085	-1	465	3.777E-129	4	7926	10514	432	138	0.759	6.887E-35	721	808	809	-8189	-7926	264	8210	7926
12398443	-1	520	1.048E-145	4	8253	11594	369	125	0.449	8.914E-28	136	287	915	-11594	-11145	450	11708	10977
12398443	-1	520	1.048E-145	4	8253	11594	378	183	0.584	4.628E-48	291	449	915	-11070	-10591	480	11109	10462
12398443	-1	520	1.048E-145	4	8253	11594	383	66	0.533	3.190E-10	452	514	915	-10514	-10326	189	10538	10311
12398443	-1	520	1.048E-145	4	8253	11594	426	213	0.466	2.268E-57	581	828	915	-8999	-8253	747	9020	8214
14755166	1	209	4.374E-52	3	3685	4269	87	126	0.676	1.216E-30	73	163	234	3685	3960	276	3679	3981
14755166	1	209	4.374E-52	3	3685	4269	91	33	0.673	2.461E+01	165	186	234	4038	4103	66	4017	4103
14755166	1	209	4.374E-52	3	3685	4269	94	48	0.683	1.362E-04	187	219	234	4171	4269	99	4165	4272
14974140	1	179	4.696E-43	2	3682	4103	87	144	0.724	7.968E-37	70	166	204	3682	3972	291	3679	3981
14974140	1	179	4.696E-43	2	3682	4103	91	34	0.697	9.370E+00	167	188	204	4038	4103	66	4017	4103
15067344	1	141	1.291E-31	2	3308	3972	75	38	0.707	2.368E-01	8	32	227	3308	3382	75	3299	3394
15067344	1	141	1.291E-31	2	3308	3972	87	139	0.702	4.870E-35	70	165	227	3682	3972	291	3679	3981
15199217	1	166	3.847E-39	2	3685	4269	87	136	0.696	4.460E-34	61	155	213	3685	3972	288	3679	3981
15199217	1	166	3.847E-39	2	3685	4269	94	51	0.724	1.056E-05	178	210	213	4171	4269	99	4165	4272
15276591	1	168	9.618E-40	2	3682	4272	87	136	0.690	4.460E-34	81	176	235	3682	3972	291	3679	3981
15276591	1	168	9.618E-40	2	3682	4272	94	53	0.726	2.943E-06	199	232	235	4171	4272	102	4165	4272
15565150	-1	485	3.602E-135	4	7926	10514	383	60	0.467	5.172E-08	439	505	906	-10514	-10314	201	10538	10311
15565150	-1	485	3.602E-135	4	7926	10514	409	55	0.514	3.542E-06	514	567	906	-9224	-9063	162	9296	9063
15565150	-1	485	3.602E-135	4	7926	10514	426	241	0.510	3.507E-67	569	819	906	-8993	-8253	741	9020	8214
15565150	-1	485	3.602E-135	4	7926	10514	432	135	0.744	8.662E-34	818	905	906	-8189	-7926	264	8210	7926
15777137	-1	114	1.733E-23	1	11145	11603	369	114	0.411	5.270E-24	4	159	238	-11603	-11145	459	11708	10977
28901769	1	224	1.335E-56	3	3685	4269	87	141	0.718	7.297E-36	68	162	221	3685	3972	288	3679	3981
28901769	1	224	1.335E-56	3	3685	4269	91	33	0.673	2.461E+01	163	184	221	4038	4103	66	4017	4103
28901769	1	224	1.335E-56	3	3685	4269	94	48	0.688	9.893E-05	185	217	221	4171	4269	99	4165	4272
29513841	1	183	2.935E-44	2	3682	4103	87	149	0.743	2.455E-38	72	168	227	3682	3972	291	3679	3981
29513841	1	183	2.935E-44	2	3682	4103	91	33	0.681	1.784E+01	169	190	227	4038	4103	66	4017	4103
29514432	1	227	1.668E-57	4	3302	4269	75	37	0.552	8.554E-01	1	32	225	3302	3382	81	3299	3394
29514432	1	227	1.668E-57	4	3302	4269	87	139	0.700	6.682E-35	70	166	225	3682	3972	291	3679	3981
29514432	1	227	1.668E-57	4	3302	4269	91	35	0.729	2.589E+00	167	188	225	4038	4103	66	4017	4103
29514432	1	227	1.668E-57	4	3302	4269	94	49	0.698	5.219E-05	189	221	225	4171	4269	99	4165	4272
29551615	1	169	4.809E-40	2	3685	4269	87	139	0.710	3.549E-35	79	173	251	3685	3972	288	3679	3981
29551615	1	169	4.809E-40	2	3685	4269	94	51	0.719	1.453E-05	196	228	251	4171	4269	99	4165	4272
29702306	1	168	9.618E-40	2	3685	4269	87	141	0.718	7.297E-36	74	168	227	3685	3972	288	3679	3981
29702306	1	168	9.618E-40	2	3685	4269	94	48	0.688	9.893E-05	191	223	227	4171	4269	99	4165	4272
29868534	1	229	4.171E-58	3	3685	4269	87	144	0.731	7.968E-37	49	143	203	3685	3972	288	3679	3981
29868534	1	229	4.171E-58	3	3685	4269	91	33	0.710	1.784E+01	145	165	203	4041	4103	63	4017	4103
29868534	1	229	4.171E-58	3	3685	4269	94	50	0.709	2.754E-05	166	198	203	4171	4269	99	4165	4272
30022566	-1	399	2.787E-109	3	7926	9224	409	48	0.461	1.499E-03	373	425	754	-9224	-9066	159	9296	9063
30022566	-1	399	2.787E-109	3	7926	9224	426	235	0.499	3.891E-65	430	676	754	-8987	-8232	756	9020	8214
30022566	-1	399	2.787E-109	3	7926	9224	432	128	0.716	2.582E-31	667	753	754	-8186	-7926	261	8210	7926
37101944	1	171	1.202E-40	3	3302	4269	75	39	0.674	1.246E-01	7	33	225	3302	3382	81	3299	3394
37101944	1	171	1.202E-40	3	3302	4269	87	137	0.691	3.251E-34	72	167	225	3682	3972	291	3679	3981
37101944	1	171	1.202E-40	3	3302	4269	94	53	0.755	1.554E-06	190	222	225	4171	4269	99	4165	4272
38017401	1	164	1.539E-38	2	3685	4269	87	136	0.694	6.120E-34	80	174	252	3685	3972	288	3679	3981
38017401	1	164	1.539E-38	2	3685	4269	94	49	0.698	5.219E-05	197	229	252	4171	4269	99	4165	4272
42090989	-1	535	3.199E-150	4	8229	11636	369	116	0.384	1.527E-24	94	267	881	-11636	-11124	513	11708	10977
42090989	-1	535	3.199E-150	4	8229	11636	378	174	0.547	6.359E-45	264	426	881	-11070	-10576	495	11109	10462
42090989	-1	535	3.199E-150	4	8229	11636	383	60	0.452	5.172E-08	421	489	881	-10523	-10314	210	10538	10311
42090989	-1	535	3.199E-150	4	8229	11636	426	254	0.525	1.514E-71	553	804	881	-8993	-8229	765	9020	8214
43839540	1	208	8.747E-52	3	3685	4272	87	129	0.653	1.327E-31	72	169	235	3685	3978	294	3679	3981
43839540	1	208	8.747E-52	3	3685	4272	91	32	0.666	3.396E+01	164	185	235	4038	4103	66	4017	4103
43839540	1	208	8.747E-52	3	3685	4272	94	51	0.711	7.671E-06	186	219	235	4171	4272	102	4165	4272
43839754	1	122	6.768E-26	1	3685	3918	87	122	0.754	3.951E-29	45	122	123	3685	3918	234	3679	3981
44364242	1	171	1.202E-40	2	3685	4272	87	139	0.708	4.870E-35	79	173	233	3685	3972	288	3679	3981
44364242	1	171	1.202E-40	2	3685	4272	94	53	0.726	2.943E-06	196	229	233	4171	4272	102	4165	4272
57759345	-1	269	3.793E-70	1	13617	14102	314	269	0.797	8.623E-79	138	300	301	-14102	-13617	486	14102	13617
58377414	1	207	1.749E-51	3	3685	4269	87	128	0.650	2.499E-31	74	171	232	3685	3978	294	3679	3981
58377414	1	207	1.749E-51	3	3685	4269	91	34	0.726	9.370E+00	167	187	232	4041	4103	63	4017	4103
58377414	1	207	1.749E-51	3	3685	4269	94	48	0.678	1.875E-04	188	220	232	4171	4269	99	4165	4272
58383190	1	184	1.468E-44	2	3682	4103	87	147	0.736	8.702E-38	72	168	227	3682	3972	291	3679	3981
58383190	1	184	1.468E-44	2	3682	4103	91	36	0.737	1.878E+00	169	190	227	4038	4103	66	4017	4103
58559946	1	165	7.694E-39	2	3685	4269	87	138	0.701	1.726E-34	73	167	231	3685	3972	288	3679	3981
58559946	1	165	7.694E-39	2	3685	4269	94	48	0.678	1.875E-04	190	222	231	4171	4269	99	4165	4272
58621586	1	162	6.155E-38	2	3694	4269	87	136	0.713	6.120E-34	1	92	229	3694	3972	279	3679	3981
58621586	1	162	6.155E-38	2	3694	4269	94	47	0.673	2.582E-04	115	147	229	4171	4269	99	4165	4272
59008740	-1	55	9.988E-06	1	13677	14102	314	55	0.265	4.914E-05	19	153	185	-14102	-13677	426	14102	13617
59278966	-1	471	5.902E-131	4	7977	10514	383	56	0.472	1.713E-06	336	396	847	-10514	-10332	183	10538	10311
59278966	-1	471	5.902E-131	4	7977	10514	409	46	0.451	3.896E-03	410	462	847	-9224	-9066	159	9296	9063
59278966	-1	471	5.902E-131	4	7977	10514	426	259	0.534	1.861E-73	460	714	847	-8996	-8253	744	9020	8214
59278966	-1	471	5.902E-131	4	7977	10514	432	124	0.828	8.397E-30	713	783	847	-8189	-7977	213	8210	7926
59389132	-1	508	4.294E-142	4	7926	10514	383	59	0.479	9.772E-08	412	475	877	-10514	-10323	192	10538	10311
59389132	-1	508	4.294E-142	4	7926	10514	409	42	0.407	1.781E-01	487	540	877	-9224	-9063	162	9296	9063
59389132	-1	508	4.294E-142	4	7926	10514	426	273	0.568	3.108E-78	542	790	877	-8993	-8253	741	9020	8214
59389132	-1	508	4.294E-142	4	7926	10514	432	143	0.784	1.126E-36	789	876	877	-8189	-7926	264	8210	7926
59451959	-1	490	1.126E-136	4	7926	10514	383	64	0.490	2.954E-09	403	469	869	-10514	-10314	201	10538	10311
59451959	-1	490	1.126E-136	4	7926	10514	409	47	0.448	2.834E-03	478	531	869	-9224	-9063	162	9296	9063
59451959	-1	490	1.126E-136	4	7926	10514	426	252	0.533	7.283E-71	535	782	869	-8987	-8253	735	9020	8214
59451959	-1	490	1.126E-136	4	7926	10514	432	136	0.749	3.352E-34	781	868	869	-8189	-7926	264	8210	7926
59463630	1	171	1.202E-40	2	3682	4269	87	142	0.716	3.876E-36	73	168	229	3682	3972	291	3679	3981
59463630	1	171	1.202E-40	2	3682	4269	94	50	0.714	2.001E-05	191	223	229	4171	4269	99	4165	4272
67056233	-1	466	1.889E-129	4	8253	11633	369	185	0.561	2.917E-48	85	253	878	-11633	-11124	510	11708	10977
67056233	-1	466	1.889E-129	4	8253	11633	383	83	0.610	7.033E-16	411	477	878	-10514	-10314	201	10538	10311
67056233	-1	466	1.889E-129	4	8253	11633	409	54	0.515	6.693E-06	486	538	878	-9224	-9066	159	9296	9063
67056233	-1	466	1.889E-129	4	8253	11633	426	307	0.626	4.066E-90	541	789	878	-8993	-8253	741	9020	8214
68313418	1	170	2.404E-40	2	3685	4272	87	139	0.710	3.549E-35	76	170	229	3685	3972	288	3679	3981
68313418	1	170	2.404E-40	2	3685	4272	94	52	0.721	4.050E-06	193	226	229	4171	4272	102	4165	4272
68834457	-1	482	2.882E-134	4	7926	10514	383	67	0.510	2.322E-10	403	469	869	-10514	-10314	201	10538	10311
68834457	-1	482	2.882E-134	4	7926	10514	409	47	0.451	2.061E-03	478	531	869	-9224	-9063	162	9296	9063
68834457	-1	482	2.882E-134	4	7926	10514	426	242	0.517	1.367E-67	535	782	869	-8987	-8253	735	9020	8214
68834457	-1	482	2.882E-134	4	7926	10514	432	135	0.744	8.662E-34	781	868	869	-8189	-7926	264	8210	7926
70121046	-1	126	4.230E-27	1	8382	8777	426	126	0.501	1.424E-27	0	131	179	-8777	-8382	396	9020	8214
71518777	-1	487	9.005E-136	4	7926	10514	383	60	0.473	5.172E-08	425	490	891	-10514	-10317	198	10538	10311
71518777	-1	487	9.005E-136	4	7926	10514	409	45	0.435	1.013E-02	500	553	891	-9224	-9063	162	9296	9063
71518777	-1	487	9.005E-136	4	7926	10514	426	248	0.520	1.684E-69	553	804	891	-8999	-8253	747	9020	8214
71518777	-1	487	9.005E-136	4	7926	10514	432	142	0.776	3.991E-36	803	890	891	-8189	-7926	264	8210	7926
72478311	1	231	1.043E-58	3	3685	4272	87	140	0.713	1.885E-35	81	175	236	3685	3972	288	3679	3981
72478311	1	231	1.043E-58	3	3685	4272	91	35	0.751	3.571E+00	177	197	236	4041	4103	63	4017	4103
72478311	1	231	1.043E-58	3	3685	4272	94	54	0.741	1.129E-06	198	231	236	4171	4272	102	4165	4272
72924744	1	182	5.870E-44	2	3682	4103	87	145	0.728	4.232E-37	72	168	227	3682	3972	291	3679	3981
72924744	1	182	5.870E-44	2	3682	4103	91	36	0.737	1.878E+00	169	190	227	4038	4103	66	4017	4103
72932305	1	162	6.155E-38	2	3685	4269	87	132	0.675	1.988E-32	77	171	251	3685	3972	288	3679	3981
72932305	1	162	6.155E-38	2	3685	4269	94	51	0.719	1.453E-05	194	226	251	4171	4269	99	4165	4272
72952662	1	170	2.404E-40	2	3685	4272	87	139	0.710	3.549E-35	76	170	229	3685	3972	288	3679	3981
72952662	1	170	2.404E-40	2	3685	4272	94	52	0.721	4.050E-06	193	226	229	4171	4272	102	4165	4272
73145220	1	145	8.068E-33	2	3682	4272	87	128	0.701	4.705E-31	73	160	232	3682	3948	267	3679	3981
73145220	1	145	8.068E-33	2	3682	4272	94	46	0.646	4.897E-04	191	224	232	4171	4272	102	4165	4272
73167987	1	165	7.694E-39	2	3685	4269	87	140	0.712	2.587E-35	75	169	234	3685	3972	288	3679	3981
73167987	1	165	7.694E-39	2	3685	4269	94	46	0.662	4.897E-04	192	224	234	4171	4269	99	4165	4272
73494456	1	224	1.335E-56	3	3685	4269	87	137	0.698	3.251E-34	84	178	244	3685	3972	288	3679	3981
73494456	1	224	1.335E-56	3	3685	4269	91	32	0.693	3.396E+01	180	200	244	4041	4103	63	4017	4103
73494456	1	224	1.335E-56	3	3685	4269	94	53	0.750	2.138E-06	201	233	244	4171	4269	99	4165	4272
73621979	-1	106	4.435E-21	1	11115	11537	369	106	0.417	2.553E-21	12	153	172	-11537	-11115	423	11708	10977
73920739	1	229	4.171E-58	3	3685	4269	87	144	0.731	7.968E-37	49	143	203	3685	3972	288	3679	3981
73920739	1	229	4.171E-58	3	3685	4269	91	33	0.710	1.784E+01	145	165	203	4041	4103	63	4017	4103
73920739	1	229	4.171E-58	3	3685	4269	94	50	0.709	2.754E-05	166	198	203	4171	4269	99	4165	4272
80776226	1	172	6.011E-41	2	3685	4269	87	140	0.713	1.885E-35	73	167	245	3685	3972	288	3679	3981
80776226	1	172	6.011E-41	2	3685	4269	94	53	0.755	1.554E-06	190	222	245	4171	4269	99	4165	4272
81934859	-1	306	2.760E-81	2	7926	8777	426	178	0.529	2.085E-45	0	175	262	-8777	-8253	525	9020	8214
81934859	-1	306	2.760E-81	2	7926	8777	432	129	0.713	1.371E-31	174	261	262	-8189	-7926	264	8210	7926
82145238	1	166	3.847E-39	2	3685	4272	87	137	0.698	3.251E-34	77	171	241	3685	3972	288	3679	3981
82145238	1	166	3.847E-39	2	3685	4272	94	50	0.691	2.754E-05	194	227	241	4171	4272	102	4165	4272
84530030	1	161	1.231E-37	2	3685	4269	87	134	0.687	2.170E-33	76	170	230	3685	3972	288	3679	3981
84530030	1	161	1.231E-37	2	3685	4269	94	48	0.683	1.362E-04	193	225	230	4171	4269	99	4165	4272
87492585	1	168	9.618E-40	2	3685	4269	87	139	0.710	3.549E-35	59	153	214	3685	3972	288	3679	3981
87492585	1	168	9.618E-40	2	3685	4269	94	50	0.714	2.001E-05	176	208	214	4171	4269	99	4165	4272
87681747	1	184	1.468E-44	2	3682	4103	87	147	0.736	8.702E-38	72	168	227	3682	3972	291	3679	3981
87681747	1	184	1.468E-44	2	3682	4103	91	36	0.737	1.878E+00	169	190	227	4038	4103	66	4017	4103
87855266	1	160	2.462E-37	2	3685	4269	87	131	0.673	2.727E-32	78	172	250	3685	3972	288	3679	3981
87855266	1	160	2.462E-37	2	3685	4269	94	50	0.714	2.001E-05	195	227	250	4171	4269	99	4165	4272
88099726	-1	484	7.204E-135	4	7926	10514	383	74	0.553	1.046E-12	384	450	850	-10514	-10314	201	10538	10311
88099726	-1	484	7.204E-135	4	7926	10514	409	44	0.423	3.622E-02	459	512	850	-9224	-9063	162	9296	9063
88099726	-1	484	7.204E-135	4	7926	10514	426	246	0.538	4.321E-69	524	763	850	-8963	-8253	711	9020	8214
88099726	-1	484	7.204E-135	4	7926	10514	432	137	0.753	1.780E-34	762	849	850	-8189	-7926	264	8210	7926
88125735	-1	178	9.392E-43	1	8229	8957	426	178	0.415	1.526E-45	163	402	479	-8957	-8229	729	9020	8214
88332871	-1	498	4.397E-139	4	7926	10514	383	57	0.447	6.593E-07	430	496	895	-10514	-10314	201	10538	10311
88332871	-1	498	4.397E-139	4	7926	10514	409	48	0.467	7.929E-04	504	556	895	-9224	-9066	159	9296	9063
88332871	-1	498	4.397E-139	4	7926	10514	426	261	0.537	3.868E-74	554	808	895	-8996	-8253	744	9020	8214
88332871	-1	498	4.397E-139	4	7926	10514	432	140	0.766	1.942E-35	807	894	895	-8189	-7926	264	8210	7926
96411637	1	227	1.668E-57	3	3685	4269	87	142	0.720	5.318E-36	68	162	221	3685	3972	288	3679	3981
96411637	1	227	1.668E-57	3	3685	4269	91	34	0.705	6.793E+00	163	184	221	4038	4103	66	4017	4103
96411637	1	227	1.668E-57	3	3685	4269	94	49	0.693	7.185E-05	185	217	221	4171	4269	99	4165	4272
97435286	-1	298	7.066E-79	3	8253	11633	369	185	0.561	2.917E-48	85	253	793	-11633	-11124	510	11708	10977
97435286	-1	298	7.066E-79	3	8253	11633	383	83	0.610	7.033E-16	411	477	793	-10514	-10314	201	10538	10311
97435286	-1	298	7.066E-79	3	8253	11633	426	215	0.565	2.527E-58	508	704	793	-8813	-8253	561	9020	8214
98546851	-1	485	3.602E-135	4	7926	10514	383	68	0.518	8.946E-11	403	469	869	-10514	-10314	201	10538	10311
98546851	-1	485	3.602E-135	4	7926	10514	409	48	0.454	1.499E-03	478	531	869	-9224	-9063	162	9296	9063
98546851	-1	485	3.602E-135	4	7926	10514	426	243	0.519	7.296E-68	535	782	869	-8987	-8253	735	9020	8214
98546851	-1	485	3.602E-135	4	7926	10514	432	135	0.744	8.662E-34	781	868	869	-8189	-7926	264	8210	7926
102210094	1	171	1.202E-40	2	3682	4272	87	139	0.704	3.549E-35	76	171	231	3682	3972	291	3679	3981
102210094	1	171	1.202E-40	2	3682	4272	94	53	0.726	2.943E-06	194	227	231	4171	4272	102	4165	4272
102211118	1	170	2.404E-40	2	3685	4272	87	139	0.710	3.549E-35	76	170	229	3685	3972	288	3679	3981
102211118	1	170	2.404E-40	2	3685	4272	94	52	0.721	4.050E-06	193	226	229	4171	4272	102	4165	4272
102261815	1	144	1.614E-32	2	3305	3978	75	42	0.662	9.589E-03	3	32	223	3305	3382	78	3299	3394
102261815	1	144	1.614E-32	2	3305	3978	87	139	0.684	4.870E-35	71	170	223	3685	3978	294	3679	3981
102344825	1	165	7.694E-39	3	3302	4103	75	39	0.668	1.718E-01	14	40	231	3302	3382	81	3299	3394
102344825	1	165	7.694E-39	3	3302	4103	87	136	0.669	8.398E-34	79	178	231	3685	3978	294	3679	3981
102344825	1	165	7.694E-39	3	3302	4103	91	36	0.637	1.878E+00	169	194	231	4026	4103	78	4017	4103
102357855	1	177	1.878E-42	3	3308	4269	75	40	0.728	9.042E-02	7	31	223	3308	3382	75	3299	3394
102357855	1	177	1.878E-42	3	3308	4269	87	138	0.698	9.169E-35	70	165	223	3682	3972	291	3679	3981
102357855	1	177	1.878E-42	3	3308	4269	94	57	0.797	1.209E-07	188	220	223	4171	4269	99	4165	4272
102493970	1	189	4.586E-46	2	3688	4103	87	156	0.790	6.025E-41	58	151	210	3688	3972	285	3679	3981
102493970	1	189	4.586E-46	2	3688	4103	91	32	0.685	4.687E+01	153	173	210	4041	4103	63	4017	4103
102715077	-1	482	2.882E-134	4	7926	10514	383	59	0.462	9.772E-08	387	453	854	-10514	-10314	201	10538	10311
102715077	-1	482	2.882E-134	4	7926	10514	409	45	0.435	1.013E-02	462	515	854	-9224	-9063	162	9296	9063
102715077	-1	482	2.882E-134	4	7926	10514	426	247	0.524	2.306E-69	519	767	854	-8987	-8253	735	9020	8214
102715077	-1	482	2.882E-134	4	7926	10514	432	140	0.768	1.415E-35	766	853	854	-8189	-7926	264	8210	7926
103004081	1	228	8.342E-58	3	3685	4269	87	144	0.731	7.968E-37	49	143	203	3685	3972	288	3679	3981
103004081	1	228	8.342E-58	3	3685	4269	91	33	0.710	1.784E+01	145	165	203	4041	4103	63	4017	4103
103004081	1	228	8.342E-58	3	3685	4269	94	49	0.704	3.791E-05	166	198	203	4171	4269	99	4165	4272
103004395	1	229	4.171E-58	3	3685	4269	87	144	0.731	7.968E-37	49	143	203	3685	3972	288	3679	3981
103004395	1	229	4.171E-58	3	3685	4269	91	33	0.710	1.784E+01	145	165	203	4041	4103	63	4017	4103
103004395	1	229	4.171E-58	3	3685	4269	94	50	0.709	2.754E-05	166	198	203	4171	4269	99	4165	4272
110991163	1	151	1.261E-34	2	3685	4272	87	129	0.713	1.821E-31	75	161	238	3685	3948	264	3679	3981
110991163	1	151	1.261E-34	2	3685	4272	94	51	0.706	1.056E-05	192	225	238	4171	4272	102	4165	4272
112441035	1	164	1.539E-38	2	3685	4269	87	135	0.691	1.152E-33	76	170	256	3685	3972	288	3679	3981
112441035	1	164	1.539E-38	2	3685	4269	94	50	0.709	2.754E-05	193	225	256	4171	4269	99	4165	4272
113948168	-1	474	7.377E-132	4	7926	10514	383	62	0.474	1.054E-08	398	465	864	-10514	-10311	204	10538	10311
113948168	-1	474	7.377E-132	4	7926	10514	409	42	0.419	9.417E-02	473	525	864	-9224	-9066	159	9296	9063
113948168	-1	474	7.377E-132	4	7926	10514	426	246	0.524	5.916E-69	530	777	864	-8987	-8253	735	9020	8214
113948168	-1	474	7.377E-132	4	7926	10514	432	133	0.732	5.785E-33	776	863	864	-8189	-7926	264	8210	7926
116677672	1	167	1.924E-39	2	3685	4269	87	138	0.701	1.726E-34	76	170	258	3685	3972	288	3679	3981
116677672	1	167	1.924E-39	2	3685	4269	94	50	0.709	2.754E-05	193	225	258	4171	4269	99	4165	4272
116770244	1	161	1.231E-37	2	3685	4269	87	132	0.677	1.449E-32	76	170	257	3685	3972	288	3679	3981
116770244	1	161	1.231E-37	2	3685	4269	94	50	0.709	2.754E-05	193	225	257	4171	4269	99	4165	4272
116787540	1	166	3.847E-39	2	3682	4269	87	137	0.691	3.251E-34	79	174	254	3682	3972	291	3679	3981
116787540	1	166	3.847E-39	2	3682	4269	94	50	0.709	2.754E-05	197	229	254	4171	4269	99	4165	4272
116932930	1	173	3.006E-41	2	3688	4103	87	136	0.700	6.120E-34	59	152	221	3688	3972	285	3679	3981
116932930	1	173	3.006E-41	2	3688	4103	91	36	0.776	1.362E+00	154	174	221	4041	4103	63	4017	4103
116954581	1	221	1.068E-55	3	3685	4269	87	136	0.696	4.460E-34	77	171	237	3685	3972	288	3679	3981
116954581	1	221	1.068E-55	3	3685	4269	91	32	0.685	4.687E+01	173	193	237	4041	4103	63	4017	4103
116954581	1	221	1.068E-55	3	3685	4269	94	51	0.729	7.671E-06	194	226	237	4171	4269	99	4165	4272
117085459	1	134	1.652E-29	2	3302	3978	75	40	0.693	4.761E-02	8	34	233	3302	3382	81	3299	3394
117085459	1	134	1.652E-29	2	3302	3978	87	131	0.660	3.743E-32	73	170	233	3685	3978	294	3679	3981
117316807	-1	265	6.070E-69	2	7926	8693	426	138	0.498	7.060E-32	18	163	250	-8693	-8253	441	9020	8214
117316807	-1	265	6.070E-69	2	7926	8693	432	128	0.707	3.543E-31	162	249	250	-8189	-7926	264	8210	7926
117349403	-1	269	3.793E-70	3	8514	10514	383	57	0.447	6.593E-07	40	106	370	-10514	-10314	201	10538	10311
117349403	-1	269	3.793E-70	3	8514	10514	409	48	0.467	7.929E-04	114	166	370	-9224	-9066	159	9296	9063
117349403	-1	269	3.793E-70	3	8514	10514	426	172	0.545	1.654E-43	164	327	370	-8996	-8514	483	9020	8214
117618539	-1	215	6.834E-54	1	8253	8993	426	215	0.473	2.527E-58	130	373	460	-8993	-8253	741	9020	8214
123504740	-1	481	5.763E-134	4	7926	10514	383	63	0.499	4.060E-09	399	463	865	-10514	-10320	195	10538	10311
123504740	-1	481	5.763E-134	4	7926	10514	409	49	0.464	5.767E-04	474	527	865	-9224	-9063	162	9296	9063
123504740	-1	481	5.763E-134	4	7926	10514	426	238	0.510	3.158E-66	531	778	865	-8987	-8253	735	9020	8214
123504740	-1	481	5.763E-134	4	7926	10514	432	141	0.780	7.516E-36	778	864	865	-8186	-7926	261	8210	7926
129766718	-1	497	8.794E-139	4	7926	10514	383	66	0.508	3.190E-10	364	430	830	-10514	-10314	201	10538	10311
129766718	-1	497	8.794E-139	4	7926	10514	409	46	0.442	5.358E-03	439	492	830	-9224	-9063	162	9296	9063
129766718	-1	497	8.794E-139	4	7926	10514	426	256	0.554	1.679E-72	503	743	830	-8966	-8253	714	9020	8214
129766718	-1	497	8.794E-139	4	7926	10514	432	145	0.791	3.175E-37	742	829	830	-8189	-7926	264	8210	7926
131166715	1	167	1.924E-39	2	3685	4272	87	128	0.648	3.429E-31	74	171	238	3685	3978	294	3679	3981
131166715	1	167	1.924E-39	2	3685	4272	94	54	0.741	1.129E-06	188	221	238	4171	4272	102	4165	4272
131245773	1	161	1.231E-37	2	3685	4269	87	133	0.680	7.693E-33	78	172	250	3685	3972	288	3679	3981
131245773	1	161	1.231E-37	2	3685	4269	94	49	0.693	7.185E-05	195	227	250	4171	4269	99	4165	4272
131409241	1	166	3.847E-39	2	3685	4272	87	136	0.694	6.120E-34	81	175	235	3685	3972	288	3679	3981
131409241	1	166	3.847E-39	2	3685	4272	94	51	0.711	7.671E-06	198	231	235	4171	4272	102	4165	4272
131455620	1	167	1.924E-39	2	3685	4103	87	142	0.696	5.318E-36	67	166	219	3685	3978	294	3679	3981
131455620	1	167	1.924E-39	2	3685	4103	91	34	0.604	9.370E+00	157	182	219	4026	4103	78	4017	4103
132071509	-1	106	4.435E-21	1	11130	11528	369	106	0.434	3.476E-21	9	142	145	-11528	-11130	399	11708	10977
140152991	-1	490	1.126E-136	4	7926	10514	383	73	0.548	1.974E-12	347	413	813	-10514	-10314	201	10538	10311
140152991	-1	490	1.126E-136	4	7926	10514	409	48	0.457	1.090E-03	422	475	813	-9224	-9063	162	9296	9063
140152991	-1	490	1.126E-136	4	7926	10514	426	243	0.519	7.296E-68	479	726	813	-8987	-8253	735	9020	8214
140152991	-1	490	1.126E-136	4	7926	10514	432	135	0.744	8.662E-34	725	812	813	-8189	-7926	264	8210	7926
145632651	1	236	3.259E-60	4	3302	4269	75	38	0.635	3.264E-01	5	32	225	3302	3382	81	3299	3394
145632651	1	236	3.259E-60	4	3302	4269	87	146	0.731	2.248E-37	70	166	225	3682	3972	291	3679	3981
145632651	1	236	3.259E-60	4	3302	4269	91	34	0.713	4.925E+00	167	188	225	4038	4103	66	4017	4103
145632651	1	236	3.259E-60	4	3302	4269	94	51	0.724	1.056E-05	189	221	225	4171	4269	99	4165	4272
145712688	1	183	2.935E-44	2	3685	4103	87	149	0.750	2.455E-38	73	168	227	3685	3972	288	3679	3981
145712688	1	183	2.935E-44	2	3685	4103	91	33	0.710	1.784E+01	170	190	227	4041	4103	63	4017	4103
146115889	1	169	4.809E-40	2	3685	4269	87	141	0.718	7.297E-36	74	168	232	3685	3972	288	3679	3981
146115889	1	169	4.809E-40	2	3685	4269	94	49	0.693	7.185E-05	191	223	232	4171	4269	99	4165	4272
146400973	-1	345	5.021E-93	2	7926	8987	426	227	0.486	2.070E-62	136	383	461	-8987	-8232	756	9020	8214
146400973	-1	345	5.021E-93	2	7926	8987	432	128	0.711	1.881E-31	373	460	461	-8189	-7926	264	8210	7926
146683824	-1	489	2.251E-136	4	7926	10514	383	61	0.472	2.737E-08	385	451	851	-10514	-10314	201	10538	10311
146683824	-1	489	2.251E-136	4	7926	10514	409	47	0.448	2.834E-03	460	513	851	-9224	-9063	162	9296	9063
146683824	-1	489	2.251E-136	4	7926	10514	426	252	0.533	7.283E-71	517	764	851	-8987	-8253	735	9020	8214
146683824	-1	489	2.251E-136	4	7926	10514	432	138	0.757	9.451E-35	763	850	851	-8189	-7926	264	8210	7926
152236727	-1	490	1.126E-136	4	7926	10514	383	57	0.450	4.796E-07	386	452	852	-10514	-10314	201	10538	10311
152236727	-1	490	1.126E-136	4	7926	10514	409	49	0.470	3.051E-04	461	514	852	-9224	-9063	162	9296	9063
152236727	-1	490	1.126E-136	4	7926	10514	426	255	0.539	5.900E-72	518	765	852	-8987	-8253	735	9020	8214
152236727	-1	490	1.126E-136	4	7926	10514	432	138	0.759	6.887E-35	764	851	852	-8189	-7926	264	8210	7926
154081017	-1	486	1.801E-135	4	7926	10514	383	59	0.460	1.343E-07	16	82	482	-10514	-10314	201	10538	10311
154081017	-1	486	1.801E-135	4	7926	10514	409	47	0.448	2.834E-03	91	144	482	-9224	-9063	162	9296	9063
154081017	-1	486	1.801E-135	4	7926	10514	426	250	0.530	3.503E-70	148	395	482	-8987	-8253	735	9020	8214
154081017	-1	486	1.801E-135	4	7926	10514	432	139	0.763	3.657E-35	394	481	482	-8189	-7926	264	8210	7926
156059460	-1	1019	6.405E-296	6	7926	11642	369	232	0.659	1.731E-64	160	335	948	-11642	-11115	528	11708	10977
156059460	-1	1019	6.405E-296	6	7926	11642	378	188	0.595	7.782E-50	329	486	948	-11070	-10588	483	11109	10462
156059460	-1	1019	6.405E-296	6	7926	11642	383	79	0.603	1.225E-14	488	552	948	-10514	-10320	195	10538	10311
156059460	-1	1019	6.405E-296	6	7926	11642	409	51	0.472	6.211E-05	557	612	948	-9233	-9066	168	9296	9063
156059460	-1	1019	6.405E-296	6	7926	11642	426	332	0.653	7.275E-99	615	870	948	-8993	-8232	762	9020	8214
156059460	-1	1019	6.405E-296	6	7926	11642	432	153	0.831	4.131E-40	860	947	948	-8189	-7926	264	8210	7926
160213135	1	165	7.694E-39	2	3685	4269	87	137	0.699	2.369E-34	73	167	225	3685	3972	288	3679	3981
160213135	1	165	7.694E-39	2	3685	4269	94	49	0.698	5.219E-05	190	222	225	4171	4269	99	4165	4272
160576702	1	171	1.202E-40	2	3682	4272	87	139	0.700	6.682E-35	85	180	240	3682	3972	291	3679	3981
160576702	1	171	1.202E-40	2	3682	4272	94	53	0.726	2.943E-06	203	236	240	4171	4272	102	4165	4272
160592285	1	136	4.131E-30	1	3685	3972	87	136	0.696	4.460E-34	75	169	176	3685	3972	288	3679	3981
160693978	1	170	2.404E-40	3	3299	4269	75	38	0.629	4.500E-01	6	33	225	3299	3382	84	3299	3394
160693978	1	170	2.404E-40	3	3299	4269	87	139	0.702	4.870E-35	72	167	225	3682	3972	291	3679	3981
160693978	1	170	2.404E-40	3	3299	4269	94	51	0.724	1.056E-05	190	222	225	4171	4269	99	4165	4272
160703485	1	165	7.694E-39	2	3685	4269	87	137	0.699	2.369E-34	72	166	236	3685	3972	288	3679	3981
160703485	1	165	7.694E-39	2	3685	4269	94	49	0.704	3.791E-05	189	221	236	4171	4269	99	4165	4272
160847450	-1	444	7.921E-123	4	7926	10514	383	58	0.468	3.489E-07	411	474	869	-10514	-10323	192	10538	10311
160847450	-1	444	7.921E-123	4	7926	10514	409	42	0.413	1.781E-01	486	538	869	-9224	-9066	159	9296	9063
160847450	-1	444	7.921E-123	4	7926	10514	426	230	0.501	2.302E-63	543	782	869	-8987	-8253	735	9020	8214
160847450	-1	444	7.921E-123	4	7926	10514	432	127	0.704	6.673E-31	781	868	869	-8189	-7926	264	8210	7926
160857451	1	246	3.182E-63	3	3685	4269	87	159	0.795	6.583E-42	82	176	235	3685	3972	288	3679	3981
160857451	1	246	3.182E-63	3	3685	4269	91	35	0.759	2.589E+00	178	198	235	4041	4103	63	4017	4103
160857451	1	246	3.182E-63	3	3685	4269	94	50	0.709	2.754E-05	199	231	235	4171	4269	99	4165	4272
161170233	1	227	1.668E-57	3	3685	4269	87	142	0.722	3.876E-36	49	143	203	3685	3972	288	3679	3981
161170233	1	227	1.668E-57	3	3685	4269	91	33	0.718	1.293E+01	145	165	203	4041	4103	63	4017	4103
161170233	1	227	1.668E-57	3	3685	4269	94	50	0.709	2.754E-05	166	198	203	4171	4269	99	4165	4272
161170339	1	229	4.171E-58	3	3685	4269	87	144	0.731	7.968E-37	49	143	203	3685	3972	288	3679	3981
161170339	1	229	4.171E-58	3	3685	4269	91	33	0.718	1.293E+01	145	165	203	4041	4103	63	4017	4103
161170339	1	229	4.171E-58	3	3685	4269	94	50	0.709	2.754E-05	166	198	203	4171	4269	99	4165	4272
168762260	-1	484	7.204E-135	4	7926	10514	383	74	0.555	7.612E-13	388	454	854	-10514	-10314	201	10538	10311
168762260	-1	484	7.204E-135	4	7926	10514	409	44	0.423	3.622E-02	463	516	854	-9224	-9063	162	9296	9063
168762260	-1	484	7.204E-135	4	7926	10514	426	246	0.538	4.321E-69	528	767	854	-8963	-8253	711	9020	8214
168762260	-1	484	7.204E-135	4	7926	10514	432	137	0.753	1.780E-34	766	853	854	-8189	-7926	264	8210	7926
170501173	-1	502	2.748E-140	4	8253	11564	369	106	0.402	4.733E-21	62	209	829	-11564	-11124	441	11708	10977
170501173	-1	502	2.748E-140	4	8253	11564	378	186	0.592	5.129E-49	206	363	829	-11070	-10591	480	11109	10462
170501173	-1	502	2.748E-140	4	8253	11564	383	61	0.470	3.763E-08	366	432	829	-10514	-10314	201	10538	10311
170501173	-1	502	2.748E-140	4	8253	11564	426	214	0.469	4.731E-58	496	742	829	-8999	-8253	747	9020	8214
174034546	-1	154	1.576E-35	1	10591	11055	378	154	0.520	5.676E-38	121	274	288	-11055	-10591	465	11109	10462
174211510	-1	486	1.801E-135	4	8253	11603	369	113	0.397	1.818E-23	106	266	882	-11603	-11124	480	11708	10977
174211510	-1	486	1.801E-135	4	8253	11603	378	156	0.515	1.183E-38	263	421	882	-11070	-10594	477	11109	10462
174211510	-1	486	1.801E-135	4	8253	11603	383	61	0.470	3.763E-08	425	491	882	-10514	-10314	201	10538	10311
174211510	-1	486	1.801E-135	4	8253	11603	426	224	0.490	3.486E-61	557	795	882	-8987	-8253	735	9020	8214
174724159	1	175	7.514E-42	2	3685	4269	87	142	0.722	3.876E-36	72	166	224	3685	3972	288	3679	3981
174724159	1	175	7.514E-42	2	3685	4269	94	54	0.760	1.129E-06	189	221	224	4171	4269	99	4165	4272
174931654	1	181	1.174E-43	2	3682	4103	87	146	0.733	1.638E-37	70	166	204	3682	3972	291	3679	3981
174931654	1	181	1.174E-43	2	3682	4103	91	34	0.713	4.925E+00	167	188	204	4038	4103	66	4017	4103
175106305	1	175	7.514E-42	2	3682	4269	87	143	0.721	1.500E-36	72	167	225	3682	3972	291	3679	3981
175106305	1	175	7.514E-42	2	3682	4269	94	53	0.755	1.554E-06	190	222	225	4171	4269	99	4165	4272
175180420	1	174	1.503E-41	2	3685	4269	87	142	0.722	3.876E-36	73	167	247	3685	3972	288	3679	3981
175180420	1	174	1.503E-41	2	3685	4269	94	53	0.750	2.138E-06	190	222	247	4171	4269	99	4165	4272
175316523	-1	602	2.168E-170	5	8253	11591	369	123	0.423	7.838E-27	113	273	891	-11591	-11115	477	11708	10977
175316523	-1	602	2.168E-170	5	8253	11591	378	177	0.568	7.056E-46	267	424	891	-11070	-10591	480	11109	10462
175316523	-1	602	2.168E-170	5	8253	11591	383	64	0.514	2.954E-09	427	489	891	-10514	-10326	189	10538	10311
175316523	-1	602	2.168E-170	5	8253	11591	409	41	0.391	3.368E-01	502	557	891	-9224	-9063	162	9296	9063
175316523	-1	602	2.168E-170	5	8253	11591	426	213	0.466	1.658E-57	557	804	891	-8999	-8253	747	9020	8214
186145441	-1	216	3.417E-54	1	8253	8993	426	216	0.474	1.847E-58	149	392	479	-8993	-8253	741	9020	8214
186436060	1	168	9.618E-40	2	3682	4272	87	136	0.688	6.120E-34	80	175	234	3682	3972	291	3679	3981
186436060	1	168	9.618E-40	2	3682	4272	94	53	0.726	2.943E-06	198	231	234	4171	4272	102	4165	4272
188108781	-1	473	1.475E-131	4	7926	10514	383	59	0.457	1.846E-07	405	471	871	-10514	-10314	201	10538	10311
188108781	-1	473	1.475E-131	4	7926	10514	409	42	0.414	9.417E-02	480	533	871	-9224	-9063	162	9296	9063
188108781	-1	473	1.475E-131	4	7926	10514	426	246	0.523	8.099E-69	537	784	871	-8987	-8253	735	9020	8214
188108781	-1	473	1.475E-131	4	7926	10514	432	135	0.742	1.189E-33	783	870	871	-8189	-7926	264	8210	7926
189255517	1	172	6.011E-41	2	3685	4269	87	140	0.713	1.885E-35	73	167	245	3685	3972	288	3679	3981
189255517	1	172	6.011E-41	2	3685	4269	94	53	0.755	1.554E-06	190	222	245	4171	4269	99	4165	4272
189307308	1	186	3.669E-45	2	3685	4269	87	155	0.771	1.556E-40	87	182	239	3685	3975	291	3679	3981
189307308	1	186	3.669E-45	2	3685	4269	94	51	0.724	1.056E-05	204	236	239	4171	4269	99	4165	4272
189471204	1	186	3.669E-45	2	3682	4103	87	151	0.752	5.049E-39	72	168	227	3682	3972	291	3679	3981
189471204	1	186	3.669E-45	2	3682	4103	91	34	0.713	4.925E+00	169	190	227	4038	4103	66	4017	4103
189471315	1	185	7.338E-45	2	3682	4103	87	148	0.740	4.622E-38	72	168	227	3682	3972	291	3679	3981
189471315	1	185	7.338E-45	2	3682	4103	91	36	0.737	1.878E+00	169	190	227	4038	4103	66	4017	4103
189477065	1	170	2.404E-40	2	3685	4272	87	139	0.708	4.870E-35	76	170	229	3685	3972	288	3679	3981
189477065	1	170	2.404E-40	2	3685	4272	94	52	0.721	4.050E-06	193	226	229	4171	4272	102	4165	4272
189605326	1	167	1.924E-39	2	3685	4269	87	139	0.710	3.549E-35	75	169	233	3685	3972	288	3679	3981
189605326	1	167	1.924E-39	2	3685	4269	94	49	0.698	5.219E-05	192	224	233	4171	4269	99	4165	4272
189667272	1	167	1.924E-39	2	3685	4269	87	135	0.691	1.152E-33	77	171	249	3685	3972	288	3679	3981
189667272	1	167	1.924E-39	2	3685	4269	94	53	0.750	2.138E-06	194	226	249	4171	4269	99	4165	4272
189891662	-1	359	3.064E-97	3	8253	11636	369	104	0.362	1.625E-20	105	273	1064	-11636	-11145	492	11708	10977
189891662	-1	359	3.064E-97	3	8253	11636	378	154	0.507	5.676E-38	277	435	1064	-11070	-10591	480	11109	10462
189891662	-1	359	3.064E-97	3	8253	11636	426	235	0.507	2.843E-65	569	813	1064	-8993	-8253	741	9020	8214
189965087	-1	108	1.109E-21	1	11124	11528	369	108	0.434	1.011E-21	64	199	254	-11528	-11124	405	11708	10977
190023048	-1	479	2.305E-133	4	7926	10517	383	64	0.487	2.150E-09	421	488	888	-10517	-10314	204	10538	10311
190023048	-1	479	2.305E-133	4	7926	10517	409	44	0.435	1.915E-02	497	549	888	-9224	-9066	159	9296	9063
190023048	-1	479	2.305E-133	4	7926	10517	426	249	0.541	4.795E-70	561	801	888	-8966	-8253	714	9020	8214
190023048	-1	479	2.305E-133	4	7926	10517	432	139	0.765	2.665E-35	800	887	888	-8189	-7926	264	8210	7926
190023421	-1	479	2.305E-133	4	7926	10517	383	64	0.487	2.150E-09	421	488	888	-10517	-10314	204	10538	10311
190023421	-1	479	2.305E-133	4	7926	10517	409	44	0.435	1.915E-02	497	549	888	-9224	-9066	159	9296	9063
190023421	-1	479	2.305E-133	4	7926	10517	426	249	0.541	4.795E-70	561	801	888	-8966	-8253	714	9020	8214
190023421	-1	479	2.305E-133	4	7926	10517	432	139	0.765	2.665E-35	800	887	888	-8189	-7926	264	8210	7926
190154799	-1	102	7.097E-20	1	11127	11600	369	102	0.373	1.033E-19	71	228	229	-11600	-11127	474	11708	10977
190242763	-1	431	6.489E-119	3	7926	9194	409	37	0.437	8.147E+00	0	42	381	-9194	-9066	129	9296	9063
190242763	-1	431	6.489E-119	3	7926	9194	426	254	0.537	1.106E-71	47	294	381	-8987	-8253	735	9020	8214
190242763	-1	431	6.489E-119	3	7926	9194	432	144	0.787	5.978E-37	293	380	381	-8189	-7926	264	8210	7926
203062149	-1	373	1.870E-101	2	7926	8993	426	244	0.516	2.078E-68	292	542	629	-8993	-8253	741	9020	8214
203062149	-1	373	1.870E-101	2	7926	8993	432	130	0.717	7.278E-32	541	628	629	-8189	-7926	264	8210	7926
203841262	1	165	7.694E-39	2	3685	4272	87	134	0.684	4.086E-33	81	175	235	3685	3972	288	3679	3981
203841262	1	165	7.694E-39	2	3685	4272	94	52	0.721	4.050E-06	198	231	235	4171	4272	102	4165	4272
203866226	1	176	3.757E-42	2	3685	4269	87	146	0.739	1.638E-37	74	168	227	3685	3972	288	3679	3981
203866226	1	176	3.757E-42	2	3685	4269	94	51	0.729	7.671E-06	191	223	227	4171	4269	99	4165	4272
204068373	1	227	1.668E-57	3	3685	4272	87	143	0.727	1.500E-36	122	216	275	3685	3972	288	3679	3981
204068373	1	227	1.668E-57	3	3685	4272	91	31	0.642	8.931E+01	217	238	275	4038	4103	66	4017	4103
204068373	1	227	1.668E-57	3	3685	4272	94	51	0.706	1.056E-05	239	272	275	4171	4272	102	4165	4272
204336144	1	166	3.847E-39	2	3685	4272	87	139	0.708	4.870E-35	76	170	229	3685	3972	288	3679	3981
204336144	1	166	3.847E-39	2	3685	4272	94	48	0.671	9.893E-05	193	226	229	4171	4272	102	4165	4272
204641094	1	49	6.392E-04	1	4171	4269	94	49	0.704	3.791E-05	28	60	64	4171	4269	99	4165	4272
204818891	-1	450	1.238E-124	4	7926	10514	383	59	0.465	1.343E-07	416	481	872	-10514	-10317	198	10538	10311
204818891	-1	450	1.238E-124	4	7926	10514	409	37	0.373	5.924E+00	490	543	872	-9224	-9063	162	9296	9063
204818891	-1	450	1.238E-124	4	7926	10514	426	233	0.500	1.869E-64	543	785	872	-8999	-8253	747	9020	8214
204818891	-1	450	1.238E-124	4	7926	10514	432	128	0.709	2.582E-31	784	871	872	-8189	-7926	264	8210	7926
211213347	1	203	2.799E-50	1	1574	2104	45	203	0.588	7.205E-56	3	170	171	1574	2104	531	1571	2104
211914603	-1	602	2.168E-170	5	8253	11603	369	123	0.417	5.746E-27	15	179	797	-11603	-11115	489	11708	10977
211914603	-1	602	2.168E-170	5	8253	11603	378	178	0.572	2.008E-46	173	330	797	-11070	-10591	480	11109	10462
211914603	-1	602	2.168E-170	5	8253	11603	383	64	0.514	2.954E-09	333	395	797	-10514	-10326	189	10538	10311
211914603	-1	602	2.168E-170	5	8253	11603	409	41	0.391	3.368E-01	408	463	797	-9224	-9063	162	9296	9063
211914603	-1	602	2.168E-170	5	8253	11603	426	212	0.465	3.104E-57	463	710	797	-8999	-8253	747	9020	8214
212759598	1	167	1.924E-39	2	3685	4269	87	139	0.708	4.870E-35	71	165	223	3685	3972	288	3679	3981
212759598	1	167	1.924E-39	2	3685	4269	94	49	0.704	3.791E-05	188	220	223	4171	4269	99	4165	4272
212776285	-1	130	2.644E-28	1	7926	8189	432	130	0.717	7.278E-32	63	150	154	-8189	-7926	264	8210	7926
213657695	-1	486	1.801E-135	4	8253	11603	369	113	0.397	1.818E-23	106	266	882	-11603	-11124	480	11708	10977
213657695	-1	486	1.801E-135	4	8253	11603	378	156	0.515	1.183E-38	263	421	882	-11070	-10594	477	11109	10462
213657695	-1	486	1.801E-135	4	8253	11603	383	61	0.470	3.763E-08	425	491	882	-10514	-10314	201	10538	10311
213657695	-1	486	1.801E-135	4	8253	11603	426	224	0.492	1.861E-61	557	795	882	-8987	-8253	735	9020	8214
214396872	1	172	6.011E-41	2	3685	4269	87	140	0.713	1.885E-35	73	167	245	3685	3972	288	3679	3981
214396872	1	172	6.011E-41	2	3685	4269	94	53	0.755	1.554E-06	190	222	245	4171	4269	99	4165	4272
214534035	1	170	2.404E-40	2	3685	4272	87	139	0.710	3.549E-35	76	170	229	3685	3972	288	3679	3981
214534035	1	170	2.404E-40	2	3685	4272	94	52	0.721	4.050E-06	193	226	229	4171	4272	102	4165	4272
214957097	-1	483	1.441E-134	4	7926	10514	383	67	0.510	2.322E-10	403	469	869	-10514	-10314	201	10538	10311
214957097	-1	483	1.441E-134	4	7926	10514	409	47	0.451	2.061E-03	478	531	869	-9224	-9063	162	9296	9063
214957097	-1	483	1.441E-134	4	7926	10514	426	243	0.519	7.296E-68	535	782	869	-8987	-8253	735	9020	8214
214957097	-1	483	1.441E-134	4	7926	10514	432	135	0.744	8.662E-34	781	868	869	-8189	-7926	264	8210	7926
218383584	1	172	6.011E-41	2	3682	4269	87	142	0.716	3.876E-36	74	169	228	3682	3972	291	3679	3981
218383584	1	172	6.011E-41	2	3682	4269	94	51	0.724	1.056E-05	192	224	228	4171	4269	99	4165	4272
218760896	1	166	3.847E-39	2	3685	4269	87	136	0.694	6.120E-34	77	171	231	3685	3972	288	3679	3981
218760896	1	166	3.847E-39	2	3685	4269	94	51	0.724	1.056E-05	194	226	231	4171	4269	99	4165	4272
219088077	1	81	1.488E-13	2	4038	4269	91	32	0.658	4.687E+01	31	52	90	4038	4103	66	4017	4103
219088077	1	81	1.488E-13	2	4038	4269	94	48	0.688	9.893E-05	53	85	90	4171	4269	99	4165	4272
231888649	-1	334	1.028E-89	3	8253	11564	369	96	0.387	5.628E-18	133	274	901	-11564	-11145	420	11708	10977
231888649	-1	334	1.028E-89	3	8253	11564	378	161	0.527	1.465E-40	278	436	901	-11070	-10591	480	11109	10462
231888649	-1	334	1.028E-89	3	8253	11564	426	229	0.524	5.901E-63	588	814	901	-8942	-8253	690	9020	8214
233056801	1	168	9.618E-40	2	3682	4272	87	136	0.688	6.120E-34	81	176	235	3682	3972	291	3679	3981
233056801	1	168	9.618E-40	2	3682	4272	94	53	0.726	2.943E-06	199	232	235	4171	4272	102	4165	4272
233120043	1	168	9.618E-40	2	3682	4272	87	136	0.690	4.460E-34	81	176	235	3682	3972	291	3679	3981
233120043	1	168	9.618E-40	2	3682	4272	94	53	0.726	2.943E-06	199	232	235	4171	4272	102	4165	4272
233334472	1	173	3.006E-41	2	3685	4272	87	144	0.729	1.093E-36	73	167	228	3685	3972	288	3679	3981
233334472	1	173	3.006E-41	2	3685	4272	94	50	0.691	2.754E-05	190	223	228	4171	4272	102	4165	4272
233408329	1	181	1.174E-43	2	3685	4272	87	145	0.732	5.807E-37	77	171	232	3685	3972	288	3679	3981
233408329	1	181	1.174E-43	2	3685	4272	94	57	0.781	8.790E-08	194	227	232	4171	4272	102	4165	4272
233447375	-1	405	4.355E-111	3	7926	11070	378	158	0.464	1.803E-39	292	476	918	-11070	-10519	552	11109	10462
233447375	-1	405	4.355E-111	3	7926	11070	426	239	0.531	1.231E-66	600	831	918	-8963	-8253	711	9020	8214
233447375	-1	405	4.355E-111	3	7926	11070	432	131	0.725	2.052E-32	830	917	918	-8189	-7926	264	8210	7926
233554919	-1	444	7.921E-123	4	7926	10514	383	58	0.468	3.489E-07	415	478	873	-10514	-10323	192	10538	10311
233554919	-1	444	7.921E-123	4	7926	10514	409	42	0.413	1.781E-01	490	542	873	-9224	-9066	159	9296	9063
233554919	-1	444	7.921E-123	4	7926	10514	426	230	0.501	2.302E-63	547	786	873	-8987	-8253	735	9020	8214
233554919	-1	444	7.921E-123	4	7926	10514	432	127	0.704	6.673E-31	785	872	873	-8189	-7926	264	8210	7926
233669305	-1	168	9.618E-40	1	8382	8882	426	168	0.528	3.753E-42	0	165	189	-8882	-8382	501	9020	8214
233878324	1	226	3.337E-57	3	3685	4269	87	141	0.717	1.001E-35	49	143	203	3685	3972	288	3679	3981
233878324	1	226	3.337E-57	3	3685	4269	91	33	0.710	1.784E+01	145	165	203	4041	4103	63	4017	4103
233878324	1	226	3.337E-57	3	3685	4269	94	50	0.709	2.754E-05	166	198	203	4171	4269	99	4165	4272
233945352	-1	520	1.048E-145	4	8253	11594	369	125	0.448	1.216E-27	136	287	915	-11594	-11145	450	11708	10977
233945352	-1	520	1.048E-145	4	8253	11594	378	183	0.584	4.628E-48	291	449	915	-11070	-10591	480	11109	10462
233945352	-1	520	1.048E-145	4	8253	11594	383	66	0.533	3.190E-10	452	514	915	-10514	-10326	189	10538	10311
233945352	-1	520	1.048E-145	4	8253	11594	426	213	0.466	2.268E-57	581	828	915	-8999	-8253	747	9020	8214
241376260	-1	267	1.517E-69	2	7926	8840	426	140	0.398	1.496E-32	37	237	324	-8840	-8253	588	9020	8214
241376260	-1	267	1.517E-69	2	7926	8840	432	128	0.709	2.582E-31	236	323	324	-8189	-7926	264	8210	7926
241850489	-1	476	1.844E-132	4	7926	10514	383	62	0.477	1.449E-08	404	470	870	-10514	-10314	201	10538	10311
241850489	-1	476	1.844E-132	4	7926	10514	409	48	0.454	1.499E-03	479	532	870	-9224	-9063	162	9296	9063
241850489	-1	476	1.844E-132	4	7926	10514	426	240	0.514	6.571E-67	536	783	870	-8987	-8253	735	9020	8214
241850489	-1	476	1.844E-132	4	7926	10514	432	135	0.742	1.189E-33	782	869	870	-8189	-7926	264	8210	7926
242188231	-1	486	1.801E-135	4	7926	10514	383	57	0.455	9.064E-07	412	476	878	-10514	-10320	195	10538	10311
242188231	-1	486	1.801E-135	4	7926	10514	409	51	0.479	1.174E-04	487	540	878	-9224	-9063	162	9296	9063
242188231	-1	486	1.801E-135	4	7926	10514	426	250	0.531	2.558E-70	544	791	878	-8987	-8253	735	9020	8214
242188231	-1	486	1.801E-135	4	7926	10514	432	139	0.765	2.665E-35	790	877	878	-8189	-7926	264	8210	7926
244149895	1	57	2.497E-06	1	1601	1867	45	57	0.364	2.148E-05	13	87	172	1601	1867	267	1571	2104
245905662	-1	499	2.199E-139	4	7926	10517	383	66	0.497	6.025E-10	428	495	896	-10517	-10314	204	10538	10311
245905662	-1	499	2.199E-139	4	7926	10517	409	52	0.496	4.518E-05	504	556	896	-9224	-9066	159	9296	9063
245905662	-1	499	2.199E-139	4	7926	10517	426	250	0.528	3.503E-70	561	809	896	-8987	-8253	735	9020	8214
245905662	-1	499	2.199E-139	4	7926	10517	432	141	0.772	7.516E-36	808	895	896	-8189	-7926	264	8210	7926
247554478	1	176	3.757E-42	2	3688	4103	87	143	0.730	2.824E-36	70	163	219	3688	3972	285	3679	3981
247554478	1	176	3.757E-42	2	3688	4103	91	32	0.685	4.687E+01	165	185	219	4041	4103	63	4017	4103
247660140	1	166	3.847E-39	2	3685	4269	87	136	0.696	4.460E-34	67	161	221	3685	3972	288	3679	3981
247660140	1	166	3.847E-39	2	3685	4269	94	51	0.724	1.056E-05	184	216	221	4171	4269	99	4165	4272
247683266	1	171	1.202E-40	2	3685	4269	87	140	0.713	1.885E-35	73	167	245	3685	3972	288	3679	3981
247683266	1	171	1.202E-40	2	3685	4269	94	52	0.735	5.574E-06	190	222	245	4171	4269	99	4165	4272
247684532	1	167	1.924E-39	2	3685	4269	87	139	0.710	3.549E-35	74	168	227	3685	3972	288	3679	3981
247684532	1	167	1.924E-39	2	3685	4269	94	49	0.704	3.791E-05	191	223	227	4171	4269	99	4165	4272
248190385	-1	345	5.021E-93	2	7926	8987	426	227	0.486	2.070E-62	48	295	373	-8987	-8232	756	9020	8214
248190385	-1	345	5.021E-93	2	7926	8987	432	128	0.711	1.881E-31	285	372	373	-8189	-7926	264	8210	7926
248307249	-1	126	4.230E-27	1	7926	8186	432	126	0.707	1.257E-30	27	113	114	-8186	-7926	261	8210	7926
254425127	1	209	4.374E-52	3	3685	4269	87	126	0.676	1.216E-30	73	163	234	3685	3960	276	3679	3981
254425127	1	209	4.374E-52	3	3685	4269	91	33	0.673	2.461E+01	165	186	234	4038	4103	66	4017	4103
254425127	1	209	4.374E-52	3	3685	4269	94	48	0.683	1.362E-04	187	219	234	4171	4269	99	4165	4272
254436857	-1	475	3.689E-132	4	7926	10514	383	64	0.492	2.150E-09	396	462	862	-10514	-10314	201	10538	10311
254436857	-1	475	3.689E-132	4	7926	10514	409	46	0.445	3.896E-03	471	524	862	-9224	-9063	162	9296	9063
254436857	-1	475	3.689E-132	4	7926	10514	426	243	0.533	5.330E-68	536	775	862	-8963	-8253	711	9020	8214
254436857	-1	475	3.689E-132	4	7926	10514	432	139	0.765	2.665E-35	774	861	862	-8189	-7926	264	8210	7926
254900121	1	165	7.694E-39	2	3685	4269	87	137	0.699	2.369E-34	73	167	225	3685	3972	288	3679	3981
254900121	1	165	7.694E-39	2	3685	4269	94	49	0.698	5.219E-05	190	222	225	4171	4269	99	4165	4272
256196127	-1	415	4.253E-114	3	8253	11651	369	119	0.377	1.744E-25	96	278	887	-11651	-11112	540	11708	10977
256196127	-1	415	4.253E-114	3	8253	11651	378	172	0.496	2.233E-44	271	453	887	-11070	-10516	555	11109	10462
256196127	-1	415	4.253E-114	3	8253	11651	426	235	0.505	5.326E-65	559	800	887	-8993	-8253	741	9020	8214
257781383	1	161	1.231E-37	2	3685	4269	87	134	0.687	2.170E-33	76	170	230	3685	3972	288	3679	3981
257781383	1	161	1.231E-37	2	3685	4269	94	48	0.683	1.362E-04	193	225	230	4171	4269	99	4165	4272
262040512	1	168	9.618E-40	2	3685	4269	87	136	0.692	8.398E-34	77	171	249	3685	3972	288	3679	3981
262040512	1	168	9.618E-40	2	3685	4269	94	53	0.750	2.138E-06	194	226	249	4171	4269	99	4165	4272
262085520	1	168	9.618E-40	2	3685	4269	87	137	0.698	3.251E-34	77	171	249	3685	3972	288	3679	3981
262085520	1	168	9.618E-40	2	3685	4269	94	52	0.740	4.050E-06	194	226	249	4171	4269	99	4165	4272
262098310	1	170	2.404E-40	2	3685	4269	87	141	0.718	7.297E-36	76	170	234	3685	3972	288	3679	3981
262098310	1	170	2.404E-40	2	3685	4269	94	50	0.714	2.001E-05	193	225	234	4171	4269	99	4165	4272
262162537	1	168	9.618E-40	2	3682	4272	87	136	0.690	4.460E-34	81	176	235	3682	3972	291	3679	3981
262162537	1	168	9.618E-40	2	3682	4272	94	53	0.726	2.943E-06	199	232	235	4171	4272	102	4165	4272
262281244	1	179	4.696E-43	2	3685	4269	87	145	0.736	3.085E-37	75	169	233	3685	3972	288	3679	3981
262281244	1	179	4.696E-43	2	3685	4269	94	55	0.771	5.963E-07	192	224	233	4171	4269	99	4165	4272
262321367	1	226	3.337E-57	3	3682	4269	87	142	0.714	5.318E-36	70	166	225	3682	3972	291	3679	3981
262321367	1	226	3.337E-57	3	3682	4269	91	33	0.681	1.784E+01	167	188	225	4038	4103	66	4017	4103
262321367	1	226	3.337E-57	3	3682	4269	94	49	0.704	3.791E-05	189	221	225	4171	4269	99	4165	4272
262751541	-1	489	2.251E-136	4	7926	10514	383	59	0.462	9.772E-08	387	453	853	-10514	-10314	201	10538	10311
262751541	-1	489	2.251E-136	4	7926	10514	409	47	0.448	2.834E-03	462	515	853	-9224	-9063	162	9296	9063
262751541	-1	489	2.251E-136	4	7926	10514	426	253	0.535	2.838E-71	519	766	853	-8987	-8253	735	9020	8214
262751541	-1	489	2.251E-136	4	7926	10514	432	139	0.763	3.657E-35	765	852	853	-8189	-7926	264	8210	7926
263008734	-1	501	5.496E-140	4	7926	10517	383	67	0.507	1.689E-10	425	492	892	-10517	-10314	204	10538	10311
263008734	-1	501	5.496E-140	4	7926	10517	409	46	0.445	7.367E-03	501	553	892	-9224	-9066	159	9296	9063
263008734	-1	501	5.496E-140	4	7926	10517	426	257	0.542	1.226E-72	558	805	892	-8987	-8253	735	9020	8214
263008734	-1	501	5.496E-140	4	7926	10517	432	141	0.772	7.516E-36	804	891	892	-8189	-7926	264	8210	7926
270323623	-1	465	3.777E-129	4	7926	10514	383	63	0.493	4.060E-09	392	457	858	-10514	-10317	198	10538	10311
270323623	-1	465	3.777E-129	4	7926	10514	409	44	0.426	2.634E-02	467	520	858	-9224	-9063	162	9296	9063
270323623	-1	465	3.777E-129	4	7926	10514	426	237	0.519	1.109E-65	531	771	858	-8966	-8253	714	9020	8214
270323623	-1	465	3.777E-129	4	7926	10514	432	138	0.759	6.887E-35	770	857	858	-8189	-7926	264	8210	7926
271645586	-1	674	4.591E-192	5	7926	11567	369	132	0.464	6.158E-30	56	208	825	-11567	-11115	453	11708	10977
271645586	-1	674	4.591E-192	5	7926	11567	378	166	0.541	2.478E-42	202	359	825	-11070	-10591	480	11109	10462
271645586	-1	674	4.591E-192	5	7926	11567	383	63	0.522	5.581E-09	362	422	825	-10514	-10332	183	10538	10311
271645586	-1	674	4.591E-192	5	7926	11567	426	258	0.548	3.490E-73	493	738	825	-8987	-8253	735	9020	8214
271645586	-1	674	4.591E-192	5	7926	11567	432	130	0.721	3.865E-32	737	824	825	-8189	-7926	264	8210	7926
272315848	1	470	1.180E-130	5	3302	4272	75	50	0.846	2.199E-05	4	30	223	3302	3382	81	3299	3394
272315848	1	470	1.180E-130	5	3302	4272	81	81	0.942	3.260E-16	31	70	223	3496	3615	120	3496	3621
272315848	1	470	1.180E-130	5	3302	4272	87	212	1.000	1.908E-60	71	166	223	3685	3972	288	3679	3981
272315848	1	470	1.180E-130	5	3302	4272	91	42	0.863	1.109E-02	167	188	223	4038	4103	66	4017	4103
272315848	1	470	1.180E-130	5	3302	4272	94	79	1.000	2.182E-15	189	222	223	4171	4272	102	4165	4272
272471374	-1	130	2.644E-28	1	7926	8189	432	130	0.717	7.278E-32	77	164	165	-8189	-7926	264	8210	7926
275892364	1	170	2.404E-40	2	3685	4272	87	139	0.710	3.549E-35	76	170	229	3685	3972	288	3679	3981
275892364	1	170	2.404E-40	2	3685	4272	94	52	0.721	4.050E-06	193	226	229	4171	4272	102	4165	4272
276587044	1	227	1.668E-57	3	3682	4269	87	142	0.714	5.318E-36	70	166	225	3682	3972	291	3679	3981
276587044	1	227	1.668E-57	3	3682	4269	91	34	0.713	4.925E+00	167	188	225	4038	4103	66	4017	4103
276587044	1	227	1.668E-57	3	3682	4269	94	49	0.704	3.791E-05	189	221	225	4171	4269	99	4165	4272
276733588	1	162	6.155E-38	2	3682	4269	87	133	0.676	5.606E-33	74	169	238	3682	3972	291	3679	3981
276733588	1	162	6.155E-38	2	3682	4269	94	50	0.714	2.001E-05	192	224	238	4171	4269	99	4165	4272
276735953	1	158	9.848E-37	2	3685	4103	87	130	0.644	9.670E-32	73	172	225	3685	3978	294	3679	3981
276735953	1	158	9.848E-37	2	3685	4103	91	32	0.693	3.396E+01	168	188	225	4041	4103	63	4017	4103
276762274	1	164	1.539E-38	2	3685	4272	87	130	0.646	7.047E-32	68	167	220	3685	3978	294	3679	3981
276762274	1	164	1.539E-38	2	3685	4272	94	49	0.686	3.791E-05	184	217	220	4171	4272	102	4165	4272
276824222	1	168	9.618E-40	2	3682	4269	87	138	0.697	1.258E-34	59	154	216	3682	3972	291	3679	3981
276824222	1	168	9.618E-40	2	3682	4269	94	51	0.719	1.453E-05	177	209	216	4171	4269	99	4165	4272
276844479	1	167	1.924E-39	2	3685	4269	87	139	0.710	3.549E-35	74	168	227	3685	3972	288	3679	3981
276844479	1	167	1.924E-39	2	3685	4269	94	49	0.704	3.791E-05	191	223	227	4171	4269	99	4165	4272
277173451	-1	126	4.230E-27	1	7926	8186	432	126	0.707	1.257E-30	14	100	101	-8186	-7926	261	8210	7926
277180329	-1	444	7.921E-123	4	7926	10514	383	58	0.468	3.489E-07	407	470	865	-10514	-10323	192	10538	10311
277180329	-1	444	7.921E-123	4	7926	10514	409	42	0.413	1.781E-01	482	534	865	-9224	-9066	159	9296	9063
277180329	-1	444	7.921E-123	4	7926	10514	426	230	0.501	2.302E-63	539	778	865	-8987	-8253	735	9020	8214
277180329	-1	444	7.921E-123	4	7926	10514	432	127	0.704	6.673E-31	777	864	865	-8189	-7926	264	8210	7926
277192595	-1	174	1.503E-41	1	8268	8837	426	174	0.489	4.742E-44	0	187	289	-8837	-8268	570	9020	8214
277349598	-1	475	3.689E-132	4	7926	10514	383	69	0.525	3.447E-11	389	455	855	-10514	-10314	201	10538	10311
277349598	-1	475	3.689E-132	4	7926	10514	409	44	0.426	2.634E-02	464	517	855	-9224	-9063	162	9296	9063
277349598	-1	475	3.689E-132	4	7926	10514	426	239	0.524	2.307E-66	529	768	855	-8963	-8253	711	9020	8214
277349598	-1	475	3.689E-132	4	7926	10514	432	140	0.766	1.942E-35	767	854	855	-8189	-7926	264	8210	7926
284043565	1	166	3.847E-39	2	3685	4269	87	137	0.698	3.251E-34	77	171	231	3685	3972	288	3679	3981
284043565	1	166	3.847E-39	2	3685	4269	94	50	0.714	2.001E-05	194	226	231	4171	4269	99	4165	4272
285801203	-1	498	4.397E-139	4	7926	10517	383	64	0.487	2.150E-09	429	496	896	-10517	-10314	204	10538	10311
285801203	-1	498	4.397E-139	4	7926	10517	409	46	0.445	7.367E-03	505	557	896	-9224	-9066	159	9296	9063
285801203	-1	498	4.397E-139	4	7926	10517	426	257	0.543	8.956E-73	562	809	896	-8987	-8253	735	9020	8214
285801203	-1	498	4.397E-139	4	7926	10517	432	141	0.774	5.477E-36	808	895	896	-8189	-7926	264	8210	7926
287597883	-1	665	2.350E-189	5	7926	11618	369	121	0.426	1.989E-26	190	347	976	-11618	-11145	474	11708	10977
287597883	-1	665	2.350E-189	5	7926	11618	378	179	0.570	1.467E-46	351	509	976	-11070	-10588	483	11109	10462
287597883	-1	665	2.350E-189	5	7926	11618	409	55	0.517	2.577E-06	586	639	976	-9224	-9063	162	9296	9063
287597883	-1	665	2.350E-189	5	7926	11618	426	246	0.518	8.099E-69	639	889	976	-8999	-8253	747	9020	8214
287597883	-1	665	2.350E-189	5	7926	11618	432	140	0.768	1.415E-35	888	975	976	-8189	-7926	264	8210	7926
291062511	1	150	2.521E-34	2	3685	4269	87	130	0.717	9.670E-32	71	157	223	3685	3948	264	3679	3981
291062511	1	150	2.521E-34	2	3685	4269	94	47	0.673	2.582E-04	186	218	223	4171	4269	99	4165	4272
291298428	1	172	6.011E-41	2	3682	4269	87	138	0.695	1.726E-34	72	167	225	3682	3972	291	3679	3981
291298428	1	172	6.011E-41	2	3682	4269	94	55	0.771	5.963E-07	190	222	225	4171	4269	99	4165	4272
291601699	1	231	1.043E-58	3	3682	4269	87	147	0.735	1.194E-37	68	163	225	3682	3972	291	3679	3981
291601699	1	231	1.043E-58	3	3682	4269	91	34	0.726	9.370E+00	165	185	225	4041	4103	63	4017	4103
291601699	1	231	1.043E-58	3	3682	4269	94	48	0.678	1.875E-04	186	218	225	4171	4269	99	4165	4272
291757331	-1	96	4.542E-18	1	11325	11609	369	96	0.514	7.651E-18	43	139	145	-11609	-11325	285	11708	10977
291854810	-1	477	9.221E-133	4	7926	10517	383	63	0.482	4.060E-09	421	488	888	-10517	-10314	204	10538	10311
291854810	-1	477	9.221E-133	4	7926	10517	409	44	0.435	1.915E-02	497	549	888	-9224	-9066	159	9296	9063
291854810	-1	477	9.221E-133	4	7926	10517	426	248	0.539	1.684E-69	561	801	888	-8966	-8253	714	9020	8214
291854810	-1	477	9.221E-133	4	7926	10517	432	139	0.763	3.657E-35	800	887	888	-8189	-7926	264	8210	7926
292075549	-1	91	1.453E-16	1	11097	11495	369	91	0.377	5.592E-16	2	139	157	-11495	-11097	399	11708	10977
292099094	-1	484	7.204E-135	4	7926	10514	383	65	0.512	8.281E-10	387	451	853	-10514	-10320	195	10538	10311
292099094	-1	484	7.204E-135	4	7926	10514	409	48	0.460	7.929E-04	462	515	853	-9224	-9063	162	9296	9063
292099094	-1	484	7.204E-135	4	7926	10514	426	246	0.527	5.916E-69	521	766	853	-8981	-8253	729	9020	8214
292099094	-1	484	7.204E-135	4	7926	10514	432	138	0.757	9.451E-35	765	852	853	-8189	-7926	264	8210	7926
298894237	-1	744	3.889E-213	6	7926	11441	369	76	0.421	3.201E-11	0	98	727	-11441	-11145	297	11708	10977
298894237	-1	744	3.889E-213	6	7926	11441	378	178	0.569	2.008E-46	102	260	727	-11070	-10588	483	11109	10462
298894237	-1	744	3.889E-213	6	7926	11441	383	57	0.442	6.593E-07	261	328	727	-10517	-10314	204	10538	10311
298894237	-1	744	3.889E-213	6	7926	11441	409	55	0.510	4.869E-06	337	390	727	-9224	-9063	162	9296	9063
298894237	-1	744	3.889E-213	6	7926	11441	426	243	0.514	7.296E-68	390	640	727	-8999	-8253	747	9020	8214
298894237	-1	744	3.889E-213	6	7926	11441	432	141	0.772	7.516E-36	639	726	727	-8189	-7926	264	8210	7926
299532250	-1	485	3.602E-135	4	7926	10514	383	67	0.513	1.689E-10	403	469	869	-10514	-10314	201	10538	10311
299532250	-1	485	3.602E-135	4	7926	10514	409	48	0.454	1.499E-03	478	531	869	-9224	-9063	162	9296	9063
299532250	-1	485	3.602E-135	4	7926	10514	426	244	0.520	3.894E-68	535	782	869	-8987	-8253	735	9020	8214
299532250	-1	485	3.602E-135	4	7926	10514	432	135	0.742	1.189E-33	781	868	869	-8189	-7926	264	8210	7926
301576561	1	176	3.757E-42	3	3302	4269	75	38	0.655	3.264E-01	17	43	241	3302	3382	81	3299	3394
301576561	1	176	3.757E-42	3	3302	4269	87	145	0.736	3.085E-37	82	176	241	3685	3972	288	3679	3981
301576561	1	176	3.757E-42	3	3302	4269	94	51	0.724	1.056E-05	199	231	241	4171	4269	99	4165	4272
302693724	-1	387	1.142E-105	2	7926	8993	426	253	0.534	2.073E-71	191	439	526	-8993	-8253	741	9020	8214
302693724	-1	387	1.142E-105	2	7926	8993	432	135	0.744	8.662E-34	438	525	526	-8189	-7926	264	8210	7926
302703215	-1	499	2.199E-139	4	7926	10517	383	67	0.504	2.322E-10	434	501	902	-10517	-10314	204	10538	10311
302703215	-1	499	2.199E-139	4	7926	10517	409	50	0.483	1.614E-04	510	562	902	-9224	-9066	159	9296	9063
302703215	-1	499	2.199E-139	4	7926	10517	426	251	0.530	1.365E-70	567	815	902	-8987	-8253	735	9020	8214
302703215	-1	499	2.199E-139	4	7926	10517	432	141	0.772	7.516E-36	814	901	902	-8189	-7926	264	8210	7926
305377762	1	154	1.576E-35	2	3685	4272	87	124	0.665	8.118E-30	52	142	213	3685	3960	276	3679	3981
305377762	1	154	1.576E-35	2	3685	4272	94	52	0.721	4.050E-06	166	199	213	4171	4272	102	4165	4272
305626437	1	169	4.809E-40	2	3682	4272	87	139	0.704	3.549E-35	72	167	226	3682	3972	291	3679	3981
305626437	1	169	4.809E-40	2	3682	4272	94	51	0.701	1.453E-05	190	223	226	4171	4272	102	4165	4272
305951121	1	174	1.503E-41	2	3685	4269	87	145	0.732	5.807E-37	75	169	233	3685	3972	288	3679	3981
305951121	1	174	1.503E-41	2	3685	4269	94	50	0.709	2.754E-05	192	224	233	4171	4269	99	4165	4272
306552061	1	196	3.583E-48	3	3685	4269	87	120	0.669	2.638E-28	112	198	264	3685	3948	264	3679	3981
306552061	1	196	3.583E-48	3	3685	4269	91	33	0.689	1.293E+01	206	227	264	4038	4103	66	4017	4103
306552061	1	196	3.583E-48	3	3685	4269	94	48	0.688	9.893E-05	228	260	264	4171	4269	99	4165	4272
306634415	-1	501	5.496E-140	4	7926	10517	383	67	0.507	1.689E-10	429	496	896	-10517	-10314	204	10538	10311
306634415	-1	501	5.496E-140	4	7926	10517	409	46	0.445	7.367E-03	505	557	896	-9224	-9066	159	9296	9063
306634415	-1	501	5.496E-140	4	7926	10517	426	257	0.542	1.226E-72	562	809	896	-8987	-8253	735	9020	8214
306634415	-1	501	5.496E-140	4	7926	10517	432	141	0.774	5.477E-36	808	895	896	-8189	-7926	264	8210	7926
314888522	1	168	9.618E-40	2	3682	4272	87	136	0.690	4.460E-34	81	176	235	3682	3972	291	3679	3981
314888522	1	168	9.618E-40	2	3682	4272	94	53	0.726	2.943E-06	199	232	235	4171	4272	102	4165	4272
315911244	1	89	5.813E-16	2	4041	4269	91	33	0.701	2.461E+01	48	68	105	4041	4103	63	4017	4103
315911244	1	89	5.813E-16	2	4041	4269	94	55	0.771	5.963E-07	69	101	105	4171	4269	99	4165	4272
316038466	-1	486	1.801E-135	4	7926	10514	383	57	0.455	9.064E-07	408	472	874	-10514	-10320	195	10538	10311
316038466	-1	486	1.801E-135	4	7926	10514	409	51	0.479	1.174E-04	483	536	874	-9224	-9063	162	9296	9063
316038466	-1	486	1.801E-135	4	7926	10514	426	250	0.531	2.558E-70	540	787	874	-8987	-8253	735	9020	8214
316038466	-1	486	1.801E-135	4	7926	10514	432	139	0.765	2.665E-35	786	873	874	-8189	-7926	264	8210	7926
319442513	-1	357	1.226E-96	2	7926	8993	426	225	0.488	9.938E-62	63	310	397	-8993	-8253	741	9020	8214
319442513	-1	357	1.226E-96	2	7926	8993	432	133	0.734	4.216E-33	309	396	397	-8189	-7926	264	8210	7926
320189614	1	170	2.404E-40	2	3685	4269	87	139	0.706	6.682E-35	77	171	249	3685	3972	288	3679	3981
320189614	1	170	2.404E-40	2	3685	4269	94	52	0.740	4.050E-06	194	226	249	4171	4269	99	4165	4272
320347647	1	181	1.174E-43	2	3682	4103	87	146	0.731	2.248E-37	70	166	214	3682	3972	291	3679	3981
320347647	1	181	1.174E-43	2	3682	4103	91	34	0.713	4.925E+00	167	188	214	4038	4103	66	4017	4103
320467839	1	185	7.338E-45	2	3682	4103	87	151	0.754	3.680E-39	72	168	207	3682	3972	291	3679	3981
320467839	1	185	7.338E-45	2	3682	4103	91	33	0.689	1.293E+01	169	190	207	4038	4103	66	4017	4103
320495325	1	162	6.155E-38	3	3314	4103	75	39	0.776	1.246E-01	7	29	219	3314	3382	69	3299	3394
320495325	1	162	6.155E-38	3	3314	4103	87	136	0.669	8.398E-34	68	167	219	3685	3978	294	3679	3981
320495325	1	162	6.155E-38	3	3314	4103	91	33	0.584	2.461E+01	158	183	219	4026	4103	78	4017	4103
320497047	1	165	7.694E-39	2	3685	4272	87	127	0.645	6.457E-31	74	171	234	3685	3978	294	3679	3981
320497047	1	165	7.694E-39	2	3685	4272	94	53	0.731	2.138E-06	188	221	234	4171	4272	102	4165	4272
320552792	1	168	9.618E-40	2	3682	4272	87	136	0.688	6.120E-34	80	175	234	3682	3972	291	3679	3981
320552792	1	168	9.618E-40	2	3682	4272	94	53	0.726	2.943E-06	198	231	234	4171	4272	102	4165	4272
320639067	1	164	1.539E-38	2	3685	4269	87	135	0.689	1.581E-33	76	170	257	3685	3972	288	3679	3981
320639067	1	164	1.539E-38	2	3685	4269	94	50	0.709	2.754E-05	193	225	257	4171	4269	99	4165	4272
320686741	-1	501	5.496E-140	4	7926	10517	383	67	0.507	1.689E-10	429	496	896	-10517	-10314	204	10538	10311
320686741	-1	501	5.496E-140	4	7926	10517	409	46	0.445	7.367E-03	505	557	896	-9224	-9066	159	9296	9063
320686741	-1	501	5.496E-140	4	7926	10517	426	257	0.542	1.226E-72	562	809	896	-8987	-8253	735	9020	8214
320686741	-1	501	5.496E-140	4	7926	10517	432	141	0.772	7.516E-36	808	895	896	-8189	-7926	264	8210	7926
320839949	-1	61	1.561E-07	1	10311	10514	383	61	0.465	3.763E-08	10	77	127	-10514	-10311	204	10538	10311
321081235	-1	472	2.951E-131	4	7926	10514	383	64	0.490	2.954E-09	391	457	857	-10514	-10314	201	10538	10311
321081235	-1	472	2.951E-131	4	7926	10514	409	50	0.476	1.614E-04	466	519	857	-9224	-9063	162	9296	9063
321081235	-1	472	2.951E-131	4	7926	10514	426	236	0.520	1.517E-65	531	770	857	-8963	-8253	711	9020	8214
321081235	-1	472	2.951E-131	4	7926	10514	432	139	0.761	5.019E-35	769	856	857	-8189	-7926	264	8210	7926
330936163	1	228	8.342E-58	3	3685	4269	87	141	0.715	1.374E-35	84	178	237	3685	3972	288	3679	3981
330936163	1	228	8.342E-58	3	3685	4269	91	36	0.737	1.878E+00	179	200	237	4038	4103	66	4017	4103
330936163	1	228	8.342E-58	3	3685	4269	94	49	0.704	3.791E-05	201	233	237	4171	4269	99	4165	4272
332394860	-1	498	4.397E-139	4	7926	10517	383	64	0.487	2.150E-09	425	492	892	-10517	-10314	204	10538	10311
332394860	-1	498	4.397E-139	4	7926	10517	409	46	0.445	7.367E-03	501	553	892	-9224	-9066	159	9296	9063
332394860	-1	498	4.397E-139	4	7926	10517	426	257	0.542	1.226E-72	558	805	892	-8987	-8253	735	9020	8214
332394860	-1	498	4.397E-139	4	7926	10517	432	141	0.772	7.516E-36	804	891	892	-8189	-7926	264	8210	7926
334839321	1	182	5.870E-44	2	3685	4269	87	149	0.750	2.455E-38	74	168	227	3685	3972	288	3679	3981
334839321	1	182	5.870E-44	2	3685	4269	94	54	0.760	1.129E-06	191	223	227	4171	4269	99	4165	4272
334889214	1	233	2.607E-59	3	3682	4269	87	146	0.731	2.248E-37	70	166	225	3682	3972	291	3679	3981
334889214	1	233	2.607E-59	3	3682	4269	91	34	0.713	4.925E+00	167	188	225	4038	4103	66	4017	4103
334889214	1	233	2.607E-59	3	3682	4269	94	51	0.724	1.056E-05	189	221	225	4171	4269	99	4165	4272
335326200	-1	501	5.496E-140	4	8253	11564	369	105	0.401	6.444E-21	62	209	829	-11564	-11124	441	11708	10977
335326200	-1	501	5.496E-140	4	8253	11564	378	186	0.592	5.129E-49	206	363	829	-11070	-10591	480	11109	10462
335326200	-1	501	5.496E-140	4	8253	11564	383	61	0.470	3.763E-08	366	432	829	-10514	-10314	201	10538	10311
335326200	-1	501	5.496E-140	4	8253	11564	426	214	0.469	4.731E-58	496	742	829	-8999	-8253	747	9020	8214
335382158	-1	63	3.901E-08	1	10317	10514	383	63	0.493	4.060E-09	10	75	118	-10514	-10317	198	10538	10311
335402870	1	250	1.989E-64	3	3685	4272	87	158	0.790	1.700E-41	70	164	224	3685	3972	288	3679	3981
335402870	1	250	1.989E-64	3	3685	4272	91	34	0.705	6.793E+00	165	186	224	4038	4103	66	4017	4103
335402870	1	250	1.989E-64	3	3685	4272	94	56	0.771	1.664E-07	187	220	224	4171	4272	102	4165	4272
335480266	-1	384	9.132E-105	3	8253	11070	378	178	0.572	2.008E-46	198	355	822	-11070	-10591	480	11109	10462
335480266	-1	384	9.132E-105	3	8253	11070	383	63	0.509	5.581E-09	358	420	822	-10514	-10326	189	10538	10311
335480266	-1	384	9.132E-105	3	8253	11070	426	214	0.474	6.473E-58	492	735	822	-8987	-8253	735	9020	8214
335669239	1	181	1.174E-43	2	3682	4103	87	147	0.735	1.194E-37	68	163	225	3682	3972	291	3679	3981
335669239	1	181	1.174E-43	2	3682	4103	91	33	0.701	2.461E+01	165	185	225	4041	4103	63	4017	4103
346433239	-1	964	2.308E-279	6	7926	11609	369	184	0.583	3.991E-48	98	259	883	-11609	-11124	486	11708	10977
346433239	-1	964	2.308E-279	6	7926	11609	378	172	0.555	3.057E-44	256	415	883	-11070	-10591	480	11109	10462
346433239	-1	964	2.308E-279	6	7926	11609	383	87	0.630	2.141E-17	418	485	883	-10514	-10311	204	10538	10311
346433239	-1	964	2.308E-279	6	7926	11609	409	60	0.551	7.788E-08	493	546	883	-9224	-9063	162	9296	9063
346433239	-1	964	2.308E-279	6	7926	11609	426	317	0.642	2.135E-93	548	796	883	-8993	-8253	741	9020	8214
346433239	-1	964	2.308E-279	6	7926	11609	432	151	0.822	2.009E-39	795	882	883	-8189	-7926	264	8210	7926
347201996	1	228	8.342E-58	3	3682	4272	87	141	0.712	7.297E-36	76	171	232	3682	3972	291	3679	3981
347201996	1	228	8.342E-58	3	3682	4272	91	32	0.685	4.687E+01	173	193	232	4041	4103	63	4017	4103
347201996	1	228	8.342E-58	3	3682	4272	94	53	0.736	1.554E-06	194	227	232	4171	4272	102	4165	4272
349274811	1	172	6.011E-41	2	3682	4272	87	141	0.710	1.001E-35	78	173	232	3682	3972	291	3679	3981
349274811	1	172	6.011E-41	2	3682	4272	94	52	0.716	5.574E-06	196	229	232	4171	4272	102	4165	4272
349708029	1	173	3.006E-41	2	3685	4269	87	145	0.732	5.807E-37	74	168	232	3685	3972	288	3679	3981
349708029	1	173	3.006E-41	2	3685	4269	94	49	0.698	5.219E-05	191	223	232	4171	4269	99	4165	4272
349783853	1	229	4.171E-58	3	3685	4269	87	144	0.731	7.968E-37	68	162	224	3685	3972	288	3679	3981
349783853	1	229	4.171E-58	3	3685	4269	91	33	0.710	1.784E+01	164	184	224	4041	4103	63	4017	4103
349783853	1	229	4.171E-58	3	3685	4269	94	50	0.709	2.754E-05	185	217	224	4171	4269	99	4165	4272
358675112	-1	481	5.763E-134	4	7926	10517	383	68	0.514	6.510E-11	421	488	888	-10517	-10314	204	10538	10311
358675112	-1	481	5.763E-134	4	7926	10517	409	44	0.432	2.634E-02	497	549	888	-9224	-9066	159	9296	9063
358675112	-1	481	5.763E-134	4	7926	10517	426	247	0.538	2.306E-69	561	801	888	-8966	-8253	714	9020	8214
358675112	-1	481	5.763E-134	4	7926	10517	432	139	0.763	3.657E-35	800	887	888	-8189	-7926	264	8210	7926
363810379	1	162	6.155E-38	2	3685	4269	87	133	0.680	7.693E-33	76	170	248	3685	3972	288	3679	3981
363810379	1	162	6.155E-38	2	3685	4269	94	50	0.714	2.001E-05	193	225	248	4171	4269	99	4165	4272
363851692	1	170	2.404E-40	2	3685	4272	87	139	0.710	3.549E-35	76	170	229	3685	3972	288	3679	3981
363851692	1	170	2.404E-40	2	3685	4272	94	52	0.721	4.050E-06	193	226	229	4171	4272	102	4165	4272
363906908	1	162	6.155E-38	2	3685	4269	87	134	0.684	4.086E-33	77	171	231	3685	3972	288	3679	3981
363906908	1	162	6.155E-38	2	3685	4269	94	49	0.704	3.791E-05	194	226	231	4171	4269	99	4165	4272
363969132	1	187	1.834E-45	2	3682	4103	87	150	0.750	6.927E-39	72	168	227	3682	3972	291	3679	3981
363969132	1	187	1.834E-45	2	3682	4103	91	36	0.737	1.878E+00	169	190	227	4038	4103	66	4017	4103
364049670	1	167	1.924E-39	2	3682	4269	87	138	0.697	1.258E-34	74	169	228	3682	3972	291	3679	3981
364049670	1	167	1.924E-39	2	3682	4269	94	50	0.714	2.001E-05	192	224	228	4171	4269	99	4165	4272
364152826	1	171	1.202E-40	2	3709	4103	87	134	0.736	4.086E-33	19	106	175	3709	3972	264	3679	3981
364152826	1	171	1.202E-40	2	3709	4103	91	36	0.737	1.878E+00	107	128	175	4038	4103	66	4017	4103
364371809	-1	210	2.187E-52	1	8277	8987	426	210	0.478	2.035E-56	38	271	273	-8987	-8277	711	9020	8214
364428234	1	231	1.043E-58	3	3682	4269	87	147	0.735	1.194E-37	49	144	204	3682	3972	291	3679	3981
364428234	1	231	1.043E-58	3	3682	4269	91	34	0.726	9.370E+00	146	166	204	4041	4103	63	4017	4103
364428234	1	231	1.043E-58	3	3682	4269	94	48	0.678	1.875E-04	167	199	204	4171	4269	99	4165	4272
364495680	-1	485	3.602E-135	4	7926	10514	383	70	0.533	1.329E-11	403	469	869	-10514	-10314	201	10538	10311
364495680	-1	485	3.602E-135	4	7926	10514	409	46	0.445	7.367E-03	478	530	869	-9224	-9066	159	9296	9063
364495680	-1	485	3.602E-135	4	7926	10514	426	244	0.520	3.894E-68	535	782	869	-8987	-8253	735	9020	8214
364495680	-1	485	3.602E-135	4	7926	10514	432	135	0.744	8.662E-34	781	868	869	-8189	-7926	264	8210	7926
364552468	-1	121	1.354E-25	1	8241	8708	426	121	0.418	7.891E-26	0	160	230	-8708	-8241	468	9020	8214
364711049	-1	111	1.386E-22	1	8253	8591	426	111	0.514	9.407E-23	4	116	203	-8591	-8253	339	9020	8214
373122262	1	164	1.539E-38	2	3685	4272	87	133	0.682	5.606E-33	77	171	243	3685	3972	288	3679	3981
373122262	1	164	1.539E-38	2	3685	4272	94	52	0.716	5.574E-06	194	227	243	4171	4272	102	4165	4272
374869337	-1	471	5.902E-131	4	7926	10514	383	64	0.490	2.954E-09	391	457	857	-10514	-10314	201	10538	10311
374869337	-1	471	5.902E-131	4	7926	10514	409	49	0.464	5.767E-04	466	519	857	-9224	-9063	162	9296	9063
374869337	-1	471	5.902E-131	4	7926	10514	426	236	0.520	1.517E-65	531	770	857	-8963	-8253	711	9020	8214
374869337	-1	471	5.902E-131	4	7926	10514	432	139	0.765	2.665E-35	769	856	857	-8189	-7926	264	8210	7926
375075577	1	168	9.618E-40	2	3682	4272	87	136	0.690	4.460E-34	80	175	234	3682	3972	291	3679	3981
375075577	1	168	9.618E-40	2	3682	4272	94	53	0.726	2.943E-06	198	231	234	4171	4272	102	4165	4272
376619304	-1	528	4.095E-148	5	7926	11645	369	175	0.521	1.008E-44	112	287	910	-11645	-11124	522	11708	10977
376619304	-1	528	4.095E-148	5	7926	11645	383	64	0.492	2.150E-09	445	511	910	-10514	-10314	201	10538	10311
376619304	-1	528	4.095E-148	5	7926	11645	409	53	0.505	1.739E-05	520	572	910	-9224	-9066	159	9296	9063
376619304	-1	528	4.095E-148	5	7926	11645	426	254	0.535	1.514E-71	575	823	910	-8993	-8253	741	9020	8214
376619304	-1	528	4.095E-148	5	7926	11645	432	145	0.789	4.357E-37	822	909	910	-8189	-7926	264	8210	7926
378711609	1	169	4.809E-40	2	3682	4269	87	139	0.700	6.682E-35	68	163	219	3682	3972	291	3679	3981
378711609	1	169	4.809E-40	2	3682	4269	94	51	0.729	7.671E-06	186	218	219	4171	4269	99	4165	4272
378867349	1	229	4.171E-58	3	3685	4269	87	144	0.731	7.968E-37	68	162	224	3685	3972	288	3679	3981
378867349	1	229	4.171E-58	3	3685	4269	91	33	0.718	1.293E+01	164	184	224	4041	4103	63	4017	4103
378867349	1	229	4.171E-58	3	3685	4269	94	50	0.709	2.754E-05	185	217	224	4171	4269	99	4165	4272
379090002	-1	489	2.251E-136	4	7926	10514	383	57	0.445	9.064E-07	385	451	851	-10514	-10314	201	10538	10311
379090002	-1	489	2.251E-136	4	7926	10514	409	50	0.473	2.219E-04	460	513	851	-9224	-9063	162	9296	9063
379090002	-1	489	2.251E-136	4	7926	10514	426	252	0.534	5.319E-71	517	764	851	-8987	-8253	735	9020	8214
379090002	-1	489	2.251E-136	4	7926	10514	432	139	0.761	5.019E-35	763	850	851	-8189	-7926	264	8210	7926
379376633	1	233	2.607E-59	3	3682	4269	87	150	0.748	9.505E-39	73	168	229	3682	3972	291	3679	3981
379376633	1	233	2.607E-59	3	3682	4269	91	33	0.681	1.784E+01	169	190	229	4038	4103	66	4017	4103
379376633	1	233	2.607E-59	3	3682	4269	94	48	0.683	1.362E-04	191	223	229	4171	4269	99	4165	4272
391650812	1	249	3.978E-64	3	3685	4269	87	156	0.783	6.025E-41	69	163	223	3685	3972	288	3679	3981
391650812	1	249	3.978E-64	3	3685	4269	91	36	0.737	1.878E+00	164	185	223	4038	4103	66	4017	4103
391650812	1	249	3.978E-64	3	3685	4269	94	55	0.771	5.963E-07	186	218	223	4171	4269	99	4165	4272
392906310	1	169	4.809E-40	2	3685	4269	87	141	0.718	7.297E-36	74	168	227	3685	3972	288	3679	3981
392906310	1	169	4.809E-40	2	3685	4269	94	49	0.704	3.791E-05	191	223	227	4171	4269	99	4165	4272
393055783	1	229	4.171E-58	4	3302	4269	75	37	0.552	8.554E-01	1	32	225	3302	3382	81	3299	3394
393055783	1	229	4.171E-58	4	3302	4269	87	141	0.710	1.001E-35	70	166	225	3682	3972	291	3679	3981
393055783	1	229	4.171E-58	4	3302	4269	91	35	0.729	2.589E+00	167	188	225	4038	4103	66	4017	4103
393055783	1	229	4.171E-58	4	3302	4269	94	49	0.698	5.219E-05	189	221	225	4171	4269	99	4165	4272
393439517	1	144	1.614E-32	1	3685	3972	87	144	0.729	1.093E-36	46	140	159	3685	3972	288	3679	3981
393508419	-1	128	1.057E-27	1	7926	8189	432	128	0.709	2.582E-31	65	152	153	-8189	-7926	264	8210	7926
393665855	-1	482	2.882E-134	4	7926	10514	383	58	0.455	2.538E-07	386	452	852	-10514	-10314	201	10538	10311
393665855	-1	482	2.882E-134	4	7926	10514	409	47	0.451	2.061E-03	461	514	852	-9224	-9063	162	9296	9063
393665855	-1	482	2.882E-134	4	7926	10514	426	252	0.535	3.885E-71	518	765	852	-8987	-8253	735	9020	8214
393665855	-1	482	2.882E-134	4	7926	10514	432	134	0.738	2.239E-33	764	851	852	-8189	-7926	264	8210	7926
393835447	1	229	4.171E-58	3	3685	4269	87	144	0.731	7.968E-37	49	143	203	3685	3972	288	3679	3981
393835447	1	229	4.171E-58	3	3685	4269	91	33	0.710	1.784E+01	145	165	203	4041	4103	63	4017	4103
393835447	1	229	4.171E-58	3	3685	4269	94	50	0.709	2.754E-05	166	198	203	4171	4269	99	4165	4272
393835740	1	173	3.006E-41	2	3685	4269	87	144	0.731	7.968E-37	49	143	203	3685	3972	288	3679	3981
393835740	1	173	3.006E-41	2	3685	4269	94	50	0.709	2.754E-05	166	198	203	4171	4269	99	4165	4272
393835834	1	228	8.342E-58	3	3685	4269	87	144	0.731	7.968E-37	49	143	203	3685	3972	288	3679	3981
393835834	1	228	8.342E-58	3	3685	4269	91	33	0.710	1.784E+01	145	165	203	4041	4103	63	4017	4103
393835834	1	228	8.342E-58	3	3685	4269	94	49	0.698	5.219E-05	166	198	203	4171	4269	99	4165	4272
393924938	-1	490	1.126E-136	4	7926	10514	383	61	0.472	2.737E-08	398	464	862	-10514	-10314	201	10538	10311
393924938	-1	490	1.126E-136	4	7926	10514	409	49	0.368	5.767E-04	453	526	862	-9275	-9063	213	9296	9063
393924938	-1	490	1.126E-136	4	7926	10514	426	257	0.546	1.226E-72	530	775	862	-8987	-8253	735	9020	8214
393924938	-1	490	1.126E-136	4	7926	10514	432	136	0.746	6.312E-34	774	861	862	-8189	-7926	264	8210	7926
400271771	-1	774	3.622E-222	6	7926	11648	369	126	0.419	4.788E-28	100	266	894	-11648	-11145	504	11708	10977
400271771	-1	774	3.622E-222	6	7926	11648	378	169	0.571	2.753E-43	278	427	894	-11046	-10591	456	11109	10462
400271771	-1	774	3.622E-222	6	7926	11648	383	68	0.530	8.946E-11	430	494	894	-10514	-10320	195	10538	10311
400271771	-1	774	3.622E-222	6	7926	11648	409	42	0.414	9.417E-02	504	557	894	-9224	-9063	162	9296	9063
400271771	-1	774	3.622E-222	6	7926	11648	426	252	0.536	5.319E-71	561	807	894	-8987	-8253	735	9020	8214
400271771	-1	774	3.622E-222	6	7926	11648	432	136	0.746	6.312E-34	806	893	894	-8189	-7926	264	8210	7926
400960745	1	227	1.668E-57	3	3685	4269	87	141	0.715	1.374E-35	84	178	237	3685	3972	288	3679	3981
400960745	1	227	1.668E-57	3	3685	4269	91	35	0.729	2.589E+00	179	200	237	4038	4103	66	4017	4103
400960745	1	227	1.668E-57	3	3685	4269	94	49	0.704	3.791E-05	201	233	237	4171	4269	99	4165	4272
405595535	-1	487	9.005E-136	4	7926	10514	383	70	0.533	1.329E-11	403	469	869	-10514	-10314	201	10538	10311
405595535	-1	487	9.005E-136	4	7926	10514	409	48	0.457	1.090E-03	478	531	869	-9224	-9063	162	9296	9063
405595535	-1	487	9.005E-136	4	7926	10514	426	243	0.519	7.296E-68	535	782	869	-8987	-8253	735	9020	8214
405595535	-1	487	9.005E-136	4	7926	10514	432	135	0.742	1.189E-33	781	868	869	-8189	-7926	264	8210	7926
407412540	1	169	4.809E-40	2	3682	4269	87	137	0.693	2.369E-34	69	164	222	3682	3972	291	3679	3981
407412540	1	169	4.809E-40	2	3682	4269	94	53	0.750	2.138E-06	187	219	222	4171	4269	99	4165	4272
407585147	1	171	1.202E-40	2	3682	4272	87	139	0.684	4.870E-35	78	177	239	3682	3972	291	3679	3981
407585147	1	171	1.202E-40	2	3682	4272	94	53	0.731	2.138E-06	200	233	239	4171	4272	102	4165	4272
407597886	1	186	3.669E-45	2	3682	4103	87	151	0.752	5.049E-39	72	168	227	3682	3972	291	3679	3981
407597886	1	186	3.669E-45	2	3682	4103	91	34	0.713	4.925E+00	169	190	227	4038	4103	66	4017	4103
407670644	1	168	9.618E-40	2	3685	4269	87	136	0.692	8.398E-34	77	171	249	3685	3972	288	3679	3981
407670644	1	168	9.618E-40	2	3685	4269	94	53	0.750	2.138E-06	194	226	249	4171	4269	99	4165	4272
407765860	1	167	1.924E-39	2	3685	4272	87	137	0.698	3.251E-34	78	172	231	3685	3972	288	3679	3981
407765860	1	167	1.924E-39	2	3685	4272	94	51	0.711	7.671E-06	195	228	231	4171	4272	102	4165	4272
407816908	1	170	2.404E-40	2	3682	4269	87	138	0.698	9.169E-35	72	167	225	3682	3972	291	3679	3981
407816908	1	170	2.404E-40	2	3682	4269	94	53	0.750	2.138E-06	190	222	225	4171	4269	99	4165	4272
407947392	1	151	1.261E-34	2	3685	4103	87	118	0.614	1.284E-27	74	169	231	3685	3972	288	3679	3981
407947392	1	151	1.261E-34	2	3685	4103	91	32	0.666	3.396E+01	170	191	231	4038	4103	66	4017	4103
408068410	-1	88	1.163E-15	2	9066	10517	383	56	0.469	1.246E-06	13	74	194	-10517	-10332	186	10538	10311
408068410	-1	88	1.163E-15	2	9066	10517	409	44	0.432	2.634E-02	88	140	194	-9224	-9066	159	9296	9063
408121269	-1	484	7.204E-135	4	7926	10514	383	67	0.513	1.689E-10	403	469	869	-10514	-10314	201	10538	10311
408121269	-1	484	7.204E-135	4	7926	10514	409	48	0.454	1.499E-03	478	531	869	-9224	-9063	162	9296	9063
408121269	-1	484	7.204E-135	4	7926	10514	426	243	0.519	5.330E-68	535	782	869	-8987	-8253	735	9020	8214
408121269	-1	484	7.204E-135	4	7926	10514	432	135	0.742	1.189E-33	781	868	869	-8189	-7926	264	8210	7926
408149728	-1	267	1.517E-69	2	7926	8705	426	140	0.492	2.040E-32	9	158	245	-8705	-8253	453	9020	8214
408149728	-1	267	1.517E-69	2	7926	8705	432	128	0.707	3.543E-31	157	244	245	-8189	-7926	264	8210	7926
408279541	-1	133	3.305E-29	1	7926	8189	432	133	0.732	5.785E-33	54	141	142	-8189	-7926	264	8210	7926
408280904	-1	488	4.503E-136	4	7926	10514	383	58	0.455	2.538E-07	197	263	663	-10514	-10314	201	10538	10311
408280904	-1	488	4.503E-136	4	7926	10514	409	48	0.457	1.090E-03	272	325	663	-9224	-9063	162	9296	9063
408280904	-1	488	4.503E-136	4	7926	10514	426	250	0.531	2.558E-70	329	576	663	-8987	-8253	735	9020	8214
408280904	-1	488	4.503E-136	4	7926	10514	432	141	0.770	1.031E-35	575	662	663	-8189	-7926	264	8210	7926
413453925	1	200	2.239E-49	3	3685	4272	87	125	0.634	4.311E-30	74	171	232	3685	3978	294	3679	3981
413453925	1	200	2.239E-49	3	3685	4272	91	31	0.642	8.931E+01	166	187	232	4038	4103	66	4017	4103
413453925	1	200	2.239E-49	3	3685	4272	94	48	0.671	9.893E-05	188	221	232	4171	4272	102	4165	4272
413980737	1	154	1.576E-35	2	3685	4272	87	124	0.665	8.118E-30	52	142	210	3685	3960	276	3679	3981
413980737	1	154	1.576E-35	2	3685	4272	94	52	0.721	4.050E-06	166	199	210	4171	4272	102	4165	4272
416060452	1	161	1.231E-37	2	3685	4269	87	134	0.687	2.170E-33	76	170	230	3685	3972	288	3679	3981
416060452	1	161	1.231E-37	2	3685	4269	94	48	0.683	1.362E-04	193	225	230	4171	4269	99	4165	4272
416704676	-1	480	1.153E-133	4	7926	10517	383	66	0.499	4.384E-10	421	488	888	-10517	-10314	204	10538	10311
416704676	-1	480	1.153E-133	4	7926	10517	409	44	0.435	1.915E-02	497	549	888	-9224	-9066	159	9296	9063
416704676	-1	480	1.153E-133	4	7926	10517	426	248	0.540	8.987E-70	561	801	888	-8966	-8253	714	9020	8214
416704676	-1	480	1.153E-133	4	7926	10517	432	139	0.763	3.657E-35	800	887	888	-8189	-7926	264	8210	7926
421259972	-1	487	9.005E-136	4	7926	10514	383	58	0.455	2.538E-07	385	451	851	-10514	-10314	201	10538	10311
421259972	-1	487	9.005E-136	4	7926	10514	409	48	0.457	1.090E-03	460	513	851	-9224	-9063	162	9296	9063
421259972	-1	487	9.005E-136	4	7926	10514	426	250	0.531	2.558E-70	517	764	851	-8987	-8253	735	9020	8214
421259972	-1	487	9.005E-136	4	7926	10514	432	140	0.766	1.942E-35	763	850	851	-8189	-7926	264	8210	7926
422146169	1	212	5.467E-53	4	3323	4272	75	39	0.881	1.246E-01	16	35	299	3323	3382	60	3299	3394
422146169	1	212	5.467E-53	4	3323	4272	87	124	0.633	5.916E-30	74	171	299	3685	3978	294	3679	3981
422146169	1	212	5.467E-53	4	3323	4272	91	32	0.666	3.396E+01	166	187	299	4038	4103	66	4017	4103
422146169	1	212	5.467E-53	4	3323	4272	94	57	0.781	8.790E-08	188	221	299	4171	4272	102	4165	4272
430443642	1	219	4.271E-55	3	3685	4269	87	135	0.691	1.152E-33	68	162	221	3685	3972	288	3679	3981
430443642	1	219	4.271E-55	3	3685	4269	91	33	0.689	1.293E+01	163	184	221	4038	4103	66	4017	4103
430443642	1	219	4.271E-55	3	3685	4269	94	49	0.693	7.185E-05	185	217	221	4171	4269	99	4165	4272
430921338	1	166	3.847E-39	2	3685	4269	87	134	0.685	2.977E-33	77	171	249	3685	3972	288	3679	3981
430921338	1	166	3.847E-39	2	3685	4269	94	53	0.755	1.554E-06	194	226	249	4171	4269	99	4165	4272
433380188	-1	1019	6.405E-296	6	7926	11642	369	232	0.659	1.731E-64	37	212	825	-11642	-11115	528	11708	10977
433380188	-1	1019	6.405E-296	6	7926	11642	378	188	0.595	7.782E-50	206	363	825	-11070	-10588	483	11109	10462
433380188	-1	1019	6.405E-296	6	7926	11642	383	79	0.603	1.225E-14	365	429	825	-10514	-10320	195	10538	10311
433380188	-1	1019	6.405E-296	6	7926	11642	409	51	0.472	6.211E-05	434	489	825	-9233	-9066	168	9296	9063
433380188	-1	1019	6.405E-296	6	7926	11642	426	332	0.653	7.275E-99	492	747	825	-8993	-8232	762	9020	8214
433380188	-1	1019	6.405E-296	6	7926	11642	432	153	0.831	4.131E-40	737	824	825	-8189	-7926	264	8210	7926
436051336	1	173	3.006E-41	2	3685	4272	87	141	0.715	1.374E-35	77	171	230	3685	3972	288	3679	3981
436051336	1	173	3.006E-41	2	3685	4272	94	53	0.736	1.554E-06	194	227	230	4171	4272	102	4165	4272
436470505	1	165	7.694E-39	2	3685	4269	87	135	0.689	1.581E-33	76	170	256	3685	3972	288	3679	3981
436470505	1	165	7.694E-39	2	3685	4269	94	51	0.719	1.453E-05	193	225	256	4171	4269	99	4165	4272
436558224	1	177	1.878E-42	2	3685	4269	87	145	0.732	5.807E-37	75	169	247	3685	3972	288	3679	3981
436558224	1	177	1.878E-42	2	3685	4269	94	53	0.745	2.943E-06	192	224	247	4171	4269	99	4165	4272
436854187	1	167	1.924E-39	2	3685	4269	87	137	0.699	2.369E-34	75	169	247	3685	3972	288	3679	3981
436854187	1	167	1.924E-39	2	3685	4269	94	51	0.724	1.056E-05	192	224	247	4171	4269	99	4165	4272
436894357	1	169	4.809E-40	2	3685	4269	87	136	0.692	8.398E-34	78	172	230	3685	3972	288	3679	3981
436894357	1	169	4.809E-40	2	3685	4269	94	54	0.760	1.129E-06	195	227	230	4171	4269	99	4165	4272
437543565	1	175	7.514E-42	2	3682	4272	87	144	0.724	7.968E-37	72	167	228	3682	3972	291	3679	3981
437543565	1	175	7.514E-42	2	3682	4272	94	52	0.716	5.574E-06	190	223	228	4171	4272	102	4165	4272
440521747	1	224	1.335E-56	3	3685	4269	87	141	0.718	7.297E-36	84	178	237	3685	3972	288	3679	3981
440521747	1	224	1.335E-56	3	3685	4269	91	33	0.673	2.461E+01	179	200	237	4038	4103	66	4017	4103
440521747	1	224	1.335E-56	3	3685	4269	94	48	0.688	9.893E-05	201	233	237	4171	4269	99	4165	4272
448970789	1	171	1.202E-40	3	3308	4269	75	38	0.707	2.368E-01	8	32	223	3308	3382	75	3299	3394
448970789	1	171	1.202E-40	3	3308	4269	87	139	0.704	3.549E-35	70	165	223	3682	3972	291	3679	3981
448970789	1	171	1.202E-40	3	3308	4269	94	51	0.729	7.671E-06	188	220	223	4171	4269	99	4165	4272
450382260	-1	519	2.097E-145	4	8253	11594	369	124	0.447	1.659E-27	130	281	909	-11594	-11145	450	11708	10977
450382260	-1	519	2.097E-145	4	8253	11594	378	183	0.585	3.380E-48	285	443	909	-11070	-10591	480	11109	10462
450382260	-1	519	2.097E-145	4	8253	11594	383	66	0.533	3.190E-10	446	508	909	-10514	-10326	189	10538	10311
450382260	-1	519	2.097E-145	4	8253	11594	426	213	0.466	2.268E-57	575	822	909	-8999	-8253	747	9020	8214
450635373	-1	487	9.005E-136	4	7926	10514	383	70	0.530	1.826E-11	403	469	869	-10514	-10314	201	10538	10311
450635373	-1	487	9.005E-136	4	7926	10514	409	46	0.445	7.367E-03	478	530	869	-9224	-9066	159	9296	9063
450635373	-1	487	9.005E-136	4	7926	10514	426	246	0.524	5.916E-69	535	782	869	-8987	-8253	735	9020	8214
450635373	-1	487	9.005E-136	4	7926	10514	432	135	0.744	8.662E-34	781	868	869	-8189	-7926	264	8210	7926
451055598	1	180	2.348E-43	2	3685	4272	87	146	0.738	2.248E-37	77	171	232	3685	3972	288	3679	3981
451055598	1	180	2.348E-43	2	3685	4272	94	55	0.756	4.334E-07	194	227	232	4171	4272	102	4165	4272
451137033	1	164	1.539E-38	2	3685	4103	87	131	0.671	3.743E-32	68	162	221	3685	3972	288	3679	3981
451137033	1	164	1.539E-38	2	3685	4103	91	32	0.693	3.396E+01	164	184	221	4041	4103	63	4017	4103
451146901	1	170	2.404E-40	2	3685	4269	87	138	0.703	1.258E-34	73	167	225	3685	3972	288	3679	3981
451146901	1	170	2.404E-40	2	3685	4269	94	53	0.745	2.943E-06	190	222	225	4171	4269	99	4165	4272
451164267	1	171	1.202E-40	2	3685	4269	87	139	0.710	3.549E-35	73	167	245	3685	3972	288	3679	3981
451164267	1	171	1.202E-40	2	3685	4269	94	53	0.755	1.554E-06	190	222	245	4171	4269	99	4165	4272
451219933	1	178	9.392E-43	3	3302	4103	75	39	0.647	1.718E-01	5	32	234	3302	3382	81	3299	3394
451219933	1	178	9.392E-43	3	3302	4103	87	140	0.707	1.885E-35	70	166	234	3682	3972	291	3679	3981
451219933	1	178	9.392E-43	3	3302	4103	91	34	0.713	4.925E+00	167	188	234	4038	4103	66	4017	4103
451233946	1	135	8.261E-30	2	3302	3978	75	38	0.629	4.500E-01	4	31	242	3302	3382	81	3299	3394
451233946	1	135	8.261E-30	2	3302	3978	87	134	0.661	4.086E-33	70	169	242	3685	3978	294	3679	3981
451248408	1	168	9.618E-40	2	3682	4269	87	139	0.702	4.870E-35	74	169	238	3682	3972	291	3679	3981
451248408	1	168	9.618E-40	2	3682	4269	94	50	0.714	2.001E-05	192	224	238	4171	4269	99	4165	4272
451445978	1	162	6.155E-38	2	3685	4269	87	132	0.678	1.056E-32	76	170	256	3685	3972	288	3679	3981
451445978	1	162	6.155E-38	2	3685	4269	94	51	0.719	1.453E-05	193	225	256	4171	4269	99	4165	4272
451575052	1	181	1.174E-43	2	3682	4103	87	147	0.735	1.194E-37	68	163	225	3682	3972	291	3679	3981
451575052	1	181	1.174E-43	2	3682	4103	91	33	0.701	2.461E+01	165	185	225	4041	4103	63	4017	4103
451686449	-1	477	9.221E-133	4	7926	11606	369	181	0.569	4.900E-47	178	341	961	-11606	-11115	492	11708	10977
451686449	-1	477	9.221E-133	4	7926	11606	383	74	0.551	5.540E-13	495	562	961	-10514	-10311	204	10538	10311
451686449	-1	477	9.221E-133	4	7926	11606	426	297	0.612	1.987E-86	628	874	961	-8993	-8253	741	9020	8214
451686449	-1	477	9.221E-133	4	7926	11606	432	141	0.770	1.031E-35	873	960	961	-8189	-7926	264	8210	7926
451689558	1	112	6.930E-23	1	1604	2062	45	112	0.402	2.683E-24	11	168	174	1604	2062	459	1571	2104
451770899	-1	479	2.305E-133	4	7926	10517	383	64	0.487	2.150E-09	421	488	888	-10517	-10314	204	10538	10311
451770899	-1	479	2.305E-133	4	7926	10517	409	44	0.435	1.915E-02	497	549	888	-9224	-9066	159	9296	9063
451770899	-1	479	2.305E-133	4	7926	10517	426	249	0.541	4.795E-70	561	801	888	-8966	-8253	714	9020	8214
451770899	-1	479	2.305E-133	4	7926	10517	432	139	0.765	2.665E-35	800	887	888	-8189	-7926	264	8210	7926
457480890	-1	225	6.674E-57	3	8253	11537	369	89	0.386	1.900E-15	61	191	793	-11537	-11145	393	11708	10977
457480890	-1	225	6.674E-57	3	8253	11537	378	131	0.448	3.199E-30	196	355	793	-11067	-10591	477	11109	10462
457480890	-1	225	6.674E-57	3	8253	11537	426	144	0.388	6.698E-34	493	706	793	-8897	-8253	645	9020	8214
 