487667	-1	200	2.239E-49	2	20379	21186	1411	152	0.586	5.868E-38	26	155	421	-21186	-20791	396	21330	20776
487667	-1	200	2.239E-49	2	20379	21186	1419	48	0.264	4.397E-03	155	277	421	-20735	-20379	357	20747	20376
1114618	-1	68	1.219E-09	1	17695	17949	1472	68	0.427	7.543E-10	58	143	145	-17949	-17695	255	18042	17662
1114906	-1	85	9.302E-15	1	17695	18021	1472	85	0.425	1.356E-15	9	116	129	-18021	-17695	327	18042	17662
1115165	-1	64	1.951E-08	1	17695	17946	1472	64	0.413	2.395E-08	2	85	93	-17946	-17695	252	18042	17662
1115619	-1	68	1.219E-09	1	17671	17946	1472	68	0.408	5.508E-10	2	93	98	-17946	-17671	276	18042	17662
1115714	-1	68	1.219E-09	1	17665	17928	1472	68	0.422	5.508E-10	47	134	138	-17928	-17665	264	18042	17662
1115802	-1	86	4.651E-15	1	17671	18021	1472	86	0.409	3.840E-16	31	147	152	-18021	-17671	351	18042	17662
1257638	-1	67	2.438E-09	1	17743	18021	1472	67	0.400	1.415E-09	39	131	182	-18021	-17743	279	18042	17662
12944468	-1	100	2.839E-19	1	17662	18012	1472	100	0.459	6.140E-21	102	218	219	-18012	-17662	351	18042	17662
15262684	-1	198	8.957E-49	2	20379	21183	1411	150	0.584	2.828E-37	29	157	427	-21183	-20791	393	21330	20776
15262684	-1	198	8.957E-49	2	20379	21183	1419	48	0.262	6.008E-03	157	280	427	-20735	-20379	357	20747	20376
15327775	-1	64	1.951E-08	1	17692	17949	1472	64	0.408	1.749E-08	3	88	100	-17949	-17692	258	18042	17662
15635447	-1	72	7.620E-11	1	17722	17949	1472	72	0.491	3.243E-11	25	100	120	-17949	-17722	228	18042	17662
15655609	-1	91	1.453E-16	1	17671	18021	1472	91	0.426	8.719E-18	86	202	207	-18021	-17671	351	18042	17662
15656313	-1	70	3.048E-10	1	17671	17946	1472	70	0.416	1.565E-10	2	93	98	-17946	-17671	276	18042	17662
15657779	-1	87	2.325E-15	1	17671	18021	1472	87	0.413	1.491E-16	9	125	130	-18021	-17671	351	18042	17662
15706018	-1	92	7.267E-17	1	17668	18012	1472	92	0.435	4.639E-18	12	126	127	-18012	-17668	345	18042	17662
29385169	-1	207	1.749E-51	2	20379	21189	1411	148	0.570	1.362E-36	32	162	431	-21189	-20791	399	21330	20776
29385169	-1	207	1.749E-51	2	20379	21189	1419	59	0.298	1.277E-06	162	285	431	-20735	-20379	357	20747	20376
29564422	-1	197	1.791E-48	2	20379	21207	1411	144	0.535	3.160E-35	22	161	418	-21207	-20791	417	21330	20776
29564422	-1	197	1.791E-48	2	20379	21207	1419	53	0.286	1.031E-04	161	273	418	-20735	-20379	357	20747	20376
29980035	-1	693	8.756E-198	3	19961	21240	1411	266	0.849	2.276E-77	0	149	397	-21240	-20791	450	21330	20776
29980035	-1	693	8.756E-198	3	19961	21240	1419	213	0.853	4.240E-60	149	265	397	-20735	-20379	357	20747	20376
29980035	-1	693	8.756E-198	3	19961	21240	1425	215	0.855	3.125E-60	264	379	397	-20320	-19961	360	20377	19904
30196534	-1	94	1.817E-17	1	17671	18021	1472	94	0.436	9.577E-19	48	164	169	-18021	-17671	351	18042	17662
30197461	-1	69	6.096E-10	1	17671	17949	1472	69	0.407	4.021E-10	1	93	98	-17949	-17671	279	18042	17662
30197690	-1	86	4.651E-15	1	17671	18021	1472	86	0.408	5.264E-16	9	125	130	-18021	-17671	351	18042	17662
30199157	-1	85	9.302E-15	1	17671	18021	1472	85	0.403	1.356E-15	26	142	147	-18021	-17671	351	18042	17662
30199411	-1	94	1.817E-17	1	17671	18021	1472	94	0.436	9.577E-19	75	191	196	-18021	-17671	351	18042	17662
30209428	-1	448	4.951E-124	3	20006	21240	1411	186	0.626	7.494E-50	0	147	368	-21240	-20791	450	21330	20776
30209428	-1	448	4.951E-124	3	20006	21240	1419	144	0.606	2.326E-36	147	266	368	-20735	-20379	357	20747	20376
30209428	-1	448	4.951E-124	3	20006	21240	1425	119	0.575	5.906E-27	265	367	368	-20320	-20006	315	20377	19904
43880247	-1	202	5.598E-50	2	20385	21174	1411	134	0.541	1.117E-31	85	209	461	-21174	-20791	384	21330	20776
43880247	-1	202	5.598E-50	2	20385	21174	1419	68	0.340	6.746E-10	209	327	461	-20735	-20385	351	20747	20376
43931080	-1	188	9.172E-46	2	20379	21207	1411	139	0.520	1.880E-33	22	161	418	-21207	-20791	417	21330	20776
43931080	-1	188	9.172E-46	2	20379	21207	1419	49	0.272	2.354E-03	161	273	418	-20735	-20379	357	20747	20376
44355336	-1	83	3.721E-14	2	20036	21186	1411	154	0.593	1.217E-38	38	167	438	-21186	-20791	396	21330	20776
44355336	-1	83	3.721E-14	2	20036	21186	1425	51	0.263	9.599E-04	291	423	438	-20320	-20036	285	20377	19904
44738171	-1	68	1.219E-09	1	17671	17940	1472	68	0.415	5.508E-10	5	94	99	-17940	-17671	270	18042	17662
44738547	-1	94	1.817E-17	1	17668	18021	1472	94	0.435	6.986E-19	9	126	132	-18021	-17668	354	18042	17662
44741092	-1	94	1.817E-17	1	17671	18021	1472	94	0.436	9.577E-19	58	174	179	-18021	-17671	351	18042	17662
44741218	-1	69	6.096E-10	1	17671	17946	1472	69	0.410	4.021E-10	2	93	98	-17946	-17671	276	18042	17662
44827878	-1	66	4.877E-09	1	17710	18021	1472	66	0.363	4.976E-09	6	108	144	-18021	-17710	312	18042	17662
44922627	-1	73	3.810E-11	1	17725	18033	1472	73	0.396	1.261E-11	79	181	191	-18033	-17725	309	18042	17662
48390385	-1	91	1.453E-16	1	17713	18021	1472	91	0.468	1.195E-17	48	150	166	-18021	-17713	309	18042	17662
58952738	-1	87	2.325E-15	1	17668	18012	1472	87	0.416	2.801E-16	12	126	151	-18012	-17668	345	18042	17662
59076965	-1	84	1.860E-14	1	17668	18012	1472	84	0.407	1.858E-15	12	126	131	-18012	-17668	345	18042	17662
59242229	-1	128	1.057E-27	1	17662	18021	1472	128	0.549	1.124E-30	66	184	229	-18021	-17662	360	18042	17662
59279804	-1	66	4.877E-09	1	17671	17934	1472	66	0.411	3.634E-09	7	94	99	-17934	-17671	264	18042	17662
59280175	-1	59	6.242E-07	1	17743	18012	1472	59	0.372	7.570E-07	1	90	108	-18012	-17743	270	18042	17662
59281224	-1	68	1.219E-09	1	17671	17946	1472	68	0.405	1.033E-09	2	93	98	-17946	-17671	276	18042	17662
59281758	-1	91	1.453E-16	1	17665	18021	1472	91	0.422	6.360E-18	9	127	130	-18021	-17665	357	18042	17662
59281942	-1	68	1.219E-09	1	17671	17946	1472	68	0.408	5.508E-10	2	93	98	-17946	-17671	276	18042	17662
59282063	-1	83	3.721E-14	1	17671	18021	1472	83	0.399	3.491E-15	66	181	186	-18021	-17671	351	18042	17662
59424147	-1	86	4.651E-15	1	17662	18021	1472	86	0.402	3.840E-16	67	186	190	-18021	-17662	360	18042	17662
68237112	-1	99	5.677E-19	1	17662	18021	1472	99	0.441	1.583E-20	9	130	132	-18021	-17662	360	18042	17662
73246104	-1	201	1.120E-49	2	20379	21186	1411	141	0.550	5.349E-34	32	160	414	-21186	-20791	396	21330	20776
73246104	-1	201	1.120E-49	2	20379	21186	1419	60	0.311	3.637E-07	160	271	414	-20735	-20379	357	20747	20376
73284729	-1	95	9.084E-18	2	20045	20735	1419	58	0.300	1.748E-06	101	222	376	-20735	-20379	357	20747	20376
73284729	-1	95	9.084E-18	2	20045	20735	1425	38	0.233	2.196E+01	221	340	376	-20320	-20045	276	20377	19904
73379312	-1	94	1.817E-17	2	20036	21186	1411	156	0.599	2.526E-39	38	167	434	-21186	-20791	396	21330	20776
73379312	-1	94	1.817E-17	2	20036	21186	1425	57	0.280	1.751E-05	288	419	434	-20320	-20036	285	20377	19904
73823966	-1	66	4.877E-09	1	17671	17940	1472	66	0.402	4.976E-09	4	93	100	-17940	-17671	270	18042	17662
73910638	-1	77	2.381E-12	1	17668	18012	1472	77	0.381	5.408E-13	98	212	215	-18012	-17668	345	18042	17662
82361384	-1	198	8.957E-49	2	20379	21183	1411	143	0.544	8.115E-35	65	198	460	-21183	-20776	408	21330	20776
82361384	-1	198	8.957E-49	2	20379	21183	1419	61	0.310	2.656E-07	192	312	460	-20741	-20379	363	20747	20376
86679518	-1	199	4.479E-49	2	20379	21183	1411	149	0.580	7.264E-37	29	157	423	-21183	-20791	393	21330	20776
86679518	-1	199	4.479E-49	2	20379	21183	1419	50	0.271	9.216E-04	157	279	423	-20735	-20379	357	20747	20376
87920026	-1	188	9.172E-46	2	20379	21207	1411	139	0.520	1.880E-33	22	161	418	-21207	-20791	417	21330	20776
87920026	-1	188	9.172E-46	2	20379	21207	1419	49	0.274	1.722E-03	161	273	418	-20735	-20379	357	20747	20376
87957729	-1	200	2.239E-49	2	20379	21183	1411	145	0.568	1.231E-35	38	166	440	-21183	-20791	393	21330	20776
87957729	-1	200	2.239E-49	2	20379	21183	1419	59	0.291	6.816E-07	162	292	440	-20747	-20379	369	20747	20376
88051297	-1	104	1.774E-20	1	17695	18021	1472	104	0.501	1.906E-22	62	170	178	-18021	-17695	327	18042	17662
88176716	-1	98	1.135E-18	1	17662	18021	1472	98	0.442	4.080E-20	70	189	190	-18021	-17662	360	18042	17662
88196343	-1	63	3.901E-08	1	17662	17868	1472	63	0.476	3.279E-08	42	110	111	-17868	-17662	207	18042	17662
88362996	-1	64	1.951E-08	1	17662	17946	1472	64	0.380	1.749E-08	2	96	99	-17946	-17662	285	18042	17662
88363785	-1	62	7.803E-08	1	17695	17937	1472	62	0.416	8.413E-08	67	147	159	-17937	-17695	243	18042	17662
88364984	-1	94	1.817E-17	1	17671	18021	1472	94	0.436	9.577E-19	36	152	157	-18021	-17671	351	18042	17662
88366086	-1	94	1.817E-17	1	17671	18021	1472	94	0.436	9.577E-19	53	169	174	-18021	-17671	351	18042	17662
88507316	-1	59	6.242E-07	1	17722	18021	1472	59	0.344	1.036E-06	98	197	199	-18021	-17722	300	18042	17662
88508575	-1	63	3.901E-08	1	17770	18021	1472	63	0.411	3.279E-08	9	92	149	-18021	-17770	252	18042	17662
99681025	-1	82	7.441E-14	1	17662	18021	1472	82	0.386	1.232E-14	140	234	235	-18021	-17662	360	18042	17662
101794541	-1	200	2.239E-49	2	20379	21186	1411	136	0.535	2.322E-32	22	150	405	-21186	-20791	396	21330	20776
101794541	-1	200	2.239E-49	2	20379	21186	1419	64	0.327	1.146E-08	150	261	405	-20735	-20379	357	20747	20376
102718638	-1	89	5.813E-16	1	17662	18021	1472	89	0.410	5.787E-17	49	167	168	-18021	-17662	360	18042	17662
102904889	-1	85	9.302E-15	1	17668	18021	1472	85	0.401	1.356E-15	72	189	192	-18021	-17668	354	18042	17662
102905002	-1	93	3.633E-17	1	17671	18021	1472	93	0.433	1.800E-18	9	125	130	-18021	-17671	351	18042	17662
102906130	-1	68	1.219E-09	1	17671	17970	1472	68	0.383	7.543E-10	0	99	104	-17970	-17671	300	18042	17662
116554567	-1	74	1.905E-11	2	20036	21183	1411	141	0.554	3.906E-34	27	155	422	-21183	-20791	393	21330	20776
116554567	-1	74	1.905E-11	2	20036	21183	1425	52	0.265	7.060E-04	276	407	422	-20320	-20036	285	20377	19904
116638978	-1	163	3.078E-38	2	20379	21105	1411	112	0.547	4.752E-24	33	135	392	-21105	-20791	315	21330	20776
116638978	-1	163	3.078E-38	2	20379	21105	1419	51	0.278	6.741E-04	135	247	392	-20735	-20379	357	20747	20376
117277686	-1	290	1.809E-76	2	20006	20735	1419	163	0.673	6.019E-43	142	261	364	-20735	-20379	357	20747	20376
117277686	-1	290	1.809E-76	2	20006	20735	1425	128	0.614	3.087E-30	260	363	364	-20320	-20006	315	20377	19904
117446021	-1	89	5.813E-16	1	17695	18021	1472	89	0.443	3.080E-17	9	117	126	-18021	-17695	327	18042	17662
117446454	-1	66	4.877E-09	1	17695	17946	1472	66	0.425	3.634E-09	2	85	91	-17946	-17695	252	18042	17662
117446988	-1	66	4.877E-09	1	17677	17928	1472	66	0.427	2.654E-09	6	89	92	-17928	-17677	252	18042	17662
117448840	-1	58	1.248E-06	1	17671	17946	1472	58	0.359	2.654E-06	2	93	98	-17946	-17671	276	18042	17662
131501797	-1	117	2.166E-24	1	20791	21072	1411	117	0.621	8.089E-26	2	95	167	-21072	-20791	282	21330	20776
131774817	-1	66	4.877E-09	1	17668	18042	1472	66	0.319	4.976E-09	46	171	172	-18042	-17668	375	18042	17662
131803218	-1	90	2.907E-16	1	17662	18012	1472	90	0.421	1.639E-17	12	129	130	-18012	-17662	351	18042	17662
131967575	-1	85	9.302E-15	1	17695	18021	1472	85	0.425	1.356E-15	95	201	213	-18021	-17695	327	18042	17662
131987384	-1	94	1.817E-17	1	17671	18021	1472	94	0.436	9.577E-19	112	228	233	-18021	-17671	351	18042	17662
131990762	-1	69	6.096E-10	1	17695	17946	1472	69	0.441	2.936E-10	2	85	98	-17946	-17695	252	18042	17662
132132011	-1	81	1.488E-13	1	17722	18021	1472	81	0.436	3.172E-14	66	165	166	-18021	-17722	300	18042	17662
145681946	-1	196	3.583E-48	2	20382	21186	1411	145	0.562	2.308E-35	32	161	428	-21186	-20791	396	21330	20776
145681946	-1	196	3.583E-48	2	20382	21186	1419	51	0.275	6.741E-04	161	281	428	-20735	-20382	354	20747	20376
145789615	-1	212	5.467E-53	2	20379	21222	1411	157	0.550	9.828E-40	6	153	423	-21222	-20791	432	21330	20776
145789615	-1	212	5.467E-53	2	20379	21222	1419	55	0.286	1.572E-05	153	277	423	-20735	-20379	357	20747	20376
146343143	-1	114	1.733E-23	1	17662	18021	1472	114	0.499	9.747E-26	70	189	190	-18021	-17662	360	18042	17662
146528842	-1	90	2.907E-16	1	17695	18021	1472	90	0.445	2.246E-17	28	136	149	-18021	-17695	327	18042	17662
146529411	-1	61	1.561E-07	1	17671	17898	1472	61	0.427	2.953E-07	2	77	82	-17898	-17671	228	18042	17662
146530276	-1	68	1.219E-09	1	17671	17946	1472	68	0.407	7.543E-10	2	93	98	-17946	-17671	276	18042	17662
146530514	-1	89	5.813E-16	1	17671	18021	1472	89	0.419	4.222E-17	48	164	171	-18021	-17671	351	18042	17662
146531316	-1	85	9.302E-15	1	17662	18021	1472	85	0.397	9.890E-16	2	121	122	-18021	-17662	360	18042	17662
146581711	-1	89	5.813E-16	1	17680	18021	1472	89	0.426	5.787E-17	103	216	222	-18021	-17680	342	18042	17662
146674072	-1	103	3.548E-20	1	17668	18021	1472	103	0.466	6.738E-22	44	161	172	-18021	-17668	354	18042	17662
150181215	-1	76	4.762E-12	1	17695	18021	1472	76	0.391	1.391E-12	64	172	180	-18021	-17695	327	18042	17662
159023221	-1	780	5.659E-224	3	19910	21240	1411	299	0.943	7.091E-89	0	149	400	-21240	-20791	450	21330	20776
159023221	-1	780	5.659E-224	3	19910	21240	1419	241	0.953	7.699E-70	149	267	400	-20735	-20379	357	20747	20376
159023221	-1	780	5.659E-224	3	19910	21240	1425	241	0.844	2.051E-69	266	398	400	-20320	-19910	411	20377	19904
160515236	-1	97	2.271E-18	2	20036	20735	1419	59	0.302	6.816E-07	103	225	364	-20735	-20382	354	20747	20376
160515236	-1	97	2.271E-18	2	20036	20735	1425	38	0.227	4.002E+01	225	348	364	-20320	-20036	285	20377	19904
161053206	-1	63	3.901E-08	1	17806	18009	1472	63	0.477	6.145E-08	2	69	122	-18009	-17806	204	18042	17662
161072060	-1	81	1.488E-13	1	17668	18036	1472	81	0.371	2.314E-14	21	146	185	-18036	-17668	369	18042	17662
161072855	-1	91	1.453E-16	1	17671	18021	1472	91	0.426	8.719E-18	9	125	132	-18021	-17671	351	18042	17662
161073143	-1	88	1.163E-15	1	17671	18021	1472	88	0.416	7.933E-17	9	125	130	-18021	-17671	351	18042	17662
161160470	-1	78	1.191E-12	1	17668	18012	1472	78	0.384	2.880E-13	12	126	129	-18012	-17668	345	18042	17662
174735445	-1	230	2.085E-58	2	20379	21165	1411	153	0.617	2.284E-38	0	124	364	-21165	-20791	375	21330	20776
174735445	-1	230	2.085E-58	2	20379	21165	1419	81	0.378	1.499E-14	120	239	364	-20747	-20379	369	20747	20376
174919793	-1	201	1.120E-49	2	20379	21186	1411	138	0.540	6.607E-33	32	160	415	-21186	-20791	396	21330	20776
174919793	-1	201	1.120E-49	2	20379	21186	1419	63	0.321	4.030E-08	160	271	415	-20735	-20379	357	20747	20376
174920662	-1	201	1.120E-49	2	20379	21186	1411	138	0.540	6.607E-33	35	163	418	-21186	-20791	396	21330	20776
174920662	-1	201	1.120E-49	2	20379	21186	1419	63	0.321	4.030E-08	163	274	418	-20735	-20379	357	20747	20376
175043539	-1	181	1.174E-43	2	20385	21078	1411	124	0.644	2.090E-28	15	110	336	-21078	-20791	288	21330	20776
175043539	-1	181	1.174E-43	2	20385	21078	1419	57	0.303	4.483E-06	110	198	336	-20735	-20385	351	20747	20376
175613258	-1	64	1.951E-08	1	17671	17928	1472	64	0.410	1.278E-08	10	95	100	-17928	-17671	258	18042	17662
175613638	-1	68	1.219E-09	1	17671	17937	1472	68	0.415	1.033E-09	13	101	106	-17937	-17671	267	18042	17662
175615188	-1	69	6.096E-10	1	17671	17946	1472	69	0.410	4.021E-10	2	93	98	-17946	-17671	276	18042	17662
175627159	-1	266	3.035E-69	2	20571	21249	1411	201	0.655	8.891E-55	1	151	207	-21249	-20791	459	21330	20776
175627159	-1	266	3.035E-69	2	20571	21249	1419	65	0.577	6.106E-09	151	206	207	-20735	-20571	165	20747	20376
175757617	-1	104	1.774E-20	1	17668	18021	1472	104	0.470	2.613E-22	105	222	236	-18021	-17668	354	18042	17662
189378243	-1	229	4.171E-58	2	20379	21177	1411	156	0.612	1.844E-39	57	185	351	-21177	-20791	387	21330	20776
189378243	-1	229	4.171E-58	2	20379	21177	1419	73	0.358	1.124E-11	185	303	351	-20735	-20379	357	20747	20376
189953590	-1	85	9.302E-15	1	17668	18012	1472	85	0.410	9.890E-16	12	126	151	-18012	-17668	345	18042	17662
190136120	-1	74	1.905E-11	1	17692	18012	1472	74	0.390	4.904E-12	32	138	147	-18012	-17692	321	18042	17662
190154141	-1	70	3.048E-10	1	17671	17946	1472	70	0.418	1.142E-10	2	93	98	-17946	-17671	276	18042	17662
190155406	-1	67	2.438E-09	1	17671	17946	1472	67	0.401	1.938E-09	2	93	98	-17946	-17671	276	18042	17662
190156153	-1	63	3.901E-08	1	17671	17916	1472	63	0.416	4.489E-08	56	137	142	-17916	-17671	246	18042	17662
190169117	-1	74	1.905E-11	1	17668	18012	1472	74	0.369	6.720E-12	12	126	130	-18012	-17668	345	18042	17662
203836250	-1	198	8.957E-49	2	20379	21183	1411	148	0.577	1.362E-36	38	166	432	-21183	-20791	393	21330	20776
203836250	-1	198	8.957E-49	2	20379	21183	1419	50	0.270	1.260E-03	166	288	432	-20735	-20379	357	20747	20376
204126990	-1	179	4.696E-43	2	20385	21078	1411	124	0.640	3.914E-28	20	115	368	-21078	-20791	288	21330	20776
204126990	-1	179	4.696E-43	2	20385	21078	1419	55	0.298	1.572E-05	115	230	368	-20735	-20385	351	20747	20376
204197083	-1	202	5.598E-50	2	20379	21186	1411	137	0.538	9.046E-33	32	160	415	-21186	-20791	396	21330	20776
204197083	-1	202	5.598E-50	2	20379	21186	1419	65	0.330	6.106E-09	160	271	415	-20735	-20379	357	20747	20376
204235945	-1	152	6.303E-35	2	20379	21183	1411	146	0.571	6.562E-36	20	148	445	-21183	-20791	393	21330	20776
204235945	-1	152	6.303E-35	2	20379	21183	1419	52	0.303	1.928E-04	196	302	445	-20678	-20379	300	20747	20376
204404824	-1	94	1.817E-17	1	17671	18021	1472	94	0.436	9.577E-19	29	145	150	-18021	-17671	351	18042	17662
204697247	-1	70	3.048E-10	1	17671	17958	1472	70	0.405	1.142E-10	7	102	107	-17958	-17671	288	18042	17662
204697358	-1	70	3.048E-10	1	17671	17946	1472	70	0.414	2.143E-10	2	93	98	-17946	-17671	276	18042	17662
204697382	-1	66	4.877E-09	1	17698	17982	1472	66	0.387	4.976E-09	6	100	114	-17982	-17698	285	18042	17662
204840957	-1	68	1.219E-09	1	17677	17907	1472	68	0.467	5.508E-10	11	87	100	-17907	-17677	231	18042	17662
216785214	-1	92	7.267E-17	1	17662	18009	1472	92	0.432	4.639E-18	104	219	220	-18009	-17662	348	18042	17662
219122667	-1	72	7.620E-11	1	17686	18042	1472	72	0.355	2.368E-11	93	211	218	-18042	-17686	357	18042	17662
219237952	-1	89	5.813E-16	1	17698	18021	1472	89	0.443	5.787E-17	9	116	130	-18021	-17698	324	18042	17662
219239918	-1	63	3.901E-08	1	17695	17946	1472	63	0.407	6.145E-08	2	85	98	-17946	-17695	252	18042	17662
219358130	-1	78	1.191E-12	1	17710	18012	1472	78	0.422	2.880E-13	2	102	105	-18012	-17710	303	18042	17662
226215953	-1	97	2.271E-18	1	17662	18012	1472	97	0.448	7.670E-20	116	232	233	-18012	-17662	351	18042	17662
227425774	-1	538	3.999E-151	3	20006	21228	1411	223	0.746	1.402E-62	4	146	369	-21228	-20791	438	21330	20776
227425774	-1	538	3.999E-151	3	20006	21228	1419	162	0.669	1.553E-42	146	265	369	-20735	-20379	357	20747	20376
227425774	-1	538	3.999E-151	3	20006	21228	1425	154	0.719	2.861E-39	264	368	369	-20320	-20006	315	20377	19904
233037617	-1	93	3.633E-17	2	20063	21174	1411	128	0.523	9.059E-30	32	159	437	-21174	-20791	384	21330	20776
233037617	-1	93	3.633E-17	2	20063	21174	1425	42	0.214	1.074E+00	238	397	437	-20356	-20063	294	20377	19904
233168629	-1	182	5.870E-44	2	20379	21195	1411	133	0.512	2.865E-31	27	162	419	-21195	-20791	405	21330	20776
233168629	-1	182	5.870E-44	2	20379	21195	1419	49	0.271	3.217E-03	162	274	419	-20735	-20379	357	20747	20376
233311811	-1	227	1.668E-57	2	20379	21177	1411	161	0.618	5.789E-41	74	204	464	-21177	-20791	387	21330	20776
233311811	-1	227	1.668E-57	2	20379	21177	1419	66	0.333	3.254E-09	204	319	464	-20735	-20379	357	20747	20376
233778670	-1	71	1.524E-10	1	17671	17952	1472	71	0.413	8.339E-11	75	168	173	-17952	-17671	282	18042	17662
233778775	-1	89	5.813E-16	1	17671	18021	1472	89	0.419	4.222E-17	33	149	154	-18021	-17671	351	18042	17662
233778823	-1	66	4.877E-09	1	17671	17928	1472	66	0.419	2.654E-09	47	132	137	-17928	-17671	258	18042	17662
233778971	-1	66	4.877E-09	1	17695	17931	1472	66	0.445	3.634E-09	56	134	149	-17931	-17695	237	18042	17662
233780803	-1	63	3.901E-08	1	17671	17904	1472	63	0.430	6.145E-08	3	80	85	-17904	-17671	234	18042	17662
233781425	-1	68	1.219E-09	1	17671	17946	1472	68	0.405	1.033E-09	2	93	98	-17946	-17671	276	18042	17662
233897625	-1	93	3.633E-17	1	17665	18021	1472	93	0.427	1.313E-18	9	128	129	-18021	-17665	357	18042	17662
233922431	-1	89	5.813E-16	1	17662	18021	1472	89	0.410	5.787E-17	9	128	138	-18021	-17662	360	18042	17662
233923192	-1	91	1.453E-16	1	17662	18021	1472	91	0.417	1.195E-17	7	126	138	-18021	-17662	360	18042	17662
244978028	-1	77	2.381E-12	1	17710	18012	1472	77	0.418	5.408E-13	69	169	170	-18012	-17710	303	18042	17662
247603707	-1	91	1.453E-16	2	20063	21174	1411	122	0.501	1.878E-27	20	147	425	-21174	-20791	384	21330	20776
247603707	-1	91	1.453E-16	2	20063	21174	1425	46	0.222	9.449E-02	226	385	425	-20356	-20063	294	20377	19904
247873671	-1	194	1.433E-47	2	20379	21183	1411	150	0.582	3.873E-37	25	153	420	-21183	-20791	393	21330	20776
247873671	-1	194	1.433E-47	2	20379	21183	1419	44	0.247	1.356E-01	153	277	420	-20735	-20379	357	20747	20376
248008354	-1	93	3.633E-17	1	17665	18021	1472	93	0.428	1.800E-18	9	127	155	-18021	-17665	357	18042	17662
248320114	-1	94	1.817E-17	1	17671	18021	1472	94	0.436	9.577E-19	9	125	136	-18021	-17671	351	18042	17662
248320355	-1	70	3.048E-10	1	17671	17946	1472	70	0.416	1.565E-10	10	101	106	-17946	-17671	276	18042	17662
248334590	-1	359	3.064E-97	3	20006	21030	1411	121	0.730	4.813E-27	0	79	359	-21030	-20791	240	21330	20776
248334590	-1	359	3.064E-97	3	20006	21030	1419	122	0.391	1.125E-28	79	257	359	-20735	-20379	357	20747	20376
248334590	-1	359	3.064E-97	3	20006	21030	1425	117	0.567	2.849E-26	256	358	359	-20320	-20006	315	20377	19904
257889084	-1	121	1.354E-25	1	17662	18030	1472	121	0.515	2.414E-28	99	221	231	-18030	-17662	369	18042	17662
261995579	-1	149	5.042E-34	1	20791	21183	1411	149	0.580	7.264E-37	29	157	160	-21183	-20791	393	21330	20776
262675657	-1	96	4.542E-18	1	17662	18021	1472	96	0.435	1.977E-19	33	152	158	-18021	-17662	360	18042	17662
262862364	-1	76	4.762E-12	1	17680	18021	1472	76	0.377	1.907E-12	2	115	121	-18021	-17680	342	18042	17662
262862470	-1	92	7.267E-17	1	17695	18021	1472	92	0.454	3.384E-18	75	183	196	-18021	-17695	327	18042	17662
262862856	-1	68	1.219E-09	1	17671	17949	1472	68	0.402	1.033E-09	3	92	97	-17949	-17671	279	18042	17662
263046699	-1	77	2.381E-12	1	17695	18033	1472	77	0.384	7.410E-13	79	189	197	-18033	-17695	339	18042	17662
272668566	-1	85	9.302E-15	1	17662	18012	1472	85	0.403	1.356E-15	69	185	186	-18012	-17662	351	18042	17662
277026443	-1	149	5.042E-34	1	20791	21228	1411	149	0.525	9.948E-37	6	153	205	-21228	-20791	438	21330	20776
277236604	-1	451	6.188E-125	3	20006	21177	1411	186	0.707	1.407E-49	29	154	377	-21177	-20791	387	21330	20776
277236604	-1	451	6.188E-125	3	20006	21177	1419	136	0.573	1.771E-33	154	274	377	-20735	-20379	357	20747	20376
277236604	-1	451	6.188E-125	3	20006	21177	1425	130	0.620	8.757E-31	273	375	377	-20320	-20006	315	20377	19904
277403286	-1	94	1.817E-17	1	17671	18021	1472	94	0.438	6.986E-19	9	125	130	-18021	-17671	351	18042	17662
277403302	-1	70	3.048E-10	1	17671	18036	1472	70	0.327	1.565E-10	1	130	135	-18036	-17671	366	18042	17662
277404415	-1	71	1.524E-10	1	17671	17979	1472	71	0.388	6.087E-11	25	125	132	-17979	-17671	309	18042	17662
277404485	-1	69	6.096E-10	1	17671	17946	1472	69	0.412	2.936E-10	2	93	98	-17946	-17671	276	18042	17662
277406209	-1	81	1.488E-13	1	17668	17991	1472	81	0.412	3.172E-14	30	137	141	-17991	-17668	324	18042	17662
281067100	-1	76	4.762E-12	1	17722	18030	1472	76	0.407	1.391E-12	59	161	177	-18030	-17722	309	18042	17662
291355109	-1	191	1.147E-46	2	20379	21183	1411	143	0.559	1.111E-34	29	157	422	-21183	-20791	393	21330	20776
291355109	-1	191	1.147E-46	2	20379	21183	1419	48	0.264	4.397E-03	157	279	422	-20735	-20379	357	20747	20376
291945120	-1	70	3.048E-10	1	17671	17946	1472	70	0.414	2.143E-10	2	93	103	-17946	-17671	276	18042	17662
291946863	-1	70	3.048E-10	1	17671	17946	1472	70	0.414	2.143E-10	20	111	116	-17946	-17671	276	18042	17662
291947964	-1	81	1.488E-13	1	17695	18021	1472	81	0.411	2.314E-14	9	117	130	-18021	-17695	327	18042	17662
291997548	-1	109	5.544E-22	1	17662	18027	1472	109	0.475	3.144E-24	98	220	221	-18027	-17662	366	18042	17662
292090111	-1	106	4.435E-21	1	17668	18021	1472	106	0.479	3.931E-23	19	136	150	-18021	-17668	354	18042	17662
299880927	-1	97	2.271E-18	2	20063	21174	1411	129	0.524	6.618E-30	28	155	433	-21174	-20791	384	21330	20776
299880927	-1	97	2.271E-18	2	20063	21174	1425	45	0.220	1.737E-01	234	393	433	-20356	-20063	294	20377	19904
305578428	-1	187	1.834E-45	2	20379	21207	1411	137	0.514	9.046E-33	22	161	418	-21207	-20791	417	21330	20776
305578428	-1	187	1.834E-45	2	20379	21207	1419	50	0.275	1.260E-03	161	273	418	-20735	-20379	357	20747	20376
305981836	-1	80	2.977E-13	2	20036	21228	1411	149	0.533	5.304E-37	16	155	422	-21228	-20791	438	21330	20776
305981836	-1	80	2.977E-13	2	20036	21228	1425	50	0.259	3.276E-03	276	407	422	-20320	-20036	285	20377	19904
306282971	-1	84	1.860E-14	1	17668	18012	1472	84	0.407	1.858E-15	12	126	131	-18012	-17668	345	18042	17662
306487853	-1	91	1.453E-16	1	17671	18021	1472	91	0.428	6.360E-18	48	164	169	-18021	-17671	351	18042	17662
306487893	-1	91	1.453E-16	1	17698	18021	1472	91	0.451	1.195E-17	9	116	136	-18021	-17698	324	18042	17662
306502257	-1	104	1.774E-20	1	20036	20320	1425	104	0.559	6.694E-22	18	111	123	-20320	-20036	285	20377	19904
306632904	-1	91	1.453E-16	1	17716	18021	1472	91	0.471	1.195E-17	14	115	116	-18021	-17716	306	18042	17662
320176378	-1	214	1.367E-53	2	20385	21171	1411	145	0.581	1.685E-35	25	150	402	-21171	-20791	381	21330	20776
320176378	-1	214	1.367E-53	2	20385	21171	1419	69	0.346	3.594E-10	150	264	402	-20735	-20385	351	20747	20376
320178908	-1	200	2.239E-49	2	20379	21183	1411	149	0.580	7.264E-37	29	157	423	-21183	-20791	393	21330	20776
320178908	-1	200	2.239E-49	2	20379	21183	1419	51	0.274	4.930E-04	157	279	423	-20735	-20379	357	20747	20376
320567819	-1	152	6.303E-35	1	20785	21189	1411	152	0.576	5.868E-38	58	190	194	-21189	-20785	405	21330	20776
320715970	-1	85	9.302E-15	1	17740	18021	1472	85	0.477	9.890E-16	70	163	171	-18021	-17740	282	18042	17662
320825247	-1	81	1.488E-13	1	17668	18012	1472	81	0.395	2.314E-14	12	126	131	-18012	-17668	345	18042	17662
320843977	-1	82	7.441E-14	1	17662	17985	1472	82	0.416	8.989E-15	8	116	117	-17985	-17662	324	18042	17662
321027790	-1	70	3.048E-10	1	17671	17937	1472	70	0.426	1.565E-10	56	144	149	-17937	-17671	267	18042	17662
321027809	-1	64	1.951E-08	1	17671	17961	1472	64	0.376	1.278E-08	64	160	161	-17961	-17671	291	18042	17662
321028885	-1	67	2.438E-09	1	17695	17946	1472	67	0.431	1.415E-09	2	85	94	-17946	-17695	252	18042	17662
321029148	-1	66	4.877E-09	1	17671	17946	1472	66	0.399	2.654E-09	2	93	98	-17946	-17671	276	18042	17662
321030669	-1	91	1.453E-16	1	17671	18021	1472	91	0.425	1.195E-17	9	125	130	-18021	-17671	351	18042	17662
321030898	-1	94	1.817E-17	1	17671	18021	1472	94	0.436	9.577E-19	69	185	190	-18021	-17671	351	18042	17662
321172406	-1	74	1.905E-11	1	17800	18021	1472	74	0.515	4.904E-12	14	87	105	-18021	-17800	222	18042	17662
334760820	-1	181	1.174E-43	2	20379	21189	1411	145	0.561	1.231E-35	32	162	394	-21189	-20791	399	21330	20776
334760820	-1	181	1.174E-43	2	20379	21189	1419	36	0.227	4.874E+01	162	248	394	-20735	-20379	357	20747	20376
334810323	-1	186	3.669E-45	2	20379	21225	1411	132	0.484	7.349E-31	11	152	419	-21225	-20791	435	21330	20776
334810323	-1	186	3.669E-45	2	20379	21225	1419	54	0.278	5.508E-05	152	278	419	-20735	-20379	357	20747	20376
334830771	-1	201	1.120E-49	2	20379	21177	1411	151	0.595	1.101E-37	26	152	417	-21177	-20791	387	21330	20776
334830771	-1	201	1.120E-49	2	20379	21177	1419	54	0.279	4.026E-05	148	274	417	-20747	-20379	369	20747	20376
334852086	-1	56	4.994E-06	1	20379	20735	1419	56	0.296	1.149E-05	32	147	164	-20735	-20379	357	20747	20376
334854303	-1	150	2.521E-34	1	20791	21183	1411	150	0.582	3.873E-37	25	153	222	-21183	-20791	393	21330	20776
335124898	-1	191	1.147E-46	2	20379	21177	1411	133	0.534	2.865E-31	75	203	479	-21177	-20791	387	21330	20776
335124898	-1	191	1.147E-46	2	20379	21177	1419	58	0.301	1.748E-06	203	323	479	-20735	-20379	357	20747	20376
335549014	-1	74	1.905E-11	1	17713	18012	1472	74	0.408	6.720E-12	7	106	122	-18012	-17713	300	18042	17662
335571191	-1	63	3.901E-08	1	17671	17946	1472	63	0.383	4.489E-08	2	93	98	-17946	-17671	276	18042	17662
335571767	-1	68	1.219E-09	1	17671	17946	1472	68	0.407	7.543E-10	2	93	98	-17946	-17671	276	18042	17662
335572416	-1	70	3.048E-10	1	17671	17943	1472	70	0.421	1.142E-10	2	92	97	-17943	-17671	273	18042	17662
335714471	-1	61	1.561E-07	1	17800	18021	1472	61	0.440	1.576E-07	38	111	136	-18021	-17800	222	18042	17662
349307074	-1	198	8.957E-49	2	20379	21207	1411	149	0.548	9.948E-37	22	161	418	-21207	-20791	417	21330	20776
349307074	-1	198	8.957E-49	2	20379	21207	1419	49	0.274	1.722E-03	161	273	418	-20735	-20379	357	20747	20376
350112803	-1	66	4.877E-09	1	17671	17946	1472	66	0.397	3.634E-09	37	128	133	-17946	-17671	276	18042	17662
350113590	-1	59	6.242E-07	1	17770	18021	1472	59	0.391	7.570E-07	37	120	137	-18021	-17770	252	18042	17662
350255451	-1	83	3.721E-14	1	17662	17991	1472	83	0.416	4.785E-15	2	111	123	-17991	-17662	330	18042	17662
359932685	-1	203	2.799E-50	2	20379	21228	1411	130	0.448	3.532E-30	9	166	424	-21228	-20791	438	21330	20776
359932685	-1	203	2.799E-50	2	20379	21228	1419	73	0.358	1.124E-11	166	280	424	-20735	-20379	357	20747	20376
363902557	-1	205	6.998E-51	2	20379	21228	1411	157	0.544	9.828E-40	5	154	501	-21228	-20791	438	21330	20776
363902557	-1	205	6.998E-51	2	20379	21228	1419	48	0.269	4.397E-03	154	268	501	-20735	-20379	357	20747	20376
364118979	-1	220	2.136E-55	2	20379	21183	1411	154	0.596	1.217E-38	28	156	420	-21183	-20791	393	21330	20776
364118979	-1	220	2.136E-55	2	20379	21183	1419	66	0.326	4.458E-09	156	277	420	-20735	-20379	357	20747	20376
364616298	-1	511	5.368E-143	3	20006	21222	1411	211	0.710	3.368E-58	152	297	604	-21222	-20791	432	21330	20776
364616298	-1	511	5.368E-143	3	20006	21222	1419	155	0.641	3.343E-40	297	417	604	-20735	-20379	357	20747	20376
364616298	-1	511	5.368E-143	3	20006	21222	1425	146	0.685	2.146E-36	416	520	604	-20320	-20006	315	20377	19904
364632225	-1	82	7.441E-14	1	17662	18021	1472	82	0.388	8.989E-15	95	213	214	-18021	-17662	360	18042	17662
364654044	-1	78	1.191E-12	1	17695	18021	1472	78	0.399	2.880E-13	55	163	172	-18021	-17695	327	18042	17662
364654890	-1	66	4.877E-09	1	17713	18021	1472	66	0.368	2.654E-09	9	111	114	-18021	-17713	309	18042	17662
364655790	-1	92	7.267E-17	1	17671	18021	1472	92	0.431	3.384E-18	9	125	130	-18021	-17671	351	18042	17662
378315237	-1	193	2.866E-47	2	20379	21210	1411	141	0.525	5.349E-34	20	159	418	-21210	-20791	420	21330	20776
378315237	-1	193	2.866E-47	2	20379	21210	1419	52	0.282	2.637E-04	159	272	418	-20735	-20379	357	20747	20376
379076755	-1	81	1.488E-13	1	17698	18012	1472	81	0.424	1.689E-14	53	157	165	-18012	-17698	315	18042	17662
393189355	-1	232	5.214E-59	3	20036	21183	1411	136	0.537	3.178E-32	183	312	581	-21183	-20791	393	21330	20776
393189355	-1	232	5.214E-59	3	20036	21183	1419	61	0.303	2.656E-07	310	434	581	-20741	-20379	363	20747	20376
393189355	-1	232	5.214E-59	3	20036	21183	1425	37	0.217	7.288E+01	434	565	581	-20317	-20036	282	20377	19904
393293056	-1	199	4.479E-49	2	20379	21186	1411	135	0.531	5.958E-32	32	160	415	-21186	-20791	396	21330	20776
393293056	-1	199	4.479E-49	2	20379	21186	1419	64	0.324	2.149E-08	160	271	415	-20735	-20379	357	20747	20376
393736053	-1	80	2.977E-13	1	17695	18021	1472	80	0.406	5.958E-14	35	143	152	-18021	-17695	327	18042	17662
393737148	-1	90	2.907E-16	1	17671	18021	1472	90	0.422	2.246E-17	42	158	163	-18021	-17671	351	18042	17662
393738774	-1	94	1.817E-17	1	17671	18021	1472	94	0.439	5.095E-19	18	134	139	-18021	-17671	351	18042	17662
406573978	-1	83	3.721E-14	1	17671	18012	1472	83	0.405	4.785E-15	109	222	225	-18012	-17671	342	18042	17662
406851460	-1	96	4.542E-18	1	17662	18012	1472	96	0.446	1.052E-19	102	218	219	-18012	-17662	351	18042	17662
407462240	-1	202	5.598E-50	2	20379	21186	1411	139	0.543	2.574E-33	33	161	416	-21186	-20791	396	21330	20776
407462240	-1	202	5.598E-50	2	20379	21186	1419	63	0.320	5.519E-08	161	272	416	-20735	-20379	357	20747	20376
407700193	-1	95	9.084E-18	2	20189	20735	1419	56	0.296	8.396E-06	95	214	320	-20735	-20379	357	20747	20376
407700193	-1	95	9.084E-18	2	20189	20735	1425	40	0.456	8.902E+00	213	256	320	-20320	-20189	132	20377	19904
407950305	-1	84	1.860E-14	1	17668	18012	1472	84	0.407	1.858E-15	12	126	131	-18012	-17668	345	18042	17662
408000804	-1	79	5.953E-13	1	17668	18012	1472	79	0.388	1.119E-13	100	214	217	-18012	-17668	345	18042	17662
408278263	-1	68	1.219E-09	1	17671	17946	1472	68	0.407	7.543E-10	2	93	94	-17946	-17671	276	18042	17662
408278266	-1	70	3.048E-10	1	17671	17946	1472	70	0.416	1.565E-10	2	93	98	-17946	-17671	276	18042	17662
408280037	-1	66	4.877E-09	1	17746	18021	1472	66	0.397	3.634E-09	8	99	105	-18021	-17746	276	18042	17662
408280646	-1	88	1.163E-15	1	17671	18021	1472	88	0.415	1.088E-16	112	228	233	-18021	-17671	351	18042	17662
414559704	-1	113	3.465E-23	1	17671	18021	1472	113	0.505	2.514E-25	9	125	226	-18021	-17671	351	18042	17662
422121334	-1	255	6.215E-66	3	20036	21216	1411	153	0.549	3.128E-38	20	163	422	-21216	-20791	426	21330	20776
422121334	-1	255	6.215E-66	3	20036	21216	1419	60	0.310	4.979E-07	163	278	422	-20735	-20379	357	20747	20376
422121334	-1	255	6.215E-66	3	20036	21216	1425	42	0.234	1.074E+00	278	410	422	-20317	-20036	282	20377	19904
422569274	-1	90	2.907E-16	1	17662	18030	1472	90	0.402	2.246E-17	2	126	127	-18030	-17662	369	18042	17662
431454284	-1	69	6.096E-10	2	20036	21177	1411	142	0.564	2.083E-34	6	132	404	-21177	-20791	387	21330	20776
431454284	-1	69	6.096E-10	2	20036	21177	1425	49	0.258	6.046E-03	256	386	404	-20317	-20036	282	20377	19904
432591812	-1	96	4.542E-18	1	17674	18021	1472	96	0.449	1.052E-19	105	220	231	-18021	-17674	348	18042	17662
436587283	-1	212	5.467E-53	2	20385	21171	1411	149	0.595	7.264E-37	25	150	403	-21171	-20791	381	21330	20776
436587283	-1	212	5.467E-53	2	20385	21171	1419	63	0.323	5.519E-08	150	265	403	-20735	-20385	351	20747	20376
436612853	-1	207	1.749E-51	2	20379	21228	1411	159	0.548	2.792E-40	5	154	527	-21228	-20791	438	21330	20776
436612853	-1	207	1.749E-51	2	20379	21228	1419	48	0.269	4.397E-03	154	268	527	-20735	-20379	357	20747	20376
436810818	-1	201	1.120E-49	2	20379	21186	1411	137	0.538	9.046E-33	32	160	415	-21186	-20791	396	21330	20776
436810818	-1	201	1.120E-49	2	20379	21186	1419	64	0.327	1.146E-08	160	271	415	-20735	-20379	357	20747	20376
437361526	-1	89	5.813E-16	1	17695	18021	1472	89	0.440	5.787E-17	74	182	188	-18021	-17695	327	18042	17662
437362600	-1	69	6.096E-10	1	17671	17940	1472	69	0.417	4.021E-10	24	113	118	-17940	-17671	270	18042	17662
437362992	-1	68	1.219E-09	1	17671	17946	1472	68	0.408	5.508E-10	2	93	98	-17946	-17671	276	18042	17662
451590469	-1	89	5.813E-16	1	17728	18021	1472	89	0.481	3.080E-17	70	167	174	-18021	-17728	294	18042	17662
451903650	-1	68	1.219E-09	1	17671	17946	1472	68	0.405	1.033E-09	2	93	98	-17946	-17671	276	18042	17662
451905333	-1	88	1.163E-15	1	17671	18021	1472	88	0.416	7.933E-17	104	219	224	-18021	-17671	351	18042	17662
455553823	-1	73	3.810E-11	1	17713	18030	1472	73	0.386	1.728E-11	35	140	157	-18030	-17713	318	18042	17662
458004406	-1	98	1.135E-18	2	20036	20735	1419	60	0.305	3.637E-07	143	265	384	-20735	-20382	354	20747	20376
458004406	-1	98	1.135E-18	2	20036	20735	1425	38	0.250	2.965E+01	265	368	384	-20320	-20036	285	20377	19904
 