59242229	-1	17662	257889084	-1	17662
59242229	-1	17662	422569274	-1	17662
59242229	-1	17662	291997548	-1	17662
59242229	-1	17662	59242229	-1	17662
59242229	-1	17662	146343143	-1	17662
59242229	-1	17662	68237112	-1	17662
59242229	-1	17662	88176716	-1	17662
59242229	-1	17662	262675657	-1	17662
59242229	-1	17662	233923192	-1	17662
59242229	-1	17662	102718638	-1	17662
59242229	-1	17662	233922431	-1	17662
59242229	-1	17662	59424147	-1	17662
59242229	-1	17662	146531316	-1	17662
59242229	-1	17662	99681025	-1	17662
59242229	-1	17662	364632225	-1	17662
59242229	-1	17662	12944468	-1	17662
59242229	-1	17662	226215953	-1	17662
59242229	-1	17662	406851460	-1	17662
59242229	-1	17662	131803218	-1	17662
59242229	-1	17662	272668566	-1	17662
59242229	-1	17662	216785214	-1	17662
59242229	-1	17662	350255451	-1	17662
59242229	-1	17662	320843977	-1	17662
59242229	-1	17662	88362996	-1	17662
59242229	-1	17662	88196343	-1	17662
59242229	-1	17662	233897625	-1	17665
59242229	-1	17662	248008354	-1	17665
59242229	-1	17662	59281758	-1	17665
59242229	-1	17662	1115714	-1	17665
59242229	-1	17662	131774817	-1	17668
59242229	-1	17662	161072060	-1	17668
59242229	-1	17662	292090111	-1	17668
59242229	-1	17662	175757617	-1	17668
59242229	-1	17662	146674072	-1	17668
59242229	-1	17662	44738547	-1	17668
59242229	-1	17662	102904889	-1	17668
59242229	-1	17662	15706018	-1	17668
59242229	-1	17662	58952738	-1	17668
59242229	-1	17662	189953590	-1	17668
59242229	-1	17662	59076965	-1	17668
59242229	-1	17662	306282971	-1	17668
59242229	-1	17662	407950305	-1	17668
59242229	-1	17662	320825247	-1	17668
59242229	-1	17662	408000804	-1	17668
59242229	-1	17662	161160470	-1	17668
59242229	-1	17662	73910638	-1	17668
59242229	-1	17662	190169117	-1	17668
59242229	-1	17662	277406209	-1	17668
59242229	-1	17662	277403302	-1	17671
59242229	-1	17662	414559704	-1	17671
59242229	-1	17662	30196534	-1	17671
59242229	-1	17662	30199411	-1	17671
59242229	-1	17662	44741092	-1	17671
59242229	-1	17662	88364984	-1	17671
59242229	-1	17662	88366086	-1	17671
59242229	-1	17662	131987384	-1	17671
59242229	-1	17662	204404824	-1	17671
59242229	-1	17662	248320114	-1	17671
59242229	-1	17662	277403286	-1	17671
59242229	-1	17662	321030898	-1	17671
59242229	-1	17662	393738774	-1	17671
59242229	-1	17662	102905002	-1	17671
59242229	-1	17662	364655790	-1	17671
59242229	-1	17662	15655609	-1	17671
59242229	-1	17662	161072855	-1	17671
59242229	-1	17662	306487853	-1	17671
59242229	-1	17662	321030669	-1	17671
59242229	-1	17662	393737148	-1	17671
59242229	-1	17662	146530514	-1	17671
59242229	-1	17662	233778775	-1	17671
59242229	-1	17662	161073143	-1	17671
59242229	-1	17662	408280646	-1	17671
59242229	-1	17662	451905333	-1	17671
59242229	-1	17662	15657779	-1	17671
59242229	-1	17662	1115802	-1	17671
59242229	-1	17662	30197690	-1	17671
59242229	-1	17662	30199157	-1	17671
59242229	-1	17662	59282063	-1	17671
59242229	-1	17662	406573978	-1	17671
59242229	-1	17662	277404415	-1	17671
59242229	-1	17662	102906130	-1	17671
59242229	-1	17662	321027809	-1	17671
59242229	-1	17662	204697247	-1	17671
59242229	-1	17662	233778670	-1	17671
59242229	-1	17662	30197461	-1	17671
59242229	-1	17662	262862856	-1	17671
59242229	-1	17662	15656313	-1	17671
59242229	-1	17662	190154141	-1	17671
59242229	-1	17662	204697358	-1	17671
59242229	-1	17662	248320355	-1	17671
59242229	-1	17662	291945120	-1	17671
59242229	-1	17662	291946863	-1	17671
59242229	-1	17662	408278266	-1	17671
59242229	-1	17662	44741218	-1	17671
59242229	-1	17662	175615188	-1	17671
59242229	-1	17662	277404485	-1	17671
59242229	-1	17662	1115619	-1	17671
59242229	-1	17662	59281224	-1	17671
59242229	-1	17662	59281942	-1	17671
59242229	-1	17662	146530276	-1	17671
59242229	-1	17662	233781425	-1	17671
59242229	-1	17662	335571767	-1	17671
59242229	-1	17662	408278263	-1	17671
59242229	-1	17662	437362992	-1	17671
59242229	-1	17662	451903650	-1	17671
59242229	-1	17662	190155406	-1	17671
59242229	-1	17662	321029148	-1	17671
59242229	-1	17662	350112803	-1	17671
59242229	-1	17662	335571191	-1	17671
59242229	-1	17662	117448840	-1	17671
59242229	-1	17662	335572416	-1	17671
59242229	-1	17662	437362600	-1	17671
59242229	-1	17662	44738171	-1	17671
59242229	-1	17662	73823966	-1	17671
59242229	-1	17662	321027790	-1	17671
59242229	-1	17662	175613638	-1	17671
59242229	-1	17662	59279804	-1	17671
59242229	-1	17662	233778823	-1	17671
59242229	-1	17662	175613258	-1	17671
59242229	-1	17662	190156153	-1	17671
59242229	-1	17662	233780803	-1	17671
59242229	-1	17662	146529411	-1	17671
59242229	-1	17662	432591812	-1	17674
59242229	-1	17662	117446988	-1	17677
59242229	-1	17662	204840957	-1	17677
59242229	-1	17662	146581711	-1	17680
59242229	-1	17662	262862364	-1	17680
59242229	-1	17662	219122667	-1	17686
59242229	-1	17662	190136120	-1	17692
59242229	-1	17662	15327775	-1	17692
59242229	-1	17662	263046699	-1	17695
59242229	-1	17662	88051297	-1	17695
59242229	-1	17662	262862470	-1	17695
59242229	-1	17662	146528842	-1	17695
59242229	-1	17662	117446021	-1	17695
59242229	-1	17662	437361526	-1	17695
59242229	-1	17662	1114906	-1	17695
59242229	-1	17662	131967575	-1	17695
59242229	-1	17662	291947964	-1	17695
59242229	-1	17662	393736053	-1	17695
59242229	-1	17662	364654044	-1	17695
59242229	-1	17662	150181215	-1	17695
59242229	-1	17662	1114618	-1	17695
59242229	-1	17662	131990762	-1	17695
59242229	-1	17662	321028885	-1	17695
59242229	-1	17662	117446454	-1	17695
59242229	-1	17662	1115165	-1	17695
59242229	-1	17662	219239918	-1	17695
59242229	-1	17662	88363785	-1	17695
59242229	-1	17662	233778971	-1	17695
59242229	-1	17662	306487893	-1	17698
59242229	-1	17662	219237952	-1	17698
59242229	-1	17662	379076755	-1	17698
59242229	-1	17662	204697382	-1	17698
59242229	-1	17662	44827878	-1	17710
59242229	-1	17662	219358130	-1	17710
59242229	-1	17662	244978028	-1	17710
59242229	-1	17662	455553823	-1	17713
59242229	-1	17662	48390385	-1	17713
59242229	-1	17662	364654890	-1	17713
59242229	-1	17662	335549014	-1	17713
59242229	-1	17662	306632904	-1	17716
59242229	-1	17662	281067100	-1	17722
59242229	-1	17662	132132011	-1	17722
59242229	-1	17662	88507316	-1	17722
59242229	-1	17662	15635447	-1	17722
59242229	-1	17662	44922627	-1	17725
59242229	-1	17662	451590469	-1	17728
59242229	-1	17662	320715970	-1	17740
59242229	-1	17662	1257638	-1	17743
59242229	-1	17662	59280175	-1	17743
59242229	-1	17662	408280037	-1	17746
59242229	-1	17662	88508575	-1	17770
59242229	-1	17662	350113590	-1	17770
59242229	-1	17662	321172406	-1	17800
59242229	-1	17662	335714471	-1	17800
59242229	-1	17662	161053206	-1	17806
159023221	-1	19910	159023221	-1	19910
159023221	-1	19910	29980035	-1	19961
159023221	-1	19910	30209428	-1	20006
159023221	-1	19910	227425774	-1	20006
159023221	-1	19910	364616298	-1	20006
159023221	-1	19910	277236604	-1	20006
159023221	-1	19910	248334590	-1	20006
159023221	-1	19910	117277686	-1	20006
159023221	-1	19910	305981836	-1	20036
159023221	-1	19910	422121334	-1	20036
159023221	-1	19910	73379312	-1	20036
159023221	-1	19910	44355336	-1	20036
159023221	-1	19910	393189355	-1	20036
159023221	-1	19910	116554567	-1	20036
159023221	-1	19910	431454284	-1	20036
159023221	-1	19910	458004406	-1	20036
159023221	-1	19910	160515236	-1	20036
159023221	-1	19910	306502257	-1	20036
159023221	-1	19910	73284729	-1	20045
159023221	-1	19910	299880927	-1	20063
159023221	-1	19910	233037617	-1	20063
159023221	-1	19910	247603707	-1	20063
159023221	-1	19910	407700193	-1	20189
159023221	-1	19910	436612853	-1	20379
159023221	-1	19910	363902557	-1	20379
159023221	-1	19910	359932685	-1	20379
159023221	-1	19910	334810323	-1	20379
159023221	-1	19910	145789615	-1	20379
159023221	-1	19910	378315237	-1	20379
159023221	-1	19910	349307074	-1	20379
159023221	-1	19910	29564422	-1	20379
159023221	-1	19910	43931080	-1	20379
159023221	-1	19910	87920026	-1	20379
159023221	-1	19910	305578428	-1	20379
159023221	-1	19910	233168629	-1	20379
159023221	-1	19910	29385169	-1	20379
159023221	-1	19910	334760820	-1	20379
159023221	-1	19910	204197083	-1	20379
159023221	-1	19910	407462240	-1	20379
159023221	-1	19910	73246104	-1	20379
159023221	-1	19910	174919793	-1	20379
159023221	-1	19910	174920662	-1	20379
159023221	-1	19910	436810818	-1	20379
159023221	-1	19910	487667	-1	20379
159023221	-1	19910	101794541	-1	20379
159023221	-1	19910	393293056	-1	20379
159023221	-1	19910	364118979	-1	20379
159023221	-1	19910	87957729	-1	20379
159023221	-1	19910	320178908	-1	20379
159023221	-1	19910	86679518	-1	20379
159023221	-1	19910	15262684	-1	20379
159023221	-1	19910	82361384	-1	20379
159023221	-1	19910	203836250	-1	20379
159023221	-1	19910	247873671	-1	20379
159023221	-1	19910	291355109	-1	20379
159023221	-1	19910	204235945	-1	20379
159023221	-1	19910	189378243	-1	20379
159023221	-1	19910	233311811	-1	20379
159023221	-1	19910	334830771	-1	20379
159023221	-1	19910	335124898	-1	20379
159023221	-1	19910	174735445	-1	20379
159023221	-1	19910	116638978	-1	20379
159023221	-1	19910	334852086	-1	20379
159023221	-1	19910	145681946	-1	20382
159023221	-1	19910	43880247	-1	20385
159023221	-1	19910	320176378	-1	20385
159023221	-1	19910	436587283	-1	20385
159023221	-1	19910	175043539	-1	20385
159023221	-1	19910	204126990	-1	20385
159023221	-1	19910	175627159	-1	20571
159023221	-1	19910	320567819	-1	20785
159023221	-1	19910	277026443	-1	20791
159023221	-1	19910	334854303	-1	20791
159023221	-1	19910	261995579	-1	20791
159023221	-1	19910	131501797	-1	20791
 