2161519	-1	719	1.305E-205	1	15	1958	25	719	0.577	3.154E-225	10	655	747	-1958	-15	1944	1961	0
3043838	-1	1130	0.000E+00	1	0	1961	25	1130	0.830	0.000E+00	6	665	760	-1961	0	1962	1961	0
3283354	-1	1131	0.000E+00	1	0	1961	25	1131	0.831	0.000E+00	6	665	762	-1961	0	1962	1961	0
3965486	-1	1105	8.300E-322	1	18	1961	25	1105	0.821	0.000E+00	6	659	758	-1961	-18	1944	1961	0
4061241	-1	893	5.449E-258	1	0	1961	25	893	0.672	2.199E-285	4	671	749	-1961	0	1962	1961	0
4104365	-1	672	1.836E-191	1	0	1961	25	672	0.540	5.115E-209	17	674	782	-1961	0	1962	1961	0
4662923	-1	859	9.361E-248	1	0	1955	25	859	0.664	1.207E-273	9	658	741	-1955	0	1956	1961	0
5756515	-1	620	8.270E-176	1	24	1961	25	620	0.510	3.445E-191	9	658	751	-1961	-24	1938	1961	0
6316504	1	83	3.721E-14	1	1356	1916	13	83	0.291	1.559E-12	1	187	218	1356	1916	561	828	1961
7582423	-1	1134	0.000E+00	1	0	1961	25	1134	0.833	0.000E+00	6	665	761	-1961	0	1962	1961	0
7857539	-1	880	4.464E-254	1	0	1955	25	880	0.673	7.034E-281	21	677	755	-1955	0	1956	1961	0
8059023	-1	1109	4.941E-323	1	0	1961	25	1109	0.817	0.000E+00	6	665	755	-1961	0	1962	1961	0
8193549	-1	678	2.869E-193	1	24	1955	25	678	0.550	3.389E-211	0	647	741	-1955	-24	1932	1961	0
9303075	-1	952	9.453E-276	1	6	1961	25	952	0.724	5.284E-306	4	655	738	-1961	-6	1956	1961	0
9343835	-1	658	3.009E-187	1	33	1961	25	658	0.538	2.177E-204	9	655	756	-1961	-33	1929	1961	0
10269603	-1	1120	0.000E+00	1	0	1961	25	1120	0.824	0.000E+00	6	665	762	-1961	0	1962	1961	0
10932587	-1	953	4.726E-276	1	0	1955	25	953	0.725	2.057E-306	10	660	746	-1955	0	1956	1961	0
11633216	-1	1145	0.000E+00	1	0	1961	25	1145	0.840	0.000E+00	6	665	762	-1961	0	1962	1961	0
11745780	-1	940	3.872E-272	1	0	1958	25	940	0.715	9.052E-302	14	667	757	-1958	0	1959	1961	0
13200127	-1	599	1.734E-169	1	801	1961	25	599	0.755	4.059E-184	9	398	421	-1961	-801	1161	1961	0
17369033	-1	865	1.463E-249	1	6	1955	25	865	0.670	7.902E-276	12	659	742	-1955	-6	1950	1961	0
18751364	-1	1143	0.000E+00	1	0	1961	25	1143	0.838	0.000E+00	6	665	761	-1961	0	1962	1961	0
19960250	-1	1161	0.000E+00	1	0	1961	25	1161	0.850	0.000E+00	4	663	763	-1961	0	1962	1961	0
20252389	-1	900	4.257E-260	1	6	1958	25	900	0.691	4.090E-288	24	675	766	-1958	-6	1953	1961	0
23638257	-1	623	1.034E-176	1	24	1961	25	623	0.513	2.812E-192	9	658	751	-1961	-24	1938	1961	0
24655031	-1	865	1.463E-249	1	18	1958	25	865	0.672	7.902E-276	8	655	762	-1958	-18	1941	1961	0
25412771	-1	865	1.463E-249	1	6	1955	25	865	0.670	7.902E-276	12	659	742	-1955	-6	1950	1961	0
25691263	-1	674	4.591E-192	1	0	1961	25	674	0.541	7.796E-210	9	666	754	-1961	0	1962	1961	0
26876125	-1	718	2.610E-205	1	21	1961	25	718	0.577	5.908E-225	10	656	752	-1961	-21	1941	1961	0
27399168	-1	778	2.263E-223	1	21	1955	25	778	0.617	1.123E-245	13	658	745	-1955	-21	1935	1961	0
27467020	-1	815	1.647E-234	1	0	1955	25	815	0.636	1.692E-258	9	660	748	-1955	0	1956	1961	0
27492375	-1	866	7.314E-250	1	6	1955	25	866	0.670	4.214E-276	15	662	745	-1955	-6	1950	1961	0
27620805	-1	775	1.811E-222	1	18	1955	25	775	0.615	1.011E-244	13	658	751	-1955	-18	1938	1961	0
28317244	-1	670	7.345E-191	1	0	1961	25	670	0.539	1.310E-208	9	666	754	-1961	0	1962	1961	0
28439517	-1	934	2.478E-270	1	0	1958	25	934	0.711	1.386E-299	17	670	760	-1958	0	1959	1961	0
28640731	-1	1115	0.000E+00	1	0	1961	25	1115	0.820	0.000E+00	6	665	762	-1961	0	1962	1961	0
31334826	-1	893	5.449E-258	1	6	1955	25	893	0.681	1.173E-285	19	676	767	-1955	-6	1950	1961	0
32130112	-1	1127	0.000E+00	1	0	1961	25	1127	0.828	0.000E+00	6	665	762	-1961	0	1962	1961	0
32915470	-1	893	5.449E-258	1	0	1955	25	893	0.673	1.606E-285	11	677	755	-1955	0	1956	1961	0
32954359	-1	904	2.661E-261	1	0	1955	25	904	0.691	2.415E-289	8	662	754	-1955	0	1956	1961	0
34103781	-1	1136	0.000E+00	1	0	1961	25	1136	0.834	0.000E+00	6	665	761	-1961	0	1962	1961	0
34697312	-1	650	7.702E-185	1	21	1955	25	650	0.532	1.149E-201	0	648	728	-1955	-21	1935	1961	0
36024552	-1	643	9.859E-183	1	24	1955	25	643	0.527	4.427E-199	11	658	770	-1955	-24	1932	1961	0
36729914	-1	1127	0.000E+00	1	6	1961	25	1127	0.830	0.000E+00	6	663	761	-1961	-6	1956	1961	0
36975636	-1	672	1.836E-191	1	0	1961	25	672	0.540	3.739E-209	9	666	754	-1961	0	1962	1961	0
38683633	-1	1139	0.000E+00	1	0	1961	25	1139	0.836	0.000E+00	6	665	761	-1961	0	1962	1961	0
38700722	-1	661	3.761E-188	1	21	1961	25	661	0.538	1.773E-205	9	659	755	-1961	-21	1941	1961	0
39497244	-1	898	1.703E-259	1	21	1961	25	898	0.681	2.697E-287	9	670	755	-1961	-21	1941	1961	0
39533550	-1	640	7.887E-182	1	24	1958	25	640	0.525	5.430E-198	12	660	764	-1958	-24	1935	1961	0
40458403	-1	1160	0.000E+00	1	0	1961	25	1160	0.849	0.000E+00	4	663	763	-1961	0	1962	1961	0
42481947	-1	939	7.744E-272	1	0	1958	25	939	0.715	2.325E-301	8	660	734	-1958	0	1959	1961	0
46348304	-1	1127	0.000E+00	1	6	1961	25	1127	0.831	0.000E+00	6	663	757	-1961	-6	1956	1961	0
46735502	-1	696	1.095E-198	1	15	1955	25	696	0.560	1.840E-217	23	673	824	-1955	-15	1941	1961	0
46885562	-1	910	4.157E-263	1	0	1958	25	910	0.697	1.579E-291	5	656	757	-1958	0	1959	1961	0
47338649	-1	621	4.135E-176	1	21	1955	25	621	0.513	1.346E-191	10	658	804	-1955	-21	1935	1961	0
48294616	-1	906	6.652E-262	1	0	1961	25	906	0.681	5.014E-290	8	675	753	-1961	0	1962	1961	0
48411384	-1	638	3.155E-181	1	21	1955	25	638	0.519	1.901E-197	13	669	813	-1955	-21	1935	1961	0
48803570	-1	930	3.965E-269	1	0	1958	25	930	0.708	3.216E-298	15	668	760	-1958	0	1959	1961	0
50688805	-1	1107	2.075E-322	1	0	1961	25	1107	0.815	0.000E+00	6	665	755	-1961	0	1962	1961	0
50979111	-1	1103	3.310E-321	1	0	1961	25	1103	0.813	0.000E+00	6	665	762	-1961	0	1962	1961	0
51401997	-1	674	4.591E-192	1	0	1961	25	674	0.541	7.796E-210	9	666	754	-1961	0	1962	1961	0
52293373	-1	906	6.652E-262	1	0	1958	25	906	0.694	3.662E-290	18	668	752	-1958	0	1959	1961	0
52863787	-1	959	7.385E-278	1	0	1958	25	959	0.722	1.839E-308	10	668	744	-1958	0	1959	1961	0
52891345	-1	1139	0.000E+00	1	0	1961	25	1139	0.836	0.000E+00	6	665	761	-1961	0	1962	1961	0
53152966	-1	675	2.295E-192	1	0	1955	25	675	0.543	3.043E-210	19	674	777	-1955	0	1956	1961	0
54517968	-1	654	4.814E-186	1	24	1955	25	654	0.535	6.843E-203	11	658	767	-1955	-24	1932	1961	0
55127576	-1	664	4.701E-189	1	0	1961	25	664	0.535	1.444E-206	9	666	754	-1961	0	1962	1961	0
55461027	-1	1004	2.099E-291	1	6	1958	25	1004	0.757	9.881E-324	19	670	750	-1958	-6	1953	1961	0
56958943	-1	668	2.938E-190	1	0	1961	25	668	0.537	1.176E-207	9	666	754	-1961	0	1962	1961	0
56993352	-1	885	1.395E-255	1	0	1955	25	885	0.681	1.182E-282	11	662	748	-1955	0	1956	1961	0
57603523	-1	1126	0.000E+00	1	6	1961	25	1126	0.830	0.000E+00	6	663	761	-1961	-6	1956	1961	0
62616477	-1	899	8.514E-260	1	6	1955	25	899	0.691	1.438E-287	10	660	750	-1955	-6	1950	1961	0
62651261	-1	906	6.652E-262	1	0	1958	25	906	0.694	5.014E-290	17	666	751	-1958	0	1959	1961	0
63038060	-1	901	2.129E-260	1	0	1955	25	901	0.692	2.181E-288	12	663	748	-1955	0	1956	1961	0
65151504	-1	865	1.463E-249	1	6	1955	25	865	0.670	1.082E-275	15	662	745	-1955	-6	1950	1961	0
65854505	-1	619	1.654E-175	1	24	1961	25	619	0.510	8.816E-191	9	658	751	-1961	-24	1938	1961	0
66382107	-1	1106	4.150E-322	1	0	1961	25	1106	0.815	0.000E+00	6	665	762	-1961	0	1962	1961	0
66562748	-1	903	5.321E-261	1	24	1958	25	903	0.687	4.528E-289	10	668	755	-1958	-24	1935	1961	0
67183281	-1	672	1.836E-191	1	0	1961	25	672	0.540	2.732E-209	9	666	754	-1961	0	1962	1961	0
70718966	-1	865	1.463E-249	1	6	1955	25	865	0.670	7.902E-276	15	662	745	-1955	-6	1950	1961	0
70936068	-1	879	8.928E-254	1	0	1958	25	879	0.676	1.319E-280	15	665	750	-1958	0	1959	1961	0
71013048	-1	1136	0.000E+00	1	0	1961	25	1136	0.834	0.000E+00	6	665	761	-1961	0	1962	1961	0
71348480	-1	634	5.048E-180	1	24	1961	25	634	0.521	3.189E-196	9	658	751	-1961	-24	1938	1961	0
71602876	-1	670	7.345E-191	1	21	1955	25	670	0.545	1.310E-208	0	648	747	-1955	-21	1935	1961	0
75287146	-1	895	1.362E-258	1	0	1958	25	895	0.678	4.566E-286	14	676	764	-1958	0	1959	1961	0
76016167	-1	961	1.846E-278	1	6	1961	25	961	0.725	3.816E-309	9	666	754	-1961	-6	1956	1961	0
76040917	-1	778	2.263E-223	1	6	1961	25	778	0.612	1.123E-245	15	666	748	-1961	-6	1956	1961	0
78107750	-1	906	6.652E-262	1	6	1955	25	906	0.694	3.662E-290	13	665	763	-1955	-6	1950	1961	0
78457884	-1	897	3.406E-259	1	6	1961	25	897	0.676	5.057E-287	9	675	755	-1961	-6	1956	1961	0
78607286	-1	671	3.673E-191	1	0	1961	25	671	0.539	6.999E-209	9	666	754	-1961	0	1962	1961	0
79729595	-1	860	4.681E-248	1	6	1955	25	860	0.667	4.700E-274	15	662	745	-1955	-6	1950	1961	0
79978097	-1	597	6.937E-169	1	33	1961	25	597	0.499	1.942E-183	10	656	764	-1961	-33	1929	1961	0
80295015	-1	919	8.120E-266	1	0	1955	25	919	0.700	2.142E-294	17	671	757	-1955	0	1956	1961	0
81566285	-1	864	2.925E-249	1	6	1955	25	864	0.669	2.029E-275	12	659	686	-1955	-6	1950	1961	0
81804440	-1	666	1.175E-189	1	0	1961	25	666	0.536	5.639E-207	9	666	754	-1961	0	1962	1961	0
83042448	-1	676	1.148E-192	1	24	1955	25	676	0.549	1.188E-210	11	658	757	-1955	-24	1932	1961	0
83242312	-1	863	5.851E-249	1	6	1955	25	863	0.669	3.803E-275	15	662	745	-1955	-6	1950	1961	0
83600764	-1	644	4.929E-183	1	24	1961	25	644	0.527	1.729E-199	7	656	745	-1961	-24	1938	1961	0
84373093	-1	1099	5.298E-320	1	0	1961	25	1099	0.810	0.000E+00	6	665	762	-1961	0	1962	1961	0
84983612	-1	661	3.761E-188	1	33	1961	25	661	0.540	1.773E-205	9	655	756	-1961	-33	1929	1961	0
85025254	-1	651	3.851E-185	1	24	1955	25	651	0.533	8.397E-202	9	656	747	-1955	-24	1932	1961	0
85414937	-1	861	2.340E-248	1	21	1955	25	861	0.672	1.831E-274	12	654	742	-1955	-21	1935	1961	0
85486991	-1	671	3.673E-191	1	21	1955	25	671	0.545	6.999E-209	11	659	758	-1955	-21	1935	1961	0
86042101	-1	621	4.135E-176	1	24	1961	25	621	0.512	1.346E-191	9	658	751	-1961	-24	1938	1961	0
86611897	-1	672	1.836E-191	1	0	1961	25	672	0.540	3.739E-209	17	674	776	-1961	0	1962	1961	0
86612432	-1	870	4.571E-251	1	6	1955	25	870	0.673	1.819E-277	12	659	742	-1955	-6	1950	1961	0
89558902	-1	900	4.257E-260	1	0	1958	25	900	0.690	4.090E-288	26	677	762	-1958	0	1959	1961	0
91877292	-1	809	1.054E-232	1	21	1958	25	809	0.637	1.883E-256	8	653	822	-1958	-21	1938	1961	0
92169468	-1	886	6.975E-256	1	0	1955	25	886	0.682	3.361E-283	21	671	746	-1955	0	1956	1961	0
92613684	-1	765	1.854E-219	1	0	1955	25	765	0.604	2.594E-241	9	658	753	-1955	0	1956	1961	0
92852516	-1	1111	1.482E-323	1	0	1961	25	1111	0.818	0.000E+00	6	665	762	-1961	0	1962	1961	0
93113414	-1	869	9.142E-251	1	15	1955	25	869	0.672	4.670E-277	8	657	742	-1955	-15	1941	1961	0
93299438	-1	1141	0.000E+00	1	0	1961	25	1141	0.837	0.000E+00	6	665	761	-1961	0	1962	1961	0
93560317	1	57	2.497E-06	1	1497	1961	13	57	0.257	2.348E-04	12	159	249	1497	1961	465	828	1961
94074753	-1	1106	4.150E-322	1	0	1961	25	1106	0.815	0.000E+00	6	665	755	-1961	0	1962	1961	0
96251284	-1	909	8.315E-263	1	0	1958	25	909	0.694	5.552E-291	7	661	755	-1958	0	1959	1961	0
96571471	-1	871	2.285E-251	1	6	1955	25	871	0.674	5.174E-278	15	662	745	-1955	-6	1950	1961	0
97692238	-1	661	3.761E-188	1	24	1955	25	661	0.539	3.319E-205	9	656	747	-1955	-24	1932	1961	0
98284580	-1	882	1.116E-254	1	18	1958	25	882	0.684	7.792E-282	15	660	750	-1958	-18	1941	1961	0
98472691	-1	779	1.132E-223	1	21	1955	25	779	0.617	4.377E-246	13	658	745	-1955	-21	1935	1961	0
99803173	-1	654	4.814E-186	1	0	1955	25	654	0.530	5.002E-203	19	674	778	-1955	0	1956	1961	0
104563171	1	98	1.135E-18	1	978	1961	13	98	0.232	1.797E-17	104	437	447	978	1961	984	828	1961
105253687	-1	664	4.701E-189	1	33	1961	25	664	0.541	1.444E-206	9	657	762	-1961	-33	1929	1961	0
105399608	-1	997	2.687E-289	1	6	1958	25	997	0.754	1.418E-321	7	657	736	-1958	-6	1953	1961	0
106711574	-1	904	2.661E-261	1	0	1955	25	904	0.693	2.415E-289	6	657	732	-1955	0	1956	1961	0
106743559	-1	672	1.836E-191	1	0	1955	25	672	0.541	2.732E-209	11	666	754	-1955	0	1956	1961	0
109433265	-1	870	4.571E-251	1	6	1955	25	870	0.673	1.328E-277	15	662	745	-1955	-6	1950	1961	0
109644699	-1	864	2.925E-249	1	15	1955	25	864	0.672	2.029E-275	15	659	745	-1955	-15	1941	1961	0
109797875	-1	671	3.673E-191	1	0	1961	25	671	0.539	9.576E-209	9	666	754	-1961	0	1962	1961	0
110013706	-1	895	1.362E-258	1	0	1955	25	895	0.685	3.335E-286	8	662	751	-1955	0	1956	1961	0
110581146	-1	651	3.851E-185	1	24	1955	25	651	0.533	6.138E-202	9	656	747	-1955	-24	1932	1961	0
111279570	-1	968	1.442E-280	1	0	1958	25	968	0.734	1.327E-311	5	657	731	-1958	0	1959	1961	0
111606769	-1	1135	0.000E+00	1	0	1961	25	1135	0.834	0.000E+00	6	665	761	-1961	0	1962	1961	0
111613285	-1	988	1.376E-286	1	6	1958	25	988	0.747	2.689E-318	12	663	740	-1958	-6	1953	1961	0
112153933	-1	987	2.751E-286	1	0	1955	25	987	0.747	3.684E-318	14	664	758	-1955	0	1956	1961	0
112380597	-1	925	1.269E-267	1	0	1961	25	925	0.689	1.022E-296	6	677	754	-1961	0	1962	1961	0
113631340	-1	958	1.477E-277	1	0	1961	25	958	0.714	4.724E-308	6	672	752	-1961	0	1962	1961	0
113974775	-1	682	1.793E-194	1	0	1955	25	682	0.548	1.077E-212	19	674	777	-1955	0	1956	1961	0
114122416	-1	992	8.597E-288	1	6	1958	25	992	0.751	8.452E-320	7	657	736	-1958	-6	1953	1961	0
114995099	-1	961	1.846E-278	1	6	1961	25	961	0.725	3.816E-309	9	666	754	-1961	-6	1956	1961	0
115221663	-1	594	5.550E-168	1	33	1961	25	594	0.497	2.375E-182	10	656	764	-1961	-33	1929	1961	0
115381458	-1	865	1.463E-249	1	6	1955	25	865	0.670	7.902E-276	15	662	745	-1955	-6	1950	1961	0
116183352	-1	673	9.182E-192	1	24	1955	25	673	0.547	1.460E-209	13	660	753	-1955	-24	1932	1961	0
119235267	-1	671	3.673E-191	1	24	1955	25	671	0.546	9.576E-209	11	658	761	-1955	-24	1932	1961	0
119336661	-1	644	4.929E-183	1	24	1955	25	644	0.528	1.264E-199	14	661	752	-1955	-24	1932	1961	0
119914462	-1	962	9.231E-279	1	0	1961	25	962	0.729	1.485E-309	10	663	740	-1961	0	1962	1961	0
120144110	-1	994	2.149E-288	1	0	1958	25	994	0.746	1.753E-320	11	667	758	-1958	0	1959	1961	0
120748798	-1	964	2.308E-279	1	0	1961	25	964	0.729	3.083E-310	5	659	749	-1961	0	1962	1961	0
122145237	-1	1137	0.000E+00	1	0	1961	25	1137	0.834	0.000E+00	6	665	761	-1961	0	1962	1961	0
124363694	-1	1000	3.358E-290	1	0	1958	25	1000	0.749	2.124E-322	9	666	747	-1958	0	1959	1961	0
124503009	-1	652	1.926E-185	1	24	1955	25	652	0.534	2.397E-202	11	658	769	-1955	-24	1932	1961	0
125091609	-1	677	5.739E-193	1	24	1955	25	677	0.549	8.683E-211	11	658	760	-1955	-24	1932	1961	0
126537192	-1	1174	0.000E+00	1	0	1961	25	1174	0.858	0.000E+00	6	665	762	-1961	0	1962	1961	0
127547142	-1	775	1.811E-222	1	0	1955	25	775	0.610	1.384E-244	13	664	745	-1955	0	1956	1961	0
128206173	-1	661	3.761E-188	1	24	1958	25	661	0.539	1.773E-205	10	658	767	-1958	-24	1935	1961	0
129070926	-1	951	1.891E-275	1	0	1961	25	951	0.718	9.911E-306	9	666	757	-1961	0	1962	1961	0
129203446	-1	1075	8.889E-313	1	0	1961	25	1075	0.795	0.000E+00	6	665	762	-1961	0	1962	1961	0
129359535	-1	1003	4.198E-291	1	18	1958	25	1003	0.761	1.482E-323	11	658	742	-1958	-18	1941	1961	0
129387413	-1	1000	3.358E-290	1	0	1958	25	1000	0.753	1.136E-322	11	664	740	-1958	0	1959	1961	0
129932298	-1	673	9.182E-192	1	0	1961	25	673	0.540	1.997E-209	9	666	754	-1961	0	1962	1961	0
130105662	-1	1103	3.310E-321	1	0	1961	25	1103	0.813	0.000E+00	6	665	762	-1961	0	1962	1961	0
130303762	-1	775	1.811E-222	1	0	1955	25	775	0.610	7.388E-245	13	664	745	-1955	0	1956	1961	0
130574665	-1	647	6.162E-184	1	24	1955	25	647	0.531	1.030E-200	9	656	747	-1955	-24	1932	1961	0
133394196	-1	1101	1.325E-320	1	6	1961	25	1101	0.814	0.000E+00	6	663	762	-1961	-6	1956	1961	0
134053294	-1	1121	0.000E+00	1	0	1961	25	1121	0.824	0.000E+00	6	665	762	-1961	0	1962	1961	0
134705947	-1	998	1.343E-289	1	0	1958	25	998	0.753	5.534E-322	5	657	749	-1958	0	1959	1961	0
137751100	-1	1127	0.000E+00	1	6	1961	25	1127	0.831	0.000E+00	6	663	761	-1961	-6	1956	1961	0
137955544	-1	733	7.964E-210	1	0	1958	25	733	0.582	3.915E-230	7	657	751	-1958	0	1959	1961	0
139222248	-1	1095	8.477E-319	1	0	1961	25	1095	0.808	0.000E+00	6	665	762	-1961	0	1962	1961	0
140038543	-1	1134	0.000E+00	1	0	1961	25	1134	0.833	0.000E+00	6	665	761	-1961	0	1962	1961	0
142130156	-1	1143	0.000E+00	1	0	1961	25	1143	0.838	0.000E+00	6	665	761	-1961	0	1962	1961	0
142318605	-1	656	1.203E-186	1	24	1958	25	656	0.535	1.428E-203	12	660	765	-1958	-24	1935	1961	0
142708882	-1	935	1.239E-270	1	0	1958	25	935	0.712	5.396E-300	5	655	735	-1958	0	1959	1961	0
142992137	-1	997	2.687E-289	1	0	1958	25	997	0.752	1.942E-321	9	661	752	-1958	0	1959	1961	0
143325701	-1	656	1.203E-186	1	0	1958	25	656	0.530	1.044E-203	12	668	759	-1958	0	1959	1961	0
143748461	-1	669	1.469E-190	1	0	1961	25	669	0.538	3.356E-208	9	666	754	-1961	0	1962	1961	0
144107986	-1	1127	0.000E+00	1	0	1961	25	1127	0.829	0.000E+00	6	665	762	-1961	0	1962	1961	0
144397509	-1	670	7.345E-191	1	0	1961	25	670	0.539	1.793E-208	9	666	754	-1961	0	1962	1961	0
147667054	-1	666	1.175E-189	1	0	1955	25	666	0.537	4.122E-207	10	665	756	-1955	0	1956	1961	0
148704283	-1	656	1.203E-186	1	24	1955	25	656	0.536	1.044E-203	11	658	769	-1955	-24	1932	1961	0
148803408	-1	1140	0.000E+00	1	0	1961	25	1140	0.837	0.000E+00	6	665	761	-1961	0	1962	1961	0
150085956	-1	1103	3.310E-321	1	0	1961	25	1103	0.813	0.000E+00	6	665	762	-1961	0	1962	1961	0
150499284	-1	901	2.129E-260	1	21	1961	25	901	0.683	2.986E-288	9	670	755	-1961	-21	1941	1961	0
152423712	-1	932	9.912E-270	1	0	1955	25	932	0.710	3.560E-299	34	687	765	-1955	0	1956	1961	0
152519623	-1	655	2.407E-186	1	24	1955	25	655	0.535	2.672E-203	11	658	769	-1955	-24	1932	1961	0
153066929	-1	925	1.269E-267	1	6	1958	25	925	0.706	1.917E-296	15	667	759	-1958	-6	1953	1961	0
153410669	-1	644	4.929E-183	1	24	1955	25	644	0.528	1.729E-199	11	658	769	-1955	-24	1932	1961	0
153750691	-1	669	1.469E-190	1	0	1961	25	669	0.538	4.592E-208	9	666	754	-1961	0	1962	1961	0
155607922	-1	897	3.406E-259	1	0	1958	25	897	0.685	5.057E-287	14	670	758	-1958	0	1959	1961	0
155799322	-1	853	5.991E-246	1	6	1958	25	853	0.661	9.824E-272	8	659	762	-1958	-6	1953	1961	0
156001074	-1	1137	0.000E+00	1	0	1961	25	1137	0.835	0.000E+00	6	665	760	-1961	0	1962	1961	0
156758374	-1	869	9.142E-251	1	6	1955	25	869	0.672	4.670E-277	15	662	745	-1955	-6	1950	1961	0
157542512	-1	869	9.142E-251	1	0	1955	25	869	0.671	2.490E-277	16	665	748	-1955	0	1956	1961	0
157547197	-1	650	7.702E-185	1	24	1955	25	650	0.532	1.149E-201	9	656	747	-1955	-24	1932	1961	0
157702712	-1	985	1.100E-285	1	0	1961	25	985	0.735	2.432E-317	8	670	759	-1961	0	1962	1961	0
158064690	-1	962	9.231E-279	1	0	1961	25	962	0.729	2.786E-309	6	659	736	-1961	0	1962	1961	0
159165388	-1	657	6.017E-187	1	24	1958	25	657	0.536	7.627E-204	12	660	759	-1958	-24	1935	1961	0
159221498	-1	1131	0.000E+00	1	0	1961	25	1131	0.832	0.000E+00	4	662	751	-1961	0	1962	1961	0
159291218	-1	869	9.142E-251	1	6	1955	25	869	0.672	4.670E-277	15	662	745	-1955	-6	1950	1961	0
162125603	-1	1138	0.000E+00	1	0	1961	25	1138	0.835	0.000E+00	6	665	762	-1961	0	1962	1961	0
163019229	-1	664	4.701E-189	1	0	1961	25	664	0.535	2.704E-206	9	666	754	-1961	0	1962	1961	0
167420360	-1	896	6.811E-259	1	6	1958	25	896	0.689	1.299E-286	9	657	744	-1958	-6	1953	1961	0
168084094	-1	934	2.478E-270	1	0	1958	25	934	0.711	1.012E-299	14	667	757	-1958	0	1959	1961	0
168311981	-1	681	3.587E-194	1	0	1955	25	681	0.547	2.016E-212	11	666	752	-1955	0	1956	1961	0
168960929	-1	946	6.050E-274	1	0	1955	25	946	0.719	8.094E-304	14	666	756	-1955	0	1956	1961	0
170030829	-1	676	1.148E-192	1	24	1961	25	676	0.548	1.188E-210	11	660	754	-1961	-24	1938	1961	0
170218726	-1	912	1.039E-263	1	0	1961	25	912	0.684	4.489E-292	4	672	750	-1961	0	1962	1961	0
170294054	-1	638	3.155E-181	1	24	1955	25	638	0.525	1.390E-197	10	657	752	-1955	-24	1932	1961	0
170907797	-1	667	5.876E-190	1	0	1955	25	667	0.538	2.202E-207	19	674	777	-1955	0	1956	1961	0
171594786	-1	970	3.606E-281	1	0	1958	25	970	0.733	2.755E-312	10	664	740	-1958	0	1959	1961	0
172028401	-1	668	2.938E-190	1	0	1961	25	668	0.537	8.596E-208	9	666	754	-1961	0	1962	1961	0
172181604	-1	935	1.239E-270	1	0	1958	25	935	0.712	3.940E-300	17	670	760	-1958	0	1959	1961	0
173849798	-1	1099	5.298E-320	1	6	1961	25	1099	0.813	0.000E+00	6	663	762	-1961	-6	1956	1961	0
176599779	-1	866	7.314E-250	1	6	1955	25	866	0.670	4.214E-276	12	659	742	-1955	-6	1950	1961	0
178158352	-1	652	1.926E-185	1	24	1955	25	652	0.533	2.397E-202	11	659	763	-1955	-24	1932	1961	0
178326915	-1	870	4.571E-251	1	6	1955	25	870	0.673	1.819E-277	12	659	742	-1955	-6	1950	1961	0
181507088	-1	600	8.672E-170	1	33	1961	25	600	0.500	2.170E-184	10	656	764	-1961	-33	1929	1961	0
182176009	-1	861	2.340E-248	1	6	1955	25	861	0.667	1.831E-274	15	662	745	-1955	-6	1950	1961	0
182295656	-1	599	1.734E-169	1	33	1961	25	599	0.500	4.059E-184	10	656	763	-1961	-33	1929	1961	0
182621307	-1	1139	0.000E+00	1	0	1961	25	1139	0.836	0.000E+00	6	665	761	-1961	0	1962	1961	0
183704914	-1	1104	1.655E-321	1	0	1961	25	1104	0.814	0.000E+00	6	665	762	-1961	0	1962	1961	0
184687238	-1	651	3.851E-185	1	24	1955	25	651	0.533	8.397E-202	11	658	769	-1955	-24	1932	1961	0
184746750	-1	1103	3.310E-321	1	0	1961	25	1103	0.813	0.000E+00	6	665	762	-1961	0	1962	1961	0
185528182	-1	1104	1.655E-321	1	0	1961	25	1104	0.814	0.000E+00	6	665	755	-1961	0	1962	1961	0
185560362	-1	975	1.127E-282	1	0	1958	25	975	0.738	6.323E-314	10	662	736	-1958	0	1959	1961	0
186949948	-1	604	5.420E-171	1	33	1961	25	604	0.503	1.297E-185	10	656	764	-1961	-33	1929	1961	0
188001247	-1	903	5.321E-261	1	6	1955	25	903	0.692	4.528E-289	13	665	763	-1955	-6	1950	1961	0
188005597	-1	873	5.714E-252	1	0	1958	25	873	0.672	1.472E-278	8	659	755	-1958	0	1959	1961	0
188395403	-1	757	4.747E-217	1	0	1949	25	757	0.600	1.383E-238	14	662	749	-1949	0	1950	1961	0
192079875	-1	640	7.887E-182	1	21	1955	25	640	0.524	3.969E-198	14	663	807	-1955	-21	1935	1961	0
192320213	-1	1026	5.004E-298	1	0	1958	25	1026	0.771	0.000E+00	10	662	745	-1958	0	1959	1961	0
193666407	-1	597	6.937E-169	1	33	1961	25	597	0.499	1.942E-183	10	656	764	-1961	-33	1929	1961	0
193934005	-1	778	2.263E-223	1	21	1958	25	778	0.617	1.123E-245	10	653	756	-1958	-21	1938	1961	0
194928894	-1	903	5.321E-261	1	0	1955	25	903	0.690	6.201E-289	8	662	758	-1955	0	1956	1961	0
195910185	-1	679	1.435E-193	1	24	1955	25	679	0.551	1.323E-211	11	658	764	-1955	-24	1932	1961	0
196530939	-1	902	1.064E-260	1	0	1958	25	902	0.691	1.592E-288	17	667	751	-1958	0	1959	1961	0
196567272	-1	900	4.257E-260	1	0	1958	25	900	0.690	4.090E-288	5	656	757	-1958	0	1959	1961	0
196673695	-1	1136	0.000E+00	1	0	1961	25	1136	0.834	0.000E+00	6	665	761	-1961	0	1962	1961	0
197930685	-1	602	2.168E-170	1	33	1961	25	602	0.501	6.205E-185	10	656	764	-1961	-33	1929	1961	0
198118675	-1	685	2.242E-195	1	6	1958	25	685	0.553	8.761E-214	7	655	749	-1958	-6	1953	1961	0
198469507	-1	1135	0.000E+00	1	0	1961	25	1135	0.834	0.000E+00	6	665	761	-1961	0	1962	1961	0
198922642	-1	872	1.143E-251	1	6	1955	25	872	0.674	3.778E-278	15	662	745	-1955	-6	1950	1961	0
200374875	-1	938	1.549E-271	1	0	1958	25	938	0.714	3.184E-301	14	667	757	-1958	0	1959	1961	0
201038494	-1	670	7.345E-191	1	0	1961	25	670	0.538	2.453E-208	9	666	754	-1961	0	1962	1961	0
201210369	-1	961	1.846E-278	1	0	1958	25	961	0.727	3.816E-309	10	664	740	-1958	0	1959	1961	0
201289274	-1	1075	8.889E-313	1	0	1961	25	1075	0.795	0.000E+00	6	665	762	-1961	0	1962	1961	0
201718092	-1	993	4.299E-288	1	6	1958	25	993	0.752	3.289E-320	7	657	736	-1958	-6	1953	1961	0
203120694	-1	1104	1.655E-321	1	0	1961	25	1104	0.813	0.000E+00	6	665	762	-1961	0	1962	1961	0
206856955	-1	663	9.402E-189	1	24	1958	25	663	0.540	5.061E-206	12	660	754	-1958	-24	1935	1961	0
207218098	-1	889	8.718E-257	1	0	1955	25	889	0.684	3.723E-284	11	662	757	-1955	0	1956	1961	0
211835340	-1	698	2.736E-199	1	0	1958	25	698	0.557	3.835E-218	10	666	760	-1958	0	1959	1961	0
212308241	-1	776	9.054E-223	1	18	1955	25	776	0.615	5.397E-245	13	658	751	-1955	-18	1938	1961	0
212717398	-1	671	3.673E-191	1	0	1961	25	671	0.539	6.999E-209	9	666	754	-1961	0	1962	1961	0
213836242	-1	672	1.836E-191	1	0	1961	25	672	0.540	5.115E-209	9	666	754	-1961	0	1962	1961	0
215462241	-1	667	5.876E-190	1	0	1961	25	667	0.537	1.609E-207	9	666	754	-1961	0	1962	1961	0
215484360	-1	966	5.769E-280	1	0	1958	25	966	0.730	8.761E-311	10	664	740	-1958	0	1959	1961	0
216443387	-1	1001	1.679E-290	1	6	1958	25	1001	0.757	8.399E-323	7	657	736	-1958	-6	1953	1961	0
217424793	-1	1006	5.247E-292	1	0	1955	25	1006	0.759	0.000E+00	11	662	755	-1955	0	1956	1961	0
223366440	-1	1141	0.000E+00	1	0	1961	25	1141	0.837	0.000E+00	6	665	761	-1961	0	1962	1961	0
223688254	-1	1013	4.099E-294	1	6	1958	25	1013	0.765	0.000E+00	10	660	745	-1958	-6	1953	1961	0
224331453	-1	936	6.195E-271	1	0	1955	25	936	0.714	2.877E-300	10	660	749	-1955	0	1956	1961	0
225148267	-1	642	1.972E-182	1	24	1955	25	642	0.527	8.285E-199	11	658	767	-1955	-24	1932	1961	0
225294835	-1	868	1.828E-250	1	15	1955	25	868	0.674	6.394E-277	15	659	745	-1955	-15	1941	1961	0
226496474	-1	624	5.169E-177	1	24	1955	25	624	0.515	1.099E-192	11	658	750	-1955	-24	1932	1961	0
226915515	-1	634	5.048E-180	1	24	1958	25	634	0.521	3.189E-196	12	660	764	-1958	-24	1935	1961	0
226930526	-1	998	1.343E-289	1	18	1958	25	998	0.758	5.534E-322	11	658	742	-1958	-18	1941	1961	0
226946516	-1	996	5.373E-289	1	6	1958	25	996	0.754	3.636E-321	7	657	736	-1958	-6	1953	1961	0
227716423	-1	991	1.719E-287	1	0	1961	25	991	0.747	2.172E-319	6	659	742	-1961	0	1962	1961	0
228038491	-1	841	2.454E-242	1	0	1955	25	841	0.652	1.671E-267	12	664	757	-1955	0	1956	1961	0
228223161	-1	1159	0.000E+00	1	0	1961	25	1159	0.848	0.000E+00	6	665	758	-1961	0	1962	1961	0
228328160	-1	1000	3.358E-290	1	0	1961	25	1000	0.753	1.136E-322	9	661	750	-1961	0	1962	1961	0
228719220	-1	665	2.350E-189	1	0	1961	25	665	0.536	7.716E-207	9	666	754	-1961	0	1962	1961	0
228724535	-1	897	3.406E-259	1	21	1961	25	897	0.680	6.925E-287	9	670	755	-1961	-21	1941	1961	0
230335625	-1	776	9.054E-223	1	0	1955	25	776	0.611	3.942E-245	13	664	751	-1955	0	1956	1961	0
230400404	-1	906	6.652E-262	1	0	1955	25	906	0.695	5.014E-290	19	669	757	-1955	0	1956	1961	0
230444917	-1	1100	2.649E-320	1	0	1961	25	1100	0.811	0.000E+00	6	665	762	-1961	0	1962	1961	0
230470704	-1	674	4.591E-192	1	6	1961	25	674	0.542	1.067E-209	9	664	752	-1961	-6	1956	1961	0
230601076	-1	1133	0.000E+00	1	0	1961	25	1133	0.832	0.000E+00	6	665	761	-1961	0	1962	1961	0
230929948	-1	1143	0.000E+00	1	0	1961	25	1143	0.838	0.000E+00	6	665	761	-1961	0	1962	1961	0
231183075	-1	675	2.295E-192	1	24	1955	25	675	0.548	4.164E-210	0	647	741	-1955	-24	1932	1961	0
232001655	-1	670	7.345E-191	1	0	1961	25	670	0.539	1.793E-208	9	666	754	-1961	0	1962	1961	0
232009157	-1	1109	4.941E-323	1	0	1961	25	1109	0.817	0.000E+00	6	665	762	-1961	0	1962	1961	0
232124738	-1	1128	0.000E+00	1	0	1961	25	1128	0.814	0.000E+00	6	679	771	-1961	0	1962	1961	0
236536351	-1	863	5.851E-249	1	6	1955	25	863	0.668	5.208E-275	12	659	742	-1955	-6	1950	1961	0
237748393	-1	863	5.851E-249	1	21	1955	25	863	0.673	5.208E-275	4	646	734	-1955	-21	1935	1961	0
240442742	-1	649	1.540E-184	1	6	1961	25	649	0.521	4.024E-201	9	672	758	-1961	-6	1956	1961	0
240648457	-1	884	2.790E-255	1	0	1961	25	884	0.668	2.216E-282	15	680	776	-1961	0	1962	1961	0
242008076	-1	1107	2.075E-322	1	0	1961	25	1107	0.816	0.000E+00	6	665	755	-1961	0	1962	1961	0
243183335	-1	1135	0.000E+00	1	0	1961	25	1135	0.833	0.000E+00	6	665	761	-1961	0	1962	1961	0
243475714	-1	1136	0.000E+00	1	0	1961	25	1136	0.834	0.000E+00	6	665	761	-1961	0	1962	1961	0
243537687	-1	683	8.966E-195	1	0	1961	25	683	0.547	7.869E-213	9	666	756	-1961	0	1962	1961	0
243870298	-1	773	7.243E-222	1	18	1955	25	773	0.613	4.861E-244	13	658	751	-1955	-18	1938	1961	0
245045565	-1	1134	0.000E+00	1	0	1961	25	1134	0.833	0.000E+00	6	665	761	-1961	0	1962	1961	0
245401552	-1	957	2.954E-277	1	0	1958	25	957	0.723	8.860E-308	10	666	741	-1958	0	1959	1961	0
246105294	-1	685	2.242E-195	1	0	1955	25	685	0.550	8.761E-214	11	666	761	-1955	0	1956	1961	0
246773563	-1	842	1.227E-242	1	0	1955	25	842	0.653	6.509E-268	12	664	757	-1955	0	1956	1961	0
246921298	-1	654	4.814E-186	1	24	1955	25	654	0.535	5.002E-203	11	658	769	-1955	-24	1932	1961	0
247123753	-1	839	9.816E-242	1	0	1955	25	839	0.651	5.871E-267	12	664	756	-1955	0	1956	1961	0
247168957	-1	842	1.227E-242	1	0	1961	25	842	0.649	6.509E-268	8	664	752	-1961	0	1962	1961	0
250118727	-1	884	2.790E-255	1	6	1958	25	884	0.681	3.035E-282	17	665	748	-1958	-6	1953	1961	0
251049643	-1	599	1.734E-169	1	33	1961	25	599	0.499	7.592E-184	10	656	764	-1961	-33	1929	1961	0
251441095	-1	839	9.816E-242	1	0	1958	25	839	0.649	1.101E-266	12	665	762	-1958	0	1959	1961	0
252011108	-1	966	5.769E-280	1	0	1961	25	966	0.727	6.397E-311	6	664	772	-1961	0	1962	1961	0
252556040	-1	667	5.876E-190	1	0	1961	25	667	0.537	2.202E-207	9	666	754	-1961	0	1962	1961	0
252784741	-1	648	3.081E-184	1	15	1958	25	648	0.528	7.531E-201	12	663	766	-1958	-15	1944	1961	0
254052371	-1	1022	8.007E-297	1	6	1958	25	1022	0.770	0.000E+00	10	660	745	-1958	-6	1953	1961	0
255884946	-1	654	4.814E-186	1	24	1955	25	654	0.535	5.002E-203	9	656	747	-1955	-24	1932	1961	0
256065909	-1	962	9.231E-279	1	0	1961	25	962	0.725	2.786E-309	9	666	756	-1961	0	1962	1961	0
256813050	-1	946	6.050E-274	1	0	1961	25	946	0.714	8.094E-304	6	664	772	-1961	0	1962	1961	0
257161549	-1	879	8.928E-254	1	21	1958	25	879	0.682	1.319E-280	5	649	738	-1958	-21	1938	1961	0
257699786	-1	962	9.231E-279	1	0	1961	25	962	0.724	1.485E-309	6	664	772	-1961	0	1962	1961	0
258757578	-1	597	6.937E-169	1	33	1961	25	597	0.498	3.631E-183	10	656	764	-1961	-33	1929	1961	0
258819310	-1	660	7.522E-188	1	21	1958	25	660	0.537	4.542E-205	10	659	774	-1958	-21	1938	1961	0
259023090	-1	670	7.345E-191	1	0	1961	25	670	0.539	1.793E-208	9	666	754	-1961	0	1962	1961	0
259565753	-1	651	3.851E-185	1	24	1955	25	651	0.533	4.487E-202	9	656	747	-1955	-24	1932	1961	0
260271889	-1	907	3.326E-262	1	0	1958	25	907	0.694	1.953E-290	5	656	757	-1958	0	1959	1961	0
260861370	-1	846	7.669E-244	1	0	1955	25	846	0.655	3.849E-269	12	664	756	-1955	0	1956	1961	0
261633149	-1	863	5.851E-249	1	6	1955	25	863	0.669	2.778E-275	15	662	745	-1955	-6	1950	1961	0
264822469	-1	914	2.598E-264	1	0	1958	25	914	0.699	1.276E-292	4	656	731	-1958	0	1959	1961	0
265008415	-1	898	1.703E-259	1	0	1955	25	898	0.687	2.697E-287	16	670	766	-1955	0	1956	1961	0
266894822	-1	868	1.828E-250	1	0	1955	25	868	0.670	6.394E-277	9	658	741	-1955	0	1956	1961	0
266904767	-1	1004	2.099E-291	1	0	1958	25	1004	0.756	9.881E-324	15	667	758	-1958	0	1959	1961	0
267162035	-1	673	9.182E-192	1	0	1961	25	673	0.540	1.997E-209	9	666	754	-1961	0	1962	1961	0
267371813	-1	617	6.616E-175	1	102	1961	25	617	0.526	3.085E-190	8	631	632	-1961	-102	1860	1961	0
269092926	-1	910	4.157E-263	1	21	1955	25	910	0.703	2.961E-291	24	668	762	-1955	-21	1935	1961	0
270148974	-1	1111	1.482E-323	1	0	1961	25	1111	0.818	0.000E+00	6	665	755	-1961	0	1962	1961	0
270194929	-1	750	6.076E-215	1	21	1955	25	750	0.599	3.935E-236	10	653	747	-1955	-21	1935	1961	0
270392004	-1	671	3.673E-191	1	0	1961	25	671	0.539	6.999E-209	9	666	754	-1961	0	1962	1961	0
271400543	-1	1106	4.150E-322	1	0	1961	25	1106	0.815	0.000E+00	6	665	762	-1961	0	1962	1961	0
271624205	-1	857	3.745E-247	1	0	1955	25	857	0.663	4.241E-273	9	658	741	-1955	0	1956	1961	0
271762383	-1	845	1.534E-243	1	0	1955	25	845	0.655	5.269E-269	13	665	758	-1955	0	1956	1961	0
272696584	-1	897	3.406E-259	1	6	1958	25	897	0.690	6.925E-287	9	657	743	-1958	-6	1953	1961	0
273503871	-1	1001	1.679E-290	1	6	1958	25	1001	0.757	5.929E-323	7	657	736	-1958	-6	1953	1961	0
273516304	-1	671	3.673E-191	1	24	1955	25	671	0.546	6.999E-209	0	647	741	-1955	-24	1932	1961	0
273897747	-1	1106	4.150E-322	1	18	1961	25	1106	0.821	0.000E+00	6	659	758	-1961	-18	1944	1961	0
273981809	-1	939	7.744E-272	1	0	1958	25	939	0.714	2.325E-301	17	670	760	-1958	0	1959	1961	0
274544830	-1	666	1.175E-189	1	0	1961	25	666	0.536	3.012E-207	9	666	754	-1961	0	1962	1961	0
274563983	-1	652	1.926E-185	1	24	1955	25	652	0.534	2.397E-202	9	656	747	-1955	-24	1932	1961	0
275180723	-1	962	9.231E-279	1	0	1961	25	962	0.724	2.786E-309	9	667	742	-1961	0	1962	1961	0
275743282	-1	1102	6.625E-321	1	0	1961	25	1102	0.812	0.000E+00	6	665	762	-1961	0	1962	1961	0
278913156	-1	912	1.039E-263	1	6	1955	25	912	0.700	6.147E-292	30	677	785	-1955	-6	1950	1961	0
279208109	-1	936	6.195E-271	1	0	1958	25	936	0.712	1.534E-300	17	670	760	-1958	0	1959	1961	0
280171921	-1	646	1.232E-183	1	6	1961	25	646	0.519	3.609E-200	9	672	758	-1961	-6	1956	1961	0
280194955	-1	947	3.025E-274	1	6	1961	25	947	0.721	4.316E-304	4	655	738	-1961	-6	1956	1961	0
280531170	-1	957	2.954E-277	1	0	1958	25	957	0.725	1.213E-307	10	664	740	-1958	0	1959	1961	0
281189044	1	106	4.435E-21	1	1281	1679	13	106	0.437	4.911E-20	0	132	137	1281	1679	399	828	1961
282175697	-1	664	4.701E-189	1	0	1955	25	664	0.536	2.704E-206	11	666	753	-1955	0	1956	1961	0
283433538	-1	968	1.442E-280	1	0	1958	25	968	0.732	1.818E-311	10	664	740	-1958	0	1959	1961	0
284447469	-1	889	8.718E-257	1	6	1958	25	889	0.685	2.719E-284	9	653	740	-1958	-6	1953	1961	0
285135984	-1	905	1.330E-261	1	21	1961	25	905	0.685	9.403E-290	9	670	755	-1961	-21	1941	1961	0
287202602	-1	672	1.836E-191	1	24	1955	25	672	0.546	3.739E-209	13	660	753	-1955	-24	1932	1961	0
287629417	-1	807	4.216E-232	1	18	1955	25	807	0.636	9.055E-256	5	649	738	-1955	-18	1938	1961	0
287792976	-1	649	1.540E-184	1	24	1958	25	649	0.531	2.150E-201	10	658	764	-1958	-24	1935	1961	0
290309622	-1	663	9.402E-189	1	0	1961	25	663	0.534	3.699E-206	17	674	780	-1961	0	1962	1961	0
293469221	-1	646	1.232E-183	1	24	1958	25	646	0.529	3.609E-200	12	660	760	-1958	-24	1935	1961	0
293682160	-1	779	1.132E-223	1	0	1955	25	779	0.613	4.377E-246	13	664	745	-1955	0	1956	1961	0
293939978	-1	768	2.318E-220	1	18	1955	25	768	0.610	2.880E-242	13	658	751	-1955	-18	1938	1961	0
294036826	-1	689	1.401E-196	1	21	1952	25	689	0.560	7.128E-215	19	659	762	-1952	-21	1932	1961	0
294114703	-1	769	1.159E-220	1	0	1955	25	769	0.607	8.204E-243	13	664	745	-1955	0	1956	1961	0
294116485	-1	1165	0.000E+00	1	0	1961	25	1165	0.852	0.000E+00	6	665	758	-1961	0	1962	1961	0
297003557	-1	643	9.859E-183	1	24	1958	25	643	0.527	4.427E-199	12	660	764	-1958	-24	1935	1961	0
297053500	-1	680	7.173E-194	1	24	1955	25	680	0.552	5.165E-212	11	658	764	-1955	-24	1932	1961	0
297058500	-1	681	3.587E-194	1	24	1958	25	681	0.552	2.016E-212	10	658	761	-1958	-24	1935	1961	0
297757055	-1	674	4.591E-192	1	0	1961	25	674	0.541	7.796E-210	9	666	754	-1961	0	1962	1961	0
298659629	-1	1139	0.000E+00	1	0	1961	25	1139	0.836	0.000E+00	6	665	834	-1961	0	1962	1961	0
298742748	-1	1135	0.000E+00	1	0	1961	25	1135	0.833	0.000E+00	6	665	761	-1961	0	1962	1961	0
299884498	-1	1095	8.477E-319	1	0	1961	25	1095	0.808	0.000E+00	6	665	762	-1961	0	1962	1961	0
300294270	-1	872	1.143E-251	1	0	1955	25	872	0.673	2.759E-278	10	659	747	-1955	0	1956	1961	0
300577401	-1	672	1.836E-191	1	0	1961	25	672	0.540	5.115E-209	9	666	754	-1961	0	1962	1961	0
302527938	-1	917	3.248E-265	1	6	1958	25	917	0.703	7.534E-294	10	659	745	-1958	-6	1953	1961	0
302637093	-1	648	3.081E-184	1	6	1961	25	648	0.521	7.531E-201	9	672	758	-1961	-6	1956	1961	0
305229432	-1	891	2.180E-257	1	0	1958	25	891	0.684	5.646E-285	20	671	767	-1958	0	1959	1961	0
307679361	-1	677	5.739E-193	1	24	1955	25	677	0.549	8.683E-211	11	658	759	-1955	-24	1932	1961	0
308654188	-1	1004	2.099E-291	1	6	1958	25	1004	0.757	9.881E-324	53	704	784	-1958	-6	1953	1961	0
308706675	-1	960	3.692E-278	1	0	1958	25	960	0.727	9.803E-309	10	664	740	-1958	0	1959	1961	0
308815301	-1	1101	1.325E-320	1	0	1961	25	1101	0.812	0.000E+00	6	665	762	-1961	0	1962	1961	0
311326270	-1	871	2.285E-251	1	0	1958	25	871	0.671	9.700E-278	8	660	743	-1958	0	1959	1961	0
311446186	-1	930	3.965E-269	1	0	1961	25	930	0.708	3.216E-298	10	663	739	-1961	0	1962	1961	0
311689431	1	68	1.219E-09	1	1326	1673	13	68	0.344	1.120E-07	0	115	116	1326	1673	348	828	1961
314722498	-1	677	5.739E-193	1	24	1955	25	677	0.550	6.346E-211	0	647	741	-1955	-24	1932	1961	0
314862910	-1	874	2.857E-252	1	6	1955	25	874	0.676	4.186E-279	12	659	742	-1955	-6	1950	1961	0
315424501	-1	665	2.350E-189	1	0	1961	25	665	0.535	1.056E-206	9	666	754	-1961	0	1962	1961	0
317578256	-1	964	2.308E-279	1	0	1958	25	964	0.726	5.782E-310	10	667	743	-1958	0	1959	1961	0
317784718	-1	675	2.295E-192	1	0	1961	25	675	0.542	4.164E-210	9	666	754	-1961	0	1962	1961	0
317884491	-1	682	1.793E-194	1	24	1961	25	682	0.551	1.473E-212	11	660	754	-1961	-24	1938	1961	0
317962817	-1	947	3.025E-274	1	0	1961	25	947	0.719	2.301E-304	10	661	746	-1961	0	1962	1961	0
318921952	-1	644	4.929E-183	1	24	1955	25	644	0.528	1.729E-199	11	658	776	-1955	-24	1932	1961	0
319246839	-1	1158	0.000E+00	1	0	1961	25	1158	0.848	0.000E+00	6	665	761	-1961	0	1962	1961	0
319470476	-1	1140	0.000E+00	1	0	1961	25	1140	0.837	0.000E+00	6	665	761	-1961	0	1962	1961	0
319719587	-1	693	8.756E-198	1	0	1955	25	693	0.555	1.654E-216	11	666	761	-1955	0	1956	1961	0
320617491	1	58	1.248E-06	1	51	569	4	58	0.238	4.489E-05	26	207	209	51	569	519	0	824
322448047	-1	618	3.308E-175	1	24	1958	25	618	0.510	1.649E-190	9	657	811	-1958	-24	1935	1961	0
324109945	1	59	6.242E-07	1	1377	1679	13	59	0.338	7.591E-05	8	109	136	1377	1679	303	828	1961
324832084	-1	853	5.991E-246	1	6	1958	25	853	0.661	9.824E-272	11	662	765	-1958	-6	1953	1961	0
325266966	-1	664	4.701E-189	1	21	1955	25	664	0.540	2.704E-206	11	659	757	-1955	-21	1935	1961	0
325544359	-1	614	5.293E-174	1	0	1955	25	614	0.504	2.763E-189	10	665	818	-1955	0	1956	1961	0
325770399	1	66	4.877E-09	1	897	1337	13	66	0.292	2.628E-07	103	249	265	897	1337	441	828	1961
325824678	-1	906	6.652E-262	1	0	1955	25	906	0.692	5.014E-290	17	671	757	-1955	0	1956	1961	0
327393831	-1	678	2.869E-193	1	24	1955	25	678	0.550	3.389E-211	0	647	741	-1955	-24	1932	1961	0
327428494	-1	863	5.851E-249	1	6	1955	25	863	0.668	5.208E-275	15	662	745	-1955	-6	1950	1961	0
329087761	-1	655	2.407E-186	1	24	1958	25	655	0.535	1.953E-203	10	658	748	-1958	-24	1935	1961	0
329234943	-1	958	1.477E-277	1	0	1958	25	958	0.727	6.469E-308	20	672	748	-1958	0	1959	1961	0
329763292	-1	634	5.048E-180	1	24	1955	25	634	0.522	4.363E-196	11	658	761	-1955	-24	1932	1961	0
329818082	-1	946	6.050E-274	1	0	1955	25	946	0.720	5.910E-304	14	666	756	-1955	0	1956	1961	0
330708716	-1	868	1.828E-250	1	21	1958	25	868	0.675	6.394E-277	5	649	738	-1958	-21	1938	1961	0
331167848	-1	660	7.522E-188	1	24	1955	25	660	0.539	4.542E-205	11	658	769	-1955	-24	1932	1961	0
331373037	-1	1130	0.000E+00	1	6	1961	25	1130	0.832	0.000E+00	6	663	761	-1961	-6	1956	1961	0
331827304	-1	584	5.683E-165	1	33	1961	25	584	0.490	8.117E-179	10	656	763	-1961	-33	1929	1961	0
331842310	-1	1138	0.000E+00	1	0	1961	25	1138	0.835	0.000E+00	6	665	761	-1961	0	1962	1961	0
332745071	-1	1141	0.000E+00	1	0	1961	25	1141	0.837	0.000E+00	6	665	761	-1961	0	1962	1961	0
332986795	-1	665	2.350E-189	1	15	1961	25	665	0.539	1.056E-206	9	661	754	-1961	-15	1947	1961	0
335058373	1	53	3.995E-05	1	1281	1640	13	53	0.286	2.967E-03	24	142	182	1281	1640	360	828	1961
337083676	-1	591	4.440E-167	1	33	1961	25	591	0.495	2.124E-181	10	656	764	-1961	-33	1929	1961	0
337217333	-1	692	1.751E-197	1	21	1955	25	692	0.559	3.096E-216	12	660	759	-1955	-21	1935	1961	0
338692898	-1	1070	2.845E-311	1	0	1961	25	1070	0.792	0.000E+00	6	665	762	-1961	0	1962	1961	0
338781514	-1	903	5.321E-261	1	6	1955	25	903	0.695	4.528E-289	29	676	784	-1955	-6	1950	1961	0
339237655	-1	1128	0.000E+00	1	0	1961	25	1128	0.829	0.000E+00	6	665	762	-1961	0	1962	1961	0
339400513	-1	870	4.571E-251	1	6	1955	25	870	0.673	1.328E-277	12	659	742	-1955	-6	1950	1961	0
340077751	-1	602	2.168E-170	1	24	1955	25	602	0.501	6.205E-185	10	657	811	-1955	-24	1932	1961	0
342137849	-1	599	1.734E-169	1	33	1961	25	599	0.500	4.059E-184	10	656	763	-1961	-33	1929	1961	0
342303952	-1	1140	0.000E+00	1	0	1961	25	1140	0.837	0.000E+00	6	665	761	-1961	0	1962	1961	0
342678738	-1	874	2.857E-252	1	18	1958	25	874	0.677	7.849E-279	11	658	765	-1958	-18	1941	1961	0
342803839	-1	1106	4.150E-322	1	0	1961	25	1106	0.815	0.000E+00	6	665	762	-1961	0	1962	1961	0
342834218	-1	994	2.149E-288	1	0	1958	25	994	0.751	1.280E-320	24	675	765	-1958	0	1959	1961	0
343496378	-1	910	4.157E-263	1	0	1958	25	910	0.695	1.579E-291	7	661	755	-1958	0	1959	1961	0
345608761	-1	1104	1.655E-321	1	0	1961	25	1104	0.813	0.000E+00	6	665	762	-1961	0	1962	1961	0
345720053	-1	1131	0.000E+00	1	0	1961	25	1131	0.816	0.000E+00	6	679	771	-1961	0	1962	1961	0
345764263	-1	1142	0.000E+00	1	0	1961	25	1142	0.838	0.000E+00	6	665	762	-1961	0	1962	1961	0
346008621	-1	673	9.182E-192	1	0	1961	25	673	0.540	1.997E-209	9	666	754	-1961	0	1962	1961	0
354781741	-1	1140	0.000E+00	1	0	1958	25	1140	0.837	0.000E+00	7	665	762	-1958	0	1959	1961	0
354813523	-1	865	1.463E-249	1	18	1958	25	865	0.672	7.902E-276	18	665	772	-1958	-18	1941	1961	0
354815048	-1	1098	1.060E-319	1	0	1961	25	1098	0.810	0.000E+00	6	665	762	-1961	0	1962	1961	0
354838276	-1	894	2.725E-258	1	0	1955	25	894	0.687	6.253E-286	27	676	761	-1955	0	1956	1961	0
355192236	-1	665	2.350E-189	1	24	1955	25	665	0.542	7.716E-207	12	659	771	-1955	-24	1932	1961	0
355312440	1	80	2.977E-13	1	1464	1892	13	80	0.338	1.176E-11	1	143	144	1464	1892	429	828	1961
356030653	-1	1135	0.000E+00	1	0	1961	25	1135	0.834	0.000E+00	6	665	761	-1961	0	1962	1961	0
356163900	-1	673	9.182E-192	1	0	1961	25	673	0.540	1.997E-209	9	666	754	-1961	0	1962	1961	0
356223387	-1	865	1.463E-249	1	6	1961	25	865	0.668	5.771E-276	4	656	745	-1961	-6	1956	1961	0
356754178	-1	1108	1.038E-322	1	0	1961	25	1108	0.816	0.000E+00	6	665	755	-1961	0	1962	1961	0
357164420	-1	666	1.175E-189	1	0	1958	25	666	0.537	4.122E-207	10	666	766	-1958	0	1959	1961	0
357252217	-1	954	2.363E-276	1	0	1958	25	954	0.723	1.097E-306	10	664	740	-1958	0	1959	1961	0
357543378	-1	659	1.504E-187	1	24	1955	25	659	0.538	1.591E-204	12	659	758	-1955	-24	1932	1961	0
358587250	-1	1140	0.000E+00	1	0	1961	25	1140	0.837	0.000E+00	6	665	761	-1961	0	1962	1961	0
358676200	-1	719	1.305E-205	1	21	1961	25	719	0.578	1.684E-225	10	656	752	-1961	-21	1941	1961	0
359124135	-1	655	2.407E-186	1	21	1955	25	655	0.535	1.953E-203	11	659	766	-1955	-21	1935	1961	0
360489186	-1	1089	5.426E-317	1	21	1961	25	1089	0.811	0.000E+00	6	658	762	-1961	-21	1941	1961	0
360721976	-1	989	6.878E-287	1	0	1961	25	989	0.742	1.047E-318	9	666	756	-1961	0	1962	1961	0
360942935	-1	1107	2.075E-322	1	0	1961	25	1107	0.816	0.000E+00	6	665	755	-1961	0	1962	1961	0
362044755	-1	977	2.817E-283	1	0	1958	25	977	0.738	9.579E-315	10	664	740	-1958	0	1959	1961	0
363227544	-1	672	1.836E-191	1	0	1961	25	672	0.540	2.732E-209	9	666	754	-1961	0	1962	1961	0
366822687	-1	906	6.652E-262	1	6	1955	25	906	0.695	6.867E-290	10	660	750	-1955	-6	1950	1961	0
368560173	-1	1134	0.000E+00	1	0	1961	25	1134	0.833	0.000E+00	6	665	761	-1961	0	1962	1961	0
368669484	-1	1121	0.000E+00	1	0	1961	25	1121	0.824	0.000E+00	4	663	753	-1961	0	1962	1961	0
368774283	-1	1131	0.000E+00	1	0	1961	25	1131	0.816	0.000E+00	6	679	771	-1961	0	1962	1961	0
370461713	-1	781	2.829E-224	1	0	1955	25	781	0.614	1.246E-246	13	664	745	-1955	0	1956	1961	0
371658079	-1	657	6.017E-187	1	24	1955	25	657	0.537	4.075E-204	12	659	758	-1955	-24	1932	1961	0
373173328	-1	994	2.149E-288	1	6	1958	25	994	0.752	1.280E-320	12	663	744	-1958	-6	1953	1961	0
374103777	-1	1129	0.000E+00	1	6	1961	25	1129	0.831	0.000E+00	6	663	761	-1961	-6	1956	1961	0
374481753	-1	1115	0.000E+00	1	0	1961	25	1115	0.821	0.000E+00	6	665	755	-1961	0	1962	1961	0
375160804	-1	1146	0.000E+00	1	0	1961	25	1146	0.840	0.000E+00	6	665	761	-1961	0	1962	1961	0
375477511	-1	944	2.420E-273	1	0	1955	25	944	0.718	2.848E-303	14	666	756	-1955	0	1956	1961	0
375734526	-1	910	4.157E-263	1	0	1955	25	910	0.697	2.162E-291	12	663	750	-1955	0	1956	1961	0
376283312	-1	663	9.402E-189	1	0	1961	25	663	0.534	3.699E-206	9	666	754	-1961	0	1962	1961	0
377651038	-1	1109	4.941E-323	1	0	1961	25	1109	0.817	0.000E+00	6	665	762	-1961	0	1962	1961	0
377779614	-1	1133	0.000E+00	1	0	1961	25	1133	0.832	0.000E+00	6	665	761	-1961	0	1962	1961	0
380604324	-1	780	5.659E-224	1	18	1955	25	780	0.618	2.336E-246	13	658	751	-1955	-18	1938	1961	0
381762575	-1	845	1.534E-243	1	0	1955	25	845	0.654	7.215E-269	12	664	756	-1955	0	1956	1961	0
382196974	-1	640	7.887E-182	1	24	1961	25	640	0.524	5.430E-198	9	658	754	-1961	-24	1938	1961	0
382425650	-1	677	5.739E-193	1	15	1955	25	677	0.548	6.346E-211	19	669	776	-1955	-15	1941	1961	0
383029067	-1	1133	0.000E+00	1	15	1961	25	1133	0.825	0.000E+00	6	672	774	-1961	-15	1947	1961	0
383100657	-1	1133	0.000E+00	1	0	1961	25	1133	0.832	0.000E+00	6	665	761	-1961	0	1962	1961	0
383504977	-1	917	3.248E-265	1	0	1958	25	917	0.700	5.502E-294	25	678	766	-1958	0	1959	1961	0
383703757	-1	616	1.323E-174	1	225	1958	25	616	0.555	5.772E-190	10	591	597	-1958	-225	1734	1961	0
383739151	-1	901	2.129E-260	1	0	1955	25	901	0.691	2.986E-288	16	665	750	-1955	0	1956	1961	0
385092109	-1	993	4.299E-288	1	0	1958	25	993	0.746	3.289E-320	11	667	758	-1958	0	1959	1961	0
385159078	-1	668	2.938E-190	1	0	1961	25	668	0.538	6.283E-208	9	666	754	-1961	0	1962	1961	0
389320809	-1	670	7.345E-191	1	0	1961	25	670	0.539	1.310E-208	9	666	754	-1961	0	1962	1961	0
389476283	-1	1139	0.000E+00	1	0	1961	25	1139	0.836	0.000E+00	6	665	761	-1961	0	1962	1961	0
389791324	-1	983	4.402E-285	1	0	1958	25	983	0.743	1.605E-316	9	661	740	-1958	0	1959	1961	0
390063153	-1	802	1.349E-230	1	6	1955	25	802	0.629	3.925E-254	14	663	752	-1955	-6	1950	1961	0
394746251	-1	662	1.880E-188	1	0	1955	25	662	0.535	1.296E-205	3	658	831	-1955	0	1956	1961	0
396661698	-1	656	1.203E-186	1	24	1955	25	656	0.536	1.428E-203	9	656	747	-1955	-24	1932	1961	0
397759194	-1	652	1.926E-185	1	24	1955	25	652	0.533	3.279E-202	9	656	747	-1955	-24	1932	1961	0
397791176	-1	677	5.739E-193	1	24	1958	25	677	0.549	8.683E-211	9	657	757	-1958	-24	1935	1961	0
397930845	-1	660	7.522E-188	1	24	1955	25	660	0.538	6.214E-205	11	658	769	-1955	-24	1932	1961	0
398232557	-1	658	3.009E-187	1	21	1961	25	658	0.535	2.177E-204	8	658	790	-1961	-21	1941	1961	0
400192780	-1	1125	0.000E+00	1	0	1961	25	1125	0.827	0.000E+00	6	665	762	-1961	0	1962	1961	0
400426002	-1	671	3.673E-191	1	0	1961	25	671	0.539	9.576E-209	9	666	754	-1961	0	1962	1961	0
401088844	-1	651	3.851E-185	1	24	1955	25	651	0.533	6.138E-202	9	656	747	-1955	-24	1932	1961	0
401795438	-1	638	3.155E-181	1	24	1955	25	638	0.524	1.901E-197	11	658	770	-1955	-24	1932	1961	0
401850132	-1	957	2.954E-277	1	0	1958	25	957	0.726	8.860E-308	15	668	763	-1958	0	1959	1961	0
402341230	-1	1144	0.000E+00	1	0	1961	25	1144	0.839	0.000E+00	6	665	761	-1961	0	1962	1961	0
402358908	-1	1135	0.000E+00	1	6	1961	25	1135	0.835	0.000E+00	6	663	761	-1961	-6	1956	1961	0
402450385	-1	655	2.407E-186	1	24	1955	25	655	0.535	3.656E-203	11	658	768	-1955	-24	1932	1961	0
402527676	-1	634	5.048E-180	1	24	1961	25	634	0.521	3.189E-196	9	658	753	-1961	-24	1938	1961	0
403346725	-1	845	1.534E-243	1	0	1955	25	845	0.654	7.215E-269	12	664	756	-1955	0	1956	1961	0
404413023	-1	1085	8.681E-316	1	0	1961	25	1085	0.802	0.000E+00	6	665	755	-1961	0	1962	1961	0
405023067	-1	1106	4.150E-322	1	0	1961	25	1106	0.815	0.000E+00	6	665	755	-1961	0	1962	1961	0
406757311	-1	1021	1.601E-296	1	6	1958	25	1021	0.770	0.000E+00	10	660	745	-1958	-6	1953	1961	0
407120774	-1	652	1.926E-185	1	24	1955	25	652	0.534	2.397E-202	9	656	747	-1955	-24	1932	1961	0
409846731	-1	865	1.463E-249	1	6	1961	25	865	0.668	5.771E-276	5	657	746	-1961	-6	1956	1961	0
409941823	-1	1171	0.000E+00	1	0	1961	25	1171	0.856	0.000E+00	6	665	762	-1961	0	1962	1961	0
410446467	-1	985	1.100E-285	1	0	1961	25	985	0.734	1.775E-317	6	669	772	-1961	0	1962	1961	0
411253652	-1	739	1.244E-211	1	21	1961	25	739	0.590	3.533E-232	9	653	744	-1961	-21	1941	1961	0
411803414	-1	676	1.148E-192	1	15	1955	25	676	0.547	2.224E-210	11	661	1105	-1955	-15	1941	1961	0
412193111	-1	662	1.880E-188	1	24	1955	25	662	0.540	9.474E-206	12	659	758	-1955	-24	1932	1961	0
412248442	-1	1075	8.889E-313	1	0	1961	25	1075	0.796	0.000E+00	6	664	761	-1961	0	1962	1961	0
412574668	-1	670	7.345E-191	1	0	1961	25	670	0.539	1.793E-208	9	666	754	-1961	0	1962	1961	0
412656261	-1	841	2.454E-242	1	0	1958	25	841	0.652	1.220E-267	5	656	759	-1958	0	1959	1961	0
412752820	-1	1071	1.422E-311	1	0	1961	25	1071	0.793	0.000E+00	6	665	762	-1961	0	1962	1961	0
414126677	-1	664	4.701E-189	1	24	1955	25	664	0.541	1.976E-206	11	658	769	-1955	-24	1932	1961	0
414926382	-1	1131	0.000E+00	1	0	1961	25	1131	0.831	0.000E+00	6	665	761	-1961	0	1962	1961	0
415065989	-1	1112	4.941E-324	1	0	1961	25	1112	0.819	0.000E+00	6	665	762	-1961	0	1962	1961	0
416229220	-1	933	4.956E-270	1	0	1958	25	933	0.710	1.898E-299	17	670	760	-1958	0	1959	1961	0
417789385	-1	975	1.127E-282	1	0	1958	25	975	0.738	8.660E-314	5	657	731	-1958	0	1959	1961	0
418147643	-1	672	1.836E-191	1	0	1955	25	672	0.541	3.739E-209	11	666	754	-1955	0	1956	1961	0
419830155	-1	634	5.048E-180	1	24	1955	25	634	0.522	4.363E-196	9	656	749	-1955	-24	1932	1961	0
420124728	-1	1106	4.150E-322	1	0	1961	25	1106	0.815	0.000E+00	6	665	755	-1961	0	1962	1961	0
424101958	-1	910	4.157E-263	1	0	1955	25	910	0.697	2.162E-291	19	668	752	-1955	0	1956	1961	0
424534565	-1	1002	8.396E-291	1	18	1958	25	1002	0.760	4.447E-323	11	658	742	-1958	-18	1941	1961	0
424648014	-1	1087	2.170E-316	1	0	1961	25	1087	0.803	0.000E+00	6	665	762	-1961	0	1962	1961	0
424886540	-1	958	1.477E-277	1	0	1958	25	958	0.725	6.469E-308	10	664	740	-1958	0	1959	1961	0
424975083	-1	677	5.739E-193	1	24	1955	25	677	0.549	8.683E-211	0	647	741	-1955	-24	1932	1961	0
426087435	-1	656	1.203E-186	1	21	1961	25	656	0.534	1.044E-203	9	659	755	-1961	-21	1941	1961	0
426438870	-1	900	4.257E-260	1	0	1958	25	900	0.690	5.600E-288	18	670	761	-1958	0	1959	1961	0
427403378	1	306	2.760E-81	2	390	1961	4	93	0.380	1.877E-16	12	151	578	390	806	417	0	824
427403378	1	306	2.760E-81	2	390	1961	13	237	0.380	4.758E-64	177	543	578	864	1961	1098	828	1961
427810331	-1	619	1.654E-175	1	21	1961	25	619	0.510	6.445E-191	9	659	805	-1961	-21	1941	1961	0
428726463	-1	963	4.616E-279	1	0	1961	25	963	0.725	1.085E-309	6	664	772	-1961	0	1962	1961	0
429087860	-1	672	1.836E-191	1	0	1961	25	672	0.540	2.732E-209	9	666	754	-1961	0	1962	1961	0
432257091	-1	678	2.869E-193	1	24	1955	25	678	0.551	2.477E-211	11	658	763	-1955	-24	1932	1961	0
432983697	-1	672	1.836E-191	1	0	1955	25	672	0.541	3.739E-209	11	666	754	-1955	0	1956	1961	0
433747120	-1	726	1.019E-207	1	21	1958	25	726	0.583	1.112E-227	10	653	744	-1958	-21	1938	1961	0
434348194	-1	995	1.075E-288	1	6	1958	25	995	0.753	9.348E-321	7	657	736	-1958	-6	1953	1961	0
435014264	-1	934	2.478E-270	1	0	1958	25	934	0.711	7.390E-300	14	667	757	-1958	0	1959	1961	0
435251634	-1	720	6.524E-206	1	21	1961	25	720	0.578	8.991E-226	10	656	752	-1961	-21	1941	1961	0
435867321	-1	671	3.673E-191	1	24	1955	25	671	0.546	9.576E-209	11	658	760	-1955	-24	1932	1961	0
438660237	1	49	6.392E-04	1	505	702	7	49	0.401	5.072E-02	3	64	66	505	702	198	466	1452
439158970	-1	865	1.463E-249	1	6	1955	25	865	0.670	5.771E-276	15	662	745	-1955	-6	1950	1961	0
441486107	-1	1140	0.000E+00	1	0	1961	25	1140	0.836	0.000E+00	6	665	761	-1961	0	1962	1961	0
441764936	-1	942	9.679E-273	1	0	1958	25	942	0.717	1.372E-302	8	660	734	-1958	0	1959	1961	0
441768055	-1	772	1.449E-221	1	6	1955	25	772	0.609	1.247E-243	13	663	746	-1955	-6	1950	1961	0
441851157	-1	966	5.769E-280	1	0	1958	25	966	0.731	6.397E-311	10	664	740	-1958	0	1959	1961	0
442463269	-1	678	2.869E-193	1	24	1955	25	678	0.551	2.477E-211	11	658	764	-1955	-24	1932	1961	0
443783370	-1	669	1.469E-190	1	0	1961	25	669	0.538	3.356E-208	9	666	754	-1961	0	1962	1961	0
443821674	-1	593	1.110E-167	1	33	1961	25	593	0.496	8.306E-182	10	656	763	-1961	-33	1929	1961	0
444131249	-1	909	8.315E-263	1	0	1958	25	909	0.695	5.552E-291	26	679	767	-1958	0	1959	1961	0
445522244	-1	1073	3.556E-312	1	0	1961	25	1073	0.794	0.000E+00	6	665	762	-1961	0	1962	1961	0
446097264	-1	860	4.681E-248	1	0	1955	25	860	0.665	3.432E-274	16	665	755	-1955	0	1956	1961	0
447117890	-1	731	3.186E-209	1	21	1961	25	731	0.586	1.374E-229	10	655	750	-1961	-21	1941	1961	0
447958102	-1	904	2.661E-261	1	21	1961	25	904	0.685	1.763E-289	9	670	755	-1961	-21	1941	1961	0
448111618	-1	1109	4.941E-323	1	0	1961	25	1109	0.816	0.000E+00	6	665	762	-1961	0	1962	1961	0
448407138	-1	873	5.714E-252	1	6	1955	25	873	0.675	1.472E-278	15	662	745	-1955	-6	1950	1961	0
448772568	-1	996	5.373E-289	1	0	1958	25	996	0.747	2.658E-321	9	666	747	-1958	0	1959	1961	0
449395244	-1	869	9.142E-251	1	6	1955	25	869	0.672	4.670E-277	12	659	742	-1955	-6	1950	1961	0
449521009	-1	934	2.478E-270	1	0	1961	25	934	0.697	1.386E-299	9	677	754	-1961	0	1962	1961	0
449791314	-1	957	2.954E-277	1	0	1955	25	957	0.728	8.860E-308	7	658	733	-1955	0	1956	1961	0
450040950	-1	646	1.232E-183	1	24	1955	25	646	0.530	2.638E-200	9	656	747	-1955	-24	1932	1961	0
452889664	-1	681	3.587E-194	1	24	1955	25	681	0.552	3.774E-212	0	647	741	-1955	-24	1932	1961	0
453865982	-1	895	1.362E-258	1	6	1955	25	895	0.689	4.566E-286	17	664	768	-1955	-6	1950	1961	0
454069861	-1	979	7.043E-284	1	0	1961	25	979	0.735	2.722E-315	6	664	759	-1961	0	1962	1961	0
454120752	-1	1072	7.111E-312	1	0	1961	25	1072	0.793	0.000E+00	6	665	762	-1961	0	1962	1961	0
455025956	-1	936	6.195E-271	1	0	1958	25	936	0.712	2.101E-300	17	670	760	-1958	0	1959	1961	0
457102917	1	49	6.392E-04	1	1545	1865	13	49	0.292	4.941E-02	5	110	115	1545	1865	321	828	1961
460504882	-1	652	1.926E-185	1	24	1955	25	652	0.533	3.279E-202	11	658	765	-1955	-24	1932	1961	0
461939684	-1	673	9.182E-192	1	0	1961	25	673	0.541	1.460E-209	9	666	754	-1961	0	1962	1961	0
463229460	-1	597	6.937E-169	1	33	1961	25	597	0.498	2.655E-183	10	656	764	-1961	-33	1929	1961	0
463487355	-1	659	1.504E-187	1	21	1955	25	659	0.537	1.163E-204	11	659	759	-1955	-21	1935	1961	0
463795540	-1	1168	0.000E+00	1	0	1961	25	1168	0.854	0.000E+00	6	665	762	-1961	0	1962	1961	0
464158129	-1	676	1.148E-192	1	24	1961	25	676	0.547	2.224E-210	9	658	757	-1961	-24	1938	1961	0
464236997	-1	766	9.271E-220	1	0	1955	25	766	0.604	1.895E-241	9	658	753	-1955	0	1956	1961	0
464287787	-1	865	1.463E-249	1	6	1955	25	865	0.670	7.902E-276	15	662	745	-1955	-6	1950	1961	0
464587453	-1	654	4.814E-186	1	24	1955	25	654	0.535	5.002E-203	9	656	747	-1955	-24	1932	1961	0
464937437	-1	981	1.761E-284	1	6	1958	25	981	0.744	4.124E-316	7	657	736	-1958	-6	1953	1961	0
 