427403378	1	390	320617491	1	51
427403378	1	390	427403378	1	390
438660237	1	505	438660237	1	505
281189044	1	1281	325770399	1	897
281189044	1	1281	104563171	1	978
281189044	1	1281	281189044	1	1281
281189044	1	1281	335058373	1	1281
281189044	1	1281	311689431	1	1326
6316504	1	1356	6316504	1	1356
6316504	1	1356	324109945	1	1377
6316504	1	1356	355312440	1	1464
6316504	1	1356	93560317	1	1497
6316504	1	1356	457102917	1	1545
126537192	-1	0	126537192	-1	0
126537192	-1	0	409941823	-1	0
126537192	-1	0	463795540	-1	0
126537192	-1	0	294116485	-1	0
126537192	-1	0	19960250	-1	0
126537192	-1	0	40458403	-1	0
126537192	-1	0	228223161	-1	0
126537192	-1	0	319246839	-1	0
126537192	-1	0	375160804	-1	0
126537192	-1	0	11633216	-1	0
126537192	-1	0	402341230	-1	0
126537192	-1	0	18751364	-1	0
126537192	-1	0	142130156	-1	0
126537192	-1	0	230929948	-1	0
126537192	-1	0	345764263	-1	0
126537192	-1	0	93299438	-1	0
126537192	-1	0	223366440	-1	0
126537192	-1	0	332745071	-1	0
126537192	-1	0	148803408	-1	0
126537192	-1	0	319470476	-1	0
126537192	-1	0	342303952	-1	0
126537192	-1	0	358587250	-1	0
126537192	-1	0	441486107	-1	0
126537192	-1	0	38683633	-1	0
126537192	-1	0	52891345	-1	0
126537192	-1	0	182621307	-1	0
126537192	-1	0	298659629	-1	0
126537192	-1	0	389476283	-1	0
126537192	-1	0	162125603	-1	0
126537192	-1	0	331842310	-1	0
126537192	-1	0	122145237	-1	0
126537192	-1	0	156001074	-1	0
126537192	-1	0	34103781	-1	0
126537192	-1	0	71013048	-1	0
126537192	-1	0	196673695	-1	0
126537192	-1	0	243475714	-1	0
126537192	-1	0	111606769	-1	0
126537192	-1	0	198469507	-1	0
126537192	-1	0	243183335	-1	0
126537192	-1	0	298742748	-1	0
126537192	-1	0	356030653	-1	0
126537192	-1	0	7582423	-1	0
126537192	-1	0	140038543	-1	0
126537192	-1	0	245045565	-1	0
126537192	-1	0	368560173	-1	0
126537192	-1	0	230601076	-1	0
126537192	-1	0	377779614	-1	0
126537192	-1	0	383100657	-1	0
126537192	-1	0	3283354	-1	0
126537192	-1	0	159221498	-1	0
126537192	-1	0	345720053	-1	0
126537192	-1	0	368774283	-1	0
126537192	-1	0	414926382	-1	0
126537192	-1	0	3043838	-1	0
126537192	-1	0	232124738	-1	0
126537192	-1	0	339237655	-1	0
126537192	-1	0	32130112	-1	0
126537192	-1	0	144107986	-1	0
126537192	-1	0	400192780	-1	0
126537192	-1	0	134053294	-1	0
126537192	-1	0	368669484	-1	0
126537192	-1	0	10269603	-1	0
126537192	-1	0	28640731	-1	0
126537192	-1	0	374481753	-1	0
126537192	-1	0	415065989	-1	0
126537192	-1	0	92852516	-1	0
126537192	-1	0	270148974	-1	0
126537192	-1	0	8059023	-1	0
126537192	-1	0	232009157	-1	0
126537192	-1	0	377651038	-1	0
126537192	-1	0	448111618	-1	0
126537192	-1	0	356754178	-1	0
126537192	-1	0	50688805	-1	0
126537192	-1	0	242008076	-1	0
126537192	-1	0	360942935	-1	0
126537192	-1	0	66382107	-1	0
126537192	-1	0	94074753	-1	0
126537192	-1	0	271400543	-1	0
126537192	-1	0	342803839	-1	0
126537192	-1	0	405023067	-1	0
126537192	-1	0	420124728	-1	0
126537192	-1	0	183704914	-1	0
126537192	-1	0	185528182	-1	0
126537192	-1	0	203120694	-1	0
126537192	-1	0	345608761	-1	0
126537192	-1	0	50979111	-1	0
126537192	-1	0	130105662	-1	0
126537192	-1	0	150085956	-1	0
126537192	-1	0	184746750	-1	0
126537192	-1	0	275743282	-1	0
126537192	-1	0	308815301	-1	0
126537192	-1	0	230444917	-1	0
126537192	-1	0	84373093	-1	0
126537192	-1	0	354815048	-1	0
126537192	-1	0	139222248	-1	0
126537192	-1	0	299884498	-1	0
126537192	-1	0	424648014	-1	0
126537192	-1	0	404413023	-1	0
126537192	-1	0	129203446	-1	0
126537192	-1	0	201289274	-1	0
126537192	-1	0	412248442	-1	0
126537192	-1	0	445522244	-1	0
126537192	-1	0	454120752	-1	0
126537192	-1	0	412752820	-1	0
126537192	-1	0	338692898	-1	0
126537192	-1	0	228328160	-1	0
126537192	-1	0	227716423	-1	0
126537192	-1	0	360721976	-1	0
126537192	-1	0	157702712	-1	0
126537192	-1	0	410446467	-1	0
126537192	-1	0	454069861	-1	0
126537192	-1	0	252011108	-1	0
126537192	-1	0	120748798	-1	0
126537192	-1	0	428726463	-1	0
126537192	-1	0	119914462	-1	0
126537192	-1	0	158064690	-1	0
126537192	-1	0	256065909	-1	0
126537192	-1	0	257699786	-1	0
126537192	-1	0	275180723	-1	0
126537192	-1	0	113631340	-1	0
126537192	-1	0	129070926	-1	0
126537192	-1	0	317962817	-1	0
126537192	-1	0	256813050	-1	0
126537192	-1	0	449521009	-1	0
126537192	-1	0	311446186	-1	0
126537192	-1	0	112380597	-1	0
126537192	-1	0	170218726	-1	0
126537192	-1	0	48294616	-1	0
126537192	-1	0	4061241	-1	0
126537192	-1	0	240648457	-1	0
126537192	-1	0	247168957	-1	0
126537192	-1	0	243537687	-1	0
126537192	-1	0	317784718	-1	0
126537192	-1	0	25691263	-1	0
126537192	-1	0	51401997	-1	0
126537192	-1	0	297757055	-1	0
126537192	-1	0	129932298	-1	0
126537192	-1	0	267162035	-1	0
126537192	-1	0	346008621	-1	0
126537192	-1	0	356163900	-1	0
126537192	-1	0	461939684	-1	0
126537192	-1	0	4104365	-1	0
126537192	-1	0	36975636	-1	0
126537192	-1	0	67183281	-1	0
126537192	-1	0	86611897	-1	0
126537192	-1	0	213836242	-1	0
126537192	-1	0	300577401	-1	0
126537192	-1	0	363227544	-1	0
126537192	-1	0	429087860	-1	0
126537192	-1	0	78607286	-1	0
126537192	-1	0	109797875	-1	0
126537192	-1	0	212717398	-1	0
126537192	-1	0	270392004	-1	0
126537192	-1	0	400426002	-1	0
126537192	-1	0	28317244	-1	0
126537192	-1	0	144397509	-1	0
126537192	-1	0	201038494	-1	0
126537192	-1	0	232001655	-1	0
126537192	-1	0	259023090	-1	0
126537192	-1	0	389320809	-1	0
126537192	-1	0	412574668	-1	0
126537192	-1	0	143748461	-1	0
126537192	-1	0	153750691	-1	0
126537192	-1	0	443783370	-1	0
126537192	-1	0	56958943	-1	0
126537192	-1	0	172028401	-1	0
126537192	-1	0	385159078	-1	0
126537192	-1	0	215462241	-1	0
126537192	-1	0	252556040	-1	0
126537192	-1	0	81804440	-1	0
126537192	-1	0	274544830	-1	0
126537192	-1	0	228719220	-1	0
126537192	-1	0	315424501	-1	0
126537192	-1	0	55127576	-1	0
126537192	-1	0	163019229	-1	0
126537192	-1	0	290309622	-1	0
126537192	-1	0	376283312	-1	0
126537192	-1	0	354781741	-1	0
126537192	-1	0	192320213	-1	0
126537192	-1	0	266904767	-1	0
126537192	-1	0	124363694	-1	0
126537192	-1	0	129387413	-1	0
126537192	-1	0	134705947	-1	0
126537192	-1	0	142992137	-1	0
126537192	-1	0	448772568	-1	0
126537192	-1	0	120144110	-1	0
126537192	-1	0	342834218	-1	0
126537192	-1	0	385092109	-1	0
126537192	-1	0	389791324	-1	0
126537192	-1	0	362044755	-1	0
126537192	-1	0	185560362	-1	0
126537192	-1	0	417789385	-1	0
126537192	-1	0	171594786	-1	0
126537192	-1	0	111279570	-1	0
126537192	-1	0	283433538	-1	0
126537192	-1	0	215484360	-1	0
126537192	-1	0	441851157	-1	0
126537192	-1	0	317578256	-1	0
126537192	-1	0	201210369	-1	0
126537192	-1	0	308706675	-1	0
126537192	-1	0	52863787	-1	0
126537192	-1	0	329234943	-1	0
126537192	-1	0	424886540	-1	0
126537192	-1	0	245401552	-1	0
126537192	-1	0	280531170	-1	0
126537192	-1	0	401850132	-1	0
126537192	-1	0	357252217	-1	0
126537192	-1	0	441764936	-1	0
126537192	-1	0	11745780	-1	0
126537192	-1	0	42481947	-1	0
126537192	-1	0	273981809	-1	0
126537192	-1	0	200374875	-1	0
126537192	-1	0	279208109	-1	0
126537192	-1	0	455025956	-1	0
126537192	-1	0	142708882	-1	0
126537192	-1	0	172181604	-1	0
126537192	-1	0	28439517	-1	0
126537192	-1	0	168084094	-1	0
126537192	-1	0	435014264	-1	0
126537192	-1	0	416229220	-1	0
126537192	-1	0	48803570	-1	0
126537192	-1	0	383504977	-1	0
126537192	-1	0	264822469	-1	0
126537192	-1	0	46885562	-1	0
126537192	-1	0	343496378	-1	0
126537192	-1	0	96251284	-1	0
126537192	-1	0	444131249	-1	0
126537192	-1	0	260271889	-1	0
126537192	-1	0	52293373	-1	0
126537192	-1	0	62651261	-1	0
126537192	-1	0	196530939	-1	0
126537192	-1	0	89558902	-1	0
126537192	-1	0	196567272	-1	0
126537192	-1	0	426438870	-1	0
126537192	-1	0	155607922	-1	0
126537192	-1	0	75287146	-1	0
126537192	-1	0	305229432	-1	0
126537192	-1	0	70936068	-1	0
126537192	-1	0	188005597	-1	0
126537192	-1	0	311326270	-1	0
126537192	-1	0	412656261	-1	0
126537192	-1	0	251441095	-1	0
126537192	-1	0	137955544	-1	0
126537192	-1	0	211835340	-1	0
126537192	-1	0	357164420	-1	0
126537192	-1	0	143325701	-1	0
126537192	-1	0	217424793	-1	0
126537192	-1	0	112153933	-1	0
126537192	-1	0	449791314	-1	0
126537192	-1	0	10932587	-1	0
126537192	-1	0	168960929	-1	0
126537192	-1	0	329818082	-1	0
126537192	-1	0	375477511	-1	0
126537192	-1	0	224331453	-1	0
126537192	-1	0	152423712	-1	0
126537192	-1	0	80295015	-1	0
126537192	-1	0	375734526	-1	0
126537192	-1	0	424101958	-1	0
126537192	-1	0	230400404	-1	0
126537192	-1	0	325824678	-1	0
126537192	-1	0	32954359	-1	0
126537192	-1	0	106711574	-1	0
126537192	-1	0	194928894	-1	0
126537192	-1	0	63038060	-1	0
126537192	-1	0	383739151	-1	0
126537192	-1	0	265008415	-1	0
126537192	-1	0	110013706	-1	0
126537192	-1	0	354838276	-1	0
126537192	-1	0	32915470	-1	0
126537192	-1	0	207218098	-1	0
126537192	-1	0	92169468	-1	0
126537192	-1	0	56993352	-1	0
126537192	-1	0	7857539	-1	0
126537192	-1	0	300294270	-1	0
126537192	-1	0	157542512	-1	0
126537192	-1	0	266894822	-1	0
126537192	-1	0	446097264	-1	0
126537192	-1	0	4662923	-1	0
126537192	-1	0	271624205	-1	0
126537192	-1	0	260861370	-1	0
126537192	-1	0	271762383	-1	0
126537192	-1	0	381762575	-1	0
126537192	-1	0	403346725	-1	0
126537192	-1	0	246773563	-1	0
126537192	-1	0	228038491	-1	0
126537192	-1	0	247123753	-1	0
126537192	-1	0	27467020	-1	0
126537192	-1	0	370461713	-1	0
126537192	-1	0	293682160	-1	0
126537192	-1	0	230335625	-1	0
126537192	-1	0	127547142	-1	0
126537192	-1	0	130303762	-1	0
126537192	-1	0	294114703	-1	0
126537192	-1	0	464236997	-1	0
126537192	-1	0	92613684	-1	0
126537192	-1	0	319719587	-1	0
126537192	-1	0	246105294	-1	0
126537192	-1	0	113974775	-1	0
126537192	-1	0	168311981	-1	0
126537192	-1	0	53152966	-1	0
126537192	-1	0	106743559	-1	0
126537192	-1	0	418147643	-1	0
126537192	-1	0	432983697	-1	0
126537192	-1	0	170907797	-1	0
126537192	-1	0	147667054	-1	0
126537192	-1	0	282175697	-1	0
126537192	-1	0	394746251	-1	0
126537192	-1	0	99803173	-1	0
126537192	-1	0	325544359	-1	0
126537192	-1	0	188395403	-1	0
126537192	-1	0	402358908	-1	6
126537192	-1	0	331373037	-1	6
126537192	-1	0	374103777	-1	6
126537192	-1	0	36729914	-1	6
126537192	-1	0	46348304	-1	6
126537192	-1	0	137751100	-1	6
126537192	-1	0	57603523	-1	6
126537192	-1	0	133394196	-1	6
126537192	-1	0	173849798	-1	6
126537192	-1	0	76016167	-1	6
126537192	-1	0	114995099	-1	6
126537192	-1	0	9303075	-1	6
126537192	-1	0	280194955	-1	6
126537192	-1	0	78457884	-1	6
126537192	-1	0	356223387	-1	6
126537192	-1	0	409846731	-1	6
126537192	-1	0	76040917	-1	6
126537192	-1	0	230470704	-1	6
126537192	-1	0	240442742	-1	6
126537192	-1	0	302637093	-1	6
126537192	-1	0	280171921	-1	6
126537192	-1	0	254052371	-1	6
126537192	-1	0	406757311	-1	6
126537192	-1	0	223688254	-1	6
126537192	-1	0	55461027	-1	6
126537192	-1	0	308654188	-1	6
126537192	-1	0	216443387	-1	6
126537192	-1	0	273503871	-1	6
126537192	-1	0	105399608	-1	6
126537192	-1	0	226946516	-1	6
126537192	-1	0	434348194	-1	6
126537192	-1	0	373173328	-1	6
126537192	-1	0	201718092	-1	6
126537192	-1	0	114122416	-1	6
126537192	-1	0	111613285	-1	6
126537192	-1	0	464937437	-1	6
126537192	-1	0	153066929	-1	6
126537192	-1	0	302527938	-1	6
126537192	-1	0	20252389	-1	6
126537192	-1	0	272696584	-1	6
126537192	-1	0	167420360	-1	6
126537192	-1	0	284447469	-1	6
126537192	-1	0	250118727	-1	6
126537192	-1	0	155799322	-1	6
126537192	-1	0	324832084	-1	6
126537192	-1	0	198118675	-1	6
126537192	-1	0	278913156	-1	6
126537192	-1	0	78107750	-1	6
126537192	-1	0	366822687	-1	6
126537192	-1	0	188001247	-1	6
126537192	-1	0	338781514	-1	6
126537192	-1	0	62616477	-1	6
126537192	-1	0	453865982	-1	6
126537192	-1	0	31334826	-1	6
126537192	-1	0	314862910	-1	6
126537192	-1	0	448407138	-1	6
126537192	-1	0	198922642	-1	6
126537192	-1	0	96571471	-1	6
126537192	-1	0	86612432	-1	6
126537192	-1	0	109433265	-1	6
126537192	-1	0	178326915	-1	6
126537192	-1	0	339400513	-1	6
126537192	-1	0	156758374	-1	6
126537192	-1	0	159291218	-1	6
126537192	-1	0	449395244	-1	6
126537192	-1	0	27492375	-1	6
126537192	-1	0	176599779	-1	6
126537192	-1	0	17369033	-1	6
126537192	-1	0	25412771	-1	6
126537192	-1	0	65151504	-1	6
126537192	-1	0	70718966	-1	6
126537192	-1	0	115381458	-1	6
126537192	-1	0	439158970	-1	6
126537192	-1	0	464287787	-1	6
126537192	-1	0	81566285	-1	6
126537192	-1	0	83242312	-1	6
126537192	-1	0	236536351	-1	6
126537192	-1	0	261633149	-1	6
126537192	-1	0	327428494	-1	6
126537192	-1	0	182176009	-1	6
126537192	-1	0	79729595	-1	6
126537192	-1	0	390063153	-1	6
126537192	-1	0	441768055	-1	6
126537192	-1	0	383029067	-1	15
126537192	-1	0	332986795	-1	15
126537192	-1	0	2161519	-1	15
126537192	-1	0	252784741	-1	15
126537192	-1	0	93113414	-1	15
126537192	-1	0	225294835	-1	15
126537192	-1	0	109644699	-1	15
126537192	-1	0	46735502	-1	15
126537192	-1	0	382425650	-1	15
126537192	-1	0	411803414	-1	15
126537192	-1	0	273897747	-1	18
126537192	-1	0	3965486	-1	18
126537192	-1	0	129359535	-1	18
126537192	-1	0	424534565	-1	18
126537192	-1	0	226930526	-1	18
126537192	-1	0	98284580	-1	18
126537192	-1	0	342678738	-1	18
126537192	-1	0	24655031	-1	18
126537192	-1	0	354813523	-1	18
126537192	-1	0	287629417	-1	18
126537192	-1	0	380604324	-1	18
126537192	-1	0	212308241	-1	18
126537192	-1	0	27620805	-1	18
126537192	-1	0	243870298	-1	18
126537192	-1	0	293939978	-1	18
126537192	-1	0	360489186	-1	21
126537192	-1	0	285135984	-1	21
126537192	-1	0	447958102	-1	21
126537192	-1	0	150499284	-1	21
126537192	-1	0	39497244	-1	21
126537192	-1	0	228724535	-1	21
126537192	-1	0	411253652	-1	21
126537192	-1	0	447117890	-1	21
126537192	-1	0	435251634	-1	21
126537192	-1	0	358676200	-1	21
126537192	-1	0	26876125	-1	21
126537192	-1	0	38700722	-1	21
126537192	-1	0	398232557	-1	21
126537192	-1	0	426087435	-1	21
126537192	-1	0	427810331	-1	21
126537192	-1	0	257161549	-1	21
126537192	-1	0	330708716	-1	21
126537192	-1	0	91877292	-1	21
126537192	-1	0	193934005	-1	21
126537192	-1	0	433747120	-1	21
126537192	-1	0	258819310	-1	21
126537192	-1	0	269092926	-1	21
126537192	-1	0	237748393	-1	21
126537192	-1	0	85414937	-1	21
126537192	-1	0	98472691	-1	21
126537192	-1	0	27399168	-1	21
126537192	-1	0	270194929	-1	21
126537192	-1	0	337217333	-1	21
126537192	-1	0	85486991	-1	21
126537192	-1	0	71602876	-1	21
126537192	-1	0	325266966	-1	21
126537192	-1	0	463487355	-1	21
126537192	-1	0	359124135	-1	21
126537192	-1	0	34697312	-1	21
126537192	-1	0	192079875	-1	21
126537192	-1	0	48411384	-1	21
126537192	-1	0	47338649	-1	21
126537192	-1	0	294036826	-1	21
126537192	-1	0	317884491	-1	24
126537192	-1	0	170030829	-1	24
126537192	-1	0	464158129	-1	24
126537192	-1	0	83600764	-1	24
126537192	-1	0	382196974	-1	24
126537192	-1	0	71348480	-1	24
126537192	-1	0	402527676	-1	24
126537192	-1	0	23638257	-1	24
126537192	-1	0	86042101	-1	24
126537192	-1	0	5756515	-1	24
126537192	-1	0	65854505	-1	24
126537192	-1	0	66562748	-1	24
126537192	-1	0	297058500	-1	24
126537192	-1	0	397791176	-1	24
126537192	-1	0	206856955	-1	24
126537192	-1	0	128206173	-1	24
126537192	-1	0	159165388	-1	24
126537192	-1	0	142318605	-1	24
126537192	-1	0	329087761	-1	24
126537192	-1	0	287792976	-1	24
126537192	-1	0	293469221	-1	24
126537192	-1	0	297003557	-1	24
126537192	-1	0	39533550	-1	24
126537192	-1	0	226915515	-1	24
126537192	-1	0	322448047	-1	24
126537192	-1	0	452889664	-1	24
126537192	-1	0	297053500	-1	24
126537192	-1	0	195910185	-1	24
126537192	-1	0	8193549	-1	24
126537192	-1	0	327393831	-1	24
126537192	-1	0	432257091	-1	24
126537192	-1	0	442463269	-1	24
126537192	-1	0	125091609	-1	24
126537192	-1	0	307679361	-1	24
126537192	-1	0	314722498	-1	24
126537192	-1	0	424975083	-1	24
126537192	-1	0	83042448	-1	24
126537192	-1	0	231183075	-1	24
126537192	-1	0	116183352	-1	24
126537192	-1	0	287202602	-1	24
126537192	-1	0	119235267	-1	24
126537192	-1	0	273516304	-1	24
126537192	-1	0	435867321	-1	24
126537192	-1	0	355192236	-1	24
126537192	-1	0	414126677	-1	24
126537192	-1	0	412193111	-1	24
126537192	-1	0	97692238	-1	24
126537192	-1	0	331167848	-1	24
126537192	-1	0	397930845	-1	24
126537192	-1	0	357543378	-1	24
126537192	-1	0	371658079	-1	24
126537192	-1	0	148704283	-1	24
126537192	-1	0	396661698	-1	24
126537192	-1	0	152519623	-1	24
126537192	-1	0	402450385	-1	24
126537192	-1	0	54517968	-1	24
126537192	-1	0	246921298	-1	24
126537192	-1	0	255884946	-1	24
126537192	-1	0	464587453	-1	24
126537192	-1	0	124503009	-1	24
126537192	-1	0	178158352	-1	24
126537192	-1	0	274563983	-1	24
126537192	-1	0	397759194	-1	24
126537192	-1	0	407120774	-1	24
126537192	-1	0	460504882	-1	24
126537192	-1	0	85025254	-1	24
126537192	-1	0	110581146	-1	24
126537192	-1	0	184687238	-1	24
126537192	-1	0	259565753	-1	24
126537192	-1	0	401088844	-1	24
126537192	-1	0	157547197	-1	24
126537192	-1	0	130574665	-1	24
126537192	-1	0	450040950	-1	24
126537192	-1	0	119336661	-1	24
126537192	-1	0	153410669	-1	24
126537192	-1	0	318921952	-1	24
126537192	-1	0	36024552	-1	24
126537192	-1	0	225148267	-1	24
126537192	-1	0	170294054	-1	24
126537192	-1	0	401795438	-1	24
126537192	-1	0	329763292	-1	24
126537192	-1	0	419830155	-1	24
126537192	-1	0	226496474	-1	24
126537192	-1	0	340077751	-1	24
126537192	-1	0	105253687	-1	33
126537192	-1	0	84983612	-1	33
126537192	-1	0	9343835	-1	33
126537192	-1	0	186949948	-1	33
126537192	-1	0	197930685	-1	33
126537192	-1	0	181507088	-1	33
126537192	-1	0	182295656	-1	33
126537192	-1	0	251049643	-1	33
126537192	-1	0	342137849	-1	33
126537192	-1	0	79978097	-1	33
126537192	-1	0	193666407	-1	33
126537192	-1	0	258757578	-1	33
126537192	-1	0	463229460	-1	33
126537192	-1	0	115221663	-1	33
126537192	-1	0	443821674	-1	33
126537192	-1	0	337083676	-1	33
126537192	-1	0	331827304	-1	33
126537192	-1	0	267371813	-1	102
126537192	-1	0	383703757	-1	225
126537192	-1	0	13200127	-1	801
 