222085	1	193	2.866E-47	2	1250	1923	27	152	0.646	4.777E-39	73	167	226	1250	1600	351	1244	1603
222085	1	193	2.866E-47	2	1250	1923	33	62	0.820	2.956E-09	190	224	226	1819	1923	105	1795	1926
225348	1	213	2.733E-53	3	1069	1926	22	41	0.499	1.452E-01	34	74	302	1069	1191	123	1069	1266
225348	1	213	2.733E-53	3	1069	1926	27	137	0.623	7.854E-34	72	159	302	1250	1579	330	1244	1603
225348	1	213	2.733E-53	3	1069	1926	33	62	0.800	2.956E-09	186	221	302	1819	1926	108	1795	1926
234171	1	234	1.303E-59	3	1072	1926	22	45	0.587	5.936E-03	35	71	231	1072	1182	111	1069	1266
234171	1	234	1.303E-59	3	1072	1926	27	152	0.648	3.483E-39	73	167	231	1250	1600	351	1244	1603
234171	1	234	1.303E-59	3	1072	1926	33	57	0.743	1.357E-07	190	225	231	1819	1926	108	1795	1926
422501	1	191	1.147E-46	2	1072	1600	22	46	0.592	4.313E-03	37	73	233	1072	1182	111	1069	1266
422501	1	191	1.147E-46	2	1072	1600	27	144	0.619	1.937E-36	75	169	233	1250	1600	351	1244	1603
457876	1	201	1.120E-49	2	1072	1600	22	46	0.601	2.277E-03	38	74	234	1072	1182	111	1069	1266
457876	1	201	1.120E-49	2	1072	1600	27	154	0.653	9.838E-40	76	170	234	1250	1600	351	1244	1603
462370	1	206	3.499E-51	3	1069	1923	22	45	0.469	5.936E-03	32	78	365	1069	1215	147	1069	1266
462370	1	206	3.499E-51	3	1069	1923	27	139	0.633	8.596E-35	71	158	365	1250	1579	330	1244	1603
462370	1	206	3.499E-51	3	1069	1923	33	55	0.737	6.696E-07	186	220	365	1819	1923	105	1795	1926
501168	1	186	3.669E-45	2	1250	1923	27	148	0.633	8.213E-38	75	169	238	1250	1600	351	1244	1603
501168	1	186	3.669E-45	2	1250	1923	33	59	0.786	2.754E-08	192	226	238	1819	1923	105	1795	1926
613230	1	190	2.293E-46	2	1250	1926	27	149	0.635	5.988E-38	76	170	229	1250	1600	351	1244	1603
613230	1	190	2.293E-46	2	1250	1926	33	62	0.804	2.149E-09	193	228	229	1819	1926	108	1795	1926
632009	1	249	3.978E-64	3	1072	1923	22	52	0.655	1.896E-05	140	177	330	1072	1185	114	1069	1266
632009	1	249	3.978E-64	3	1072	1923	27	162	0.677	1.769E-42	176	271	330	1247	1600	354	1244	1603
632009	1	249	3.978E-64	3	1072	1923	33	57	0.757	1.868E-07	294	328	330	1819	1923	105	1795	1926
667683	1	187	1.834E-45	2	1069	1579	22	43	0.564	2.934E-02	32	68	223	1069	1179	111	1069	1266
667683	1	187	1.834E-45	2	1069	1579	27	143	0.644	3.645E-36	69	157	223	1247	1579	333	1244	1603
704314	1	239	4.073E-61	3	1069	1923	22	46	0.592	4.313E-03	34	70	225	1069	1179	111	1069	1266
704314	1	239	4.073E-61	3	1069	1923	27	152	0.646	4.777E-39	72	166	225	1250	1600	351	1244	1603
704314	1	239	4.073E-61	3	1069	1923	33	61	0.815	4.065E-09	189	223	225	1819	1923	105	1795	1926
821816	1	102	7.097E-20	1	3034	3276	67	102	0.623	9.763E-20	12	92	93	3034	3276	243	2998	3723
898178	1	136	4.131E-30	1	1250	1600	27	136	0.588	2.027E-33	70	165	222	1250	1600	351	1244	1603
936173	1	167	1.924E-39	2	245	792	8	90	0.591	2.641E-17	123	198	291	245	472	228	158	550
936173	1	167	1.924E-39	2	245	792	17	88	0.582	3.111E-16	211	286	291	565	792	228	526	1014
978094	1	111	1.386E-22	1	1250	1441	27	111	0.823	6.558E-25	42	105	114	1250	1441	192	1244	1603
1213590	1	108	1.109E-21	1	1250	1441	27	108	0.800	1.127E-23	42	105	114	1250	1441	192	1244	1603
1230026	1	207	1.749E-51	2	565	1600	17	93	0.365	9.920E-18	109	213	409	565	1008	444	526	1014
1230026	1	207	1.749E-51	2	565	1600	27	154	0.656	5.229E-40	255	349	409	1250	1600	351	1244	1603
8371349	1	220	2.136E-55	3	1069	1926	22	44	0.569	2.131E-02	36	72	293	1069	1179	111	1069	1266
8371349	1	220	2.136E-55	3	1069	1926	27	136	0.620	1.478E-33	74	161	293	1250	1579	330	1244	1603
8371349	1	220	2.136E-55	3	1069	1926	33	64	0.823	6.006E-10	188	223	293	1819	1926	108	1795	1926
9050823	1	174	1.503E-41	2	1250	1923	27	137	0.592	7.854E-34	55	149	283	1250	1600	351	1244	1603
9050823	1	174	1.503E-41	2	1250	1923	33	58	0.771	7.171E-08	172	206	283	1819	1923	105	1795	1926
12935278	1	241	1.018E-61	3	1072	1923	22	44	0.542	1.125E-02	36	75	228	1072	1191	120	1069	1266
12935278	1	241	1.018E-61	3	1072	1923	27	155	0.653	3.812E-40	74	169	228	1247	1600	354	1244	1603
12935278	1	241	1.018E-61	3	1072	1923	33	64	0.849	4.367E-10	192	226	228	1819	1923	105	1795	1926
14823135	1	183	2.935E-44	2	1250	1923	27	147	0.629	2.120E-37	77	171	304	1250	1600	351	1244	1603
14823135	1	183	2.935E-44	2	1250	1923	33	57	0.766	9.867E-08	194	228	304	1819	1923	105	1795	1926
14946443	1	174	1.503E-41	2	1250	1926	27	139	0.602	8.596E-35	70	177	238	1250	1600	351	1244	1603
14946443	1	174	1.503E-41	2	1250	1926	33	56	0.733	2.570E-07	200	235	238	1819	1926	108	1795	1926
14974140	1	143	3.227E-32	1	1250	1600	27	143	0.613	6.858E-36	71	166	204	1250	1600	351	1244	1603
15048474	1	180	2.348E-43	2	1250	1923	27	144	0.618	2.657E-36	77	171	304	1250	1600	351	1244	1603
15048474	1	180	2.348E-43	2	1250	1923	33	57	0.766	9.867E-08	194	228	304	1819	1923	105	1795	1926
15067344	1	144	1.614E-32	1	1250	1600	27	144	0.619	1.937E-36	71	165	227	1250	1600	351	1244	1603
15071762	1	177	1.878E-42	2	1250	1923	27	143	0.615	4.999E-36	81	175	284	1250	1600	351	1244	1603
15071762	1	177	1.878E-42	2	1250	1923	33	55	0.732	9.214E-07	198	232	284	1819	1923	105	1795	1926
15199217	1	183	2.935E-44	2	1250	1923	27	147	0.630	1.545E-37	61	155	213	1250	1600	351	1244	1603
15199217	1	183	2.935E-44	2	1250	1923	33	57	0.757	1.868E-07	178	212	213	1819	1923	105	1795	1926
15276591	1	185	7.338E-45	2	1250	1923	27	144	0.619	1.937E-36	82	176	235	1250	1600	351	1244	1603
15276591	1	185	7.338E-45	2	1250	1923	33	62	0.825	2.149E-09	199	233	235	1819	1923	105	1795	1926
15347895	1	106	4.435E-21	1	3001	3264	67	106	0.601	4.467E-21	16	103	111	3001	3264	264	2998	3723
15363714	1	205	6.998E-51	2	203	3411	8	98	0.531	3.513E-20	6	100	389	203	487	285	158	550
15363714	1	205	6.998E-51	2	203	3411	67	109	0.466	2.033E-22	104	229	389	3034	3411	378	2998	3723
15507209	1	170	2.404E-40	2	565	2958	17	89	0.576	1.216E-16	27	104	210	565	798	234	526	1014
15507209	1	170	2.404E-40	2	565	2958	55	88	0.582	3.897E-17	113	188	210	2731	2958	228	2665	2994
15519858	1	109	5.544E-22	1	1250	1441	27	109	0.810	3.184E-24	42	105	114	1250	1441	192	1244	1603
15766299	1	85	9.302E-15	1	589	801	17	85	0.596	3.804E-15	43	113	114	589	801	213	526	1014
24228834	1	230	2.085E-58	2	3268	3944	67	135	0.569	4.771E-31	16	136	269	3268	3618	351	2998	3723
24228834	1	230	2.085E-58	2	3268	3944	71	100	0.580	2.063E-21	143	229	269	3687	3944	258	3639	3944
28901769	1	197	1.791E-48	2	1072	1600	22	45	0.596	8.171E-03	31	66	221	1072	1179	108	1069	1266
28901769	1	197	1.791E-48	2	1072	1600	27	151	0.642	1.233E-38	68	162	221	1250	1600	351	1244	1603
29400140	1	232	5.214E-59	3	1069	1923	22	56	0.680	1.075E-06	46	84	241	1069	1185	117	1069	1266
29400140	1	232	5.214E-59	3	1069	1923	27	137	0.593	5.726E-34	85	182	241	1250	1600	351	1244	1603
29400140	1	232	5.214E-59	3	1069	1923	33	59	0.781	3.789E-08	205	239	241	1819	1923	105	1795	1926
29513841	1	230	2.085E-58	3	1072	1923	22	44	0.574	1.548E-02	36	72	227	1072	1182	111	1069	1266
29513841	1	230	2.085E-58	3	1072	1923	27	145	0.620	1.412E-36	73	168	227	1250	1600	351	1244	1603
29513841	1	230	2.085E-58	3	1072	1923	33	61	0.805	7.692E-09	191	225	227	1819	1923	105	1795	1926
29514432	1	216	3.417E-54	3	1072	1923	22	42	0.551	7.657E-02	34	70	225	1072	1182	111	1069	1266
29514432	1	216	3.417E-54	3	1072	1923	27	139	0.602	8.596E-35	71	166	225	1250	1600	351	1244	1603
29514432	1	216	3.417E-54	3	1072	1923	33	55	0.737	6.696E-07	189	223	225	1819	1923	105	1795	1926
29551615	1	186	3.669E-45	2	1250	1923	27	151	0.643	8.989E-39	79	173	251	1250	1600	351	1244	1603
29551615	1	186	3.669E-45	2	1250	1923	33	56	0.752	2.570E-07	196	230	251	1819	1923	105	1795	1926
29702306	1	235	6.517E-60	3	1072	1923	22	46	0.601	2.277E-03	36	72	227	1072	1182	111	1069	1266
29702306	1	235	6.517E-60	3	1072	1923	27	147	0.629	2.120E-37	74	168	227	1250	1600	351	1244	1603
29702306	1	235	6.517E-60	3	1072	1923	33	62	0.820	2.956E-09	191	225	227	1819	1923	105	1795	1926
29779517	1	227	1.668E-57	3	1069	1923	22	49	0.619	2.435E-04	46	83	240	1069	1182	114	1069	1266
29779517	1	227	1.668E-57	3	1069	1923	27	143	0.613	6.858E-36	84	181	240	1250	1600	351	1244	1603
29779517	1	227	1.668E-57	3	1069	1923	33	55	0.737	6.696E-07	204	238	240	1819	1923	105	1795	1926
29831312	1	168	9.618E-40	2	1250	1926	27	131	0.601	6.558E-32	29	116	260	1250	1579	330	1244	1603
29831312	1	168	9.618E-40	2	1250	1926	33	62	0.800	2.956E-09	143	178	260	1819	1926	108	1795	1926
29868534	1	180	2.348E-43	2	1250	1923	27	145	0.623	7.505E-37	49	143	203	1250	1600	351	1244	1603
29868534	1	180	2.348E-43	2	1250	1923	33	56	0.747	3.536E-07	166	200	203	1819	1923	105	1795	1926
29869147	1	146	4.034E-33	1	1250	1600	27	146	0.626	3.989E-37	69	163	224	1250	1600	351	1244	1603
29941345	1	126	4.230E-27	1	3034	3612	67	126	0.342	4.487E-28	20	243	355	3034	3612	579	2998	3723
29968599	1	84	1.860E-14	1	556	795	17	84	0.537	7.110E-15	27	105	106	556	795	240	526	1014
30016459	1	104	1.774E-20	1	3001	3261	67	104	0.599	1.535E-20	4	90	99	3001	3261	261	2998	3723
30048681	1	102	7.097E-20	1	3031	3408	67	102	0.440	9.763E-20	26	138	162	3031	3408	378	2998	3723
30350091	1	142	6.454E-32	2	269	801	8	78	0.564	4.604E-13	40	108	199	269	475	207	158	550
30350091	1	142	6.454E-32	2	269	801	17	82	0.580	3.395E-14	128	198	199	589	801	213	526	1014
33465755	1	165	7.694E-39	2	3304	3944	67	80	0.393	1.479E-12	80	194	339	3304	3618	315	2998	3723
33465755	1	165	7.694E-39	2	3304	3944	71	93	0.519	4.484E-19	204	296	339	3702	3944	243	3639	3944
37101944	1	190	2.293E-46	2	1250	1923	27	150	0.640	1.691E-38	73	167	225	1250	1600	351	1244	1603
37101944	1	190	2.293E-46	2	1250	1923	33	61	0.805	7.692E-09	190	224	225	1819	1923	105	1795	1926
38017401	1	178	9.392E-43	2	1250	1923	27	142	0.612	9.407E-36	80	174	252	1250	1600	351	1244	1603
38017401	1	178	9.392E-43	2	1250	1923	33	57	0.761	1.357E-07	197	231	252	1819	1923	105	1795	1926
40688919	1	241	1.018E-61	3	1072	1923	22	44	0.542	1.125E-02	36	75	228	1072	1191	120	1069	1266
40688919	1	241	1.018E-61	3	1072	1923	27	155	0.653	3.812E-40	74	169	228	1247	1600	354	1244	1603
40688919	1	241	1.018E-61	3	1072	1923	33	64	0.849	4.367E-10	192	226	228	1819	1923	105	1795	1926
42926437	1	238	8.146E-61	3	1069	1923	22	49	0.619	2.435E-04	133	170	325	1069	1179	111	1069	1266
42926437	1	238	8.146E-61	3	1069	1923	27	150	0.636	1.691E-38	171	266	325	1247	1600	354	1244	1603
42926437	1	238	8.146E-61	3	1069	1923	33	59	0.781	3.789E-08	289	323	325	1819	1923	105	1795	1926
43839540	1	171	1.202E-40	2	1250	1926	27	134	0.610	9.845E-33	72	159	235	1250	1579	330	1244	1603
43839540	1	171	1.202E-40	2	1250	1926	33	62	0.804	2.149E-09	186	221	235	1819	1926	108	1795	1926
43839754	1	166	3.847E-39	2	1072	1549	22	44	0.574	1.548E-02	7	43	123	1072	1182	111	1069	1266
43839754	1	166	3.847E-39	2	1072	1549	27	121	0.605	3.332E-28	45	122	123	1250	1549	300	1244	1603
43848129	1	210	2.187E-52	3	1069	1923	22	43	0.560	4.039E-02	36	72	299	1069	1179	111	1069	1266
43848129	1	210	2.187E-52	3	1069	1923	27	134	0.613	5.232E-33	74	161	299	1250	1579	330	1244	1603
43848129	1	210	2.187E-52	3	1069	1923	33	57	0.761	1.357E-07	188	222	299	1819	1923	105	1795	1926
43920013	1	210	2.187E-52	3	1069	1923	22	41	0.537	1.999E-01	36	72	299	1069	1179	111	1069	1266
43920013	1	210	2.187E-52	3	1069	1923	27	134	0.613	5.232E-33	74	161	299	1250	1579	330	1244	1603
43920013	1	210	2.187E-52	3	1069	1923	33	59	0.791	2.002E-08	188	222	299	1819	1923	105	1795	1926
44021201	1	188	9.172E-46	2	1072	1594	22	45	0.551	5.936E-03	37	76	305	1072	1191	120	1069	1266
44021201	1	188	9.172E-46	2	1072	1594	27	143	0.623	4.999E-36	76	169	305	1250	1594	345	1244	1603
44131326	1	182	5.870E-44	2	1250	1923	27	146	0.626	3.989E-37	77	171	248	1250	1600	351	1244	1603
44131326	1	182	5.870E-44	2	1250	1923	33	57	0.761	1.357E-07	194	228	248	1819	1923	105	1795	1926
44163164	1	207	1.749E-51	3	1069	1923	22	48	0.569	6.346E-04	36	76	291	1069	1191	123	1069	1266
44163164	1	207	1.749E-51	3	1069	1923	27	129	0.594	3.185E-31	74	163	291	1250	1579	330	1244	1603
44163164	1	207	1.749E-51	3	1069	1923	33	57	0.757	1.868E-07	190	224	291	1819	1923	105	1795	1926
44268543	1	177	1.878E-42	2	1247	1926	27	141	0.603	2.428E-35	77	172	254	1247	1600	354	1244	1603
44268543	1	177	1.878E-42	2	1247	1926	33	57	0.743	1.357E-07	195	230	254	1819	1926	108	1795	1926
44364242	1	191	1.147E-46	2	1250	1923	27	151	0.642	1.233E-38	79	173	233	1250	1600	351	1244	1603
44364242	1	191	1.147E-46	2	1250	1923	33	61	0.810	5.592E-09	196	230	233	1819	1923	105	1795	1926
44453578	1	61	1.561E-07	1	3034	3189	67	61	0.578	3.690E-06	9	60	61	3034	3189	156	2998	3723
44453882	1	93	3.633E-17	2	230	3264	8	88	0.537	9.320E-17	14	97	276	230	481	252	158	550
44453882	1	93	3.633E-17	2	230	3264	67	90	0.527	7.219E-16	184	271	276	3001	3264	264	2998	3723
44523655	1	509	2.147E-142	2	2671	3723	55	148	0.753	7.077E-38	0	94	421	2671	2955	285	2665	2994
44523655	1	509	2.147E-142	2	2671	3723	67	361	0.748	2.255E-109	94	328	421	3013	3723	711	2998	3723
44559725	1	95	9.084E-18	1	565	1008	17	95	0.372	1.512E-18	2	100	296	565	1008	444	526	1014
55750637	1	227	1.668E-57	2	3280	3944	67	135	0.582	3.494E-31	20	137	270	3280	3618	339	2998	3723
55750637	1	227	1.668E-57	2	3280	3944	71	95	0.545	1.264E-19	142	230	270	3681	3944	264	3639	3944
58383190	1	231	1.043E-58	3	1072	1923	22	44	0.574	1.548E-02	36	72	227	1072	1182	111	1069	1266
58383190	1	231	1.043E-58	3	1072	1923	27	148	0.632	1.127E-37	73	168	227	1250	1600	351	1244	1603
58383190	1	231	1.043E-58	3	1072	1923	33	59	0.786	2.754E-08	191	225	227	1819	1923	105	1795	1926
58475746	1	154	1.576E-35	2	1069	1531	22	40	0.528	3.790E-01	2	38	112	1069	1179	111	1069	1266
58475746	1	154	1.576E-35	2	1069	1531	27	113	0.603	1.351E-25	40	111	112	1250	1531	282	1244	1603
58505298	1	165	7.694E-39	2	1072	1441	22	50	0.643	1.286E-04	3	39	113	1072	1182	111	1069	1266
58505298	1	165	7.694E-39	2	1072	1441	27	114	0.844	5.233E-26	41	104	113	1250	1441	192	1244	1603
58576389	1	230	2.085E-58	3	1072	1923	22	40	0.544	2.752E-01	36	71	226	1072	1179	108	1069	1266
58576389	1	230	2.085E-58	3	1072	1923	27	149	0.635	5.988E-38	73	167	226	1250	1600	351	1244	1603
58576389	1	230	2.085E-58	3	1072	1923	33	61	0.810	5.592E-09	190	224	226	1819	1923	105	1795	1926
58586510	1	158	9.848E-37	2	1072	1531	22	45	0.583	8.171E-03	3	39	113	1072	1182	111	1069	1266
58586510	1	158	9.848E-37	2	1072	1531	27	112	0.598	3.485E-25	41	112	113	1250	1531	282	1244	1603
58604721	1	109	5.544E-22	1	1250	1531	27	109	0.587	2.321E-24	81	152	154	1250	1531	282	1244	1603
59100105	1	95	9.084E-18	1	553	1008	17	95	0.365	1.512E-18	2	105	300	553	1008	456	526	1014
59144215	1	111	1.386E-22	1	1250	1441	27	111	0.823	6.558E-25	42	105	114	1250	1441	192	1244	1603
59463630	1	186	3.669E-45	2	1250	1923	27	149	0.638	3.182E-38	74	168	229	1250	1600	351	1244	1603
59463630	1	186	3.669E-45	2	1250	1923	33	58	0.776	5.213E-08	191	225	229	1819	1923	105	1795	1926
60021742	1	57	2.497E-06	1	3298	3639	67	57	0.310	5.298E-05	30	141	225	3298	3639	342	2998	3723
65271731	1	241	1.018E-61	3	1072	1923	22	44	0.542	1.125E-02	36	75	228	1072	1191	120	1069	1266
65271731	1	241	1.018E-61	3	1072	1923	27	155	0.653	3.812E-40	74	169	228	1247	1600	354	1244	1603
65271731	1	241	1.018E-61	3	1072	1923	33	64	0.849	4.367E-10	192	226	228	1819	1923	105	1795	1926
68313418	1	190	2.293E-46	2	1250	1926	27	149	0.635	5.988E-38	76	170	229	1250	1600	351	1244	1603
68313418	1	190	2.293E-46	2	1250	1926	33	62	0.804	2.149E-09	193	228	229	1819	1926	108	1795	1926
72924744	1	229	4.171E-58	3	1072	1923	22	46	0.592	4.313E-03	36	72	227	1072	1182	111	1069	1266
72924744	1	229	4.171E-58	3	1072	1923	27	144	0.618	2.657E-36	73	168	227	1250	1600	351	1244	1603
72924744	1	229	4.171E-58	3	1072	1923	33	59	0.786	2.754E-08	191	225	227	1819	1923	105	1795	1926
72932305	1	185	7.338E-45	2	1247	1926	27	147	0.625	2.120E-37	76	171	251	1247	1600	354	1244	1603
72932305	1	185	7.338E-45	2	1247	1926	33	59	0.771	2.002E-08	194	229	251	1819	1926	108	1795	1926
72952662	1	190	2.293E-46	2	1250	1926	27	149	0.635	5.988E-38	76	170	229	1250	1600	351	1244	1603
72952662	1	190	2.293E-46	2	1250	1926	33	62	0.804	2.149E-09	193	228	229	1819	1926	108	1795	1926
72981076	1	238	8.146E-61	3	1072	1923	22	47	0.610	1.202E-03	175	211	365	1072	1182	111	1069	1266
72981076	1	238	8.146E-61	3	1072	1923	27	152	0.648	3.483E-39	212	306	365	1250	1600	351	1244	1603
72981076	1	238	8.146E-61	3	1072	1923	33	59	0.781	3.789E-08	329	363	365	1819	1923	105	1795	1926
73145220	1	214	1.367E-53	3	1069	1926	22	48	0.601	8.733E-04	36	73	232	1069	1182	114	1069	1266
73145220	1	214	1.367E-53	3	1069	1926	27	136	0.621	1.077E-33	74	161	232	1250	1579	330	1244	1603
73145220	1	214	1.367E-53	3	1069	1926	33	57	0.743	1.357E-07	191	226	232	1819	1926	108	1795	1926
73167987	1	194	1.433E-47	2	1072	1600	22	44	0.574	1.548E-02	37	73	234	1072	1182	111	1069	1266
73167987	1	194	1.433E-47	2	1072	1600	27	149	0.636	4.365E-38	75	169	234	1250	1600	351	1244	1603
73229281	1	170	2.404E-40	2	1069	1531	22	50	0.633	9.348E-05	2	39	113	1069	1182	114	1069	1266
73229281	1	170	2.404E-40	2	1069	1531	27	119	0.630	1.180E-27	41	112	113	1250	1531	282	1244	1603
73339029	1	240	2.037E-61	3	1069	1923	22	49	0.615	3.351E-04	36	73	228	1069	1182	114	1069	1266
73339029	1	240	2.037E-61	3	1069	1923	27	153	0.650	1.851E-39	75	169	228	1250	1600	351	1244	1603
73339029	1	240	2.037E-61	3	1069	1923	33	58	0.771	7.171E-08	192	226	228	1819	1923	105	1795	1926
73402448	1	241	1.018E-61	3	1072	1923	22	47	0.568	1.654E-03	172	210	366	1072	1191	120	1069	1266
73402448	1	241	1.018E-61	3	1072	1923	27	154	0.651	5.229E-40	209	307	366	1247	1600	354	1244	1603
73402448	1	241	1.018E-61	3	1072	1923	33	62	0.820	2.956E-09	330	364	366	1819	1923	105	1795	1926
73479621	1	149	5.042E-34	1	1250	1600	27	149	0.636	4.365E-38	69	163	231	1250	1600	351	1244	1603
73520879	1	93	3.633E-17	1	215	502	8	93	0.505	1.547E-18	10	105	143	215	502	288	158	550
73685808	1	112	6.930E-23	1	1250	1441	27	112	0.829	3.485E-25	42	105	114	1250	1441	192	1244	1603
73920739	1	180	2.348E-43	2	1250	1923	27	145	0.623	7.505E-37	49	143	203	1250	1600	351	1244	1603
73920739	1	180	2.348E-43	2	1250	1923	33	56	0.747	3.536E-07	166	200	203	1819	1923	105	1795	1926
74534482	1	53	3.995E-05	1	3298	3639	67	53	0.294	1.347E-03	30	142	204	3298	3639	342	2998	3723
84530030	1	185	7.338E-45	2	1250	1926	27	147	0.629	2.120E-37	76	170	230	1250	1600	351	1244	1603
84530030	1	185	7.338E-45	2	1250	1926	33	59	0.762	3.789E-08	193	228	230	1819	1926	108	1795	1926
87492585	1	184	1.468E-44	2	1250	1923	27	148	0.632	1.127E-37	59	153	214	1250	1600	351	1244	1603
87492585	1	184	1.468E-44	2	1250	1923	33	57	0.761	1.357E-07	176	210	214	1819	1923	105	1795	1926
87598367	1	144	1.614E-32	1	1247	1600	27	144	0.615	1.937E-36	75	170	229	1247	1600	354	1244	1603
87638501	1	210	2.187E-52	3	1069	1926	22	41	0.541	1.452E-01	35	71	234	1069	1179	111	1069	1266
87638501	1	210	2.187E-52	3	1069	1926	27	136	0.621	1.077E-33	73	160	234	1250	1579	330	1244	1603
87638501	1	210	2.187E-52	3	1069	1926	33	58	0.757	5.213E-08	188	223	234	1819	1926	108	1795	1926
87677360	1	249	3.978E-64	3	1072	1923	22	52	0.655	1.896E-05	156	193	346	1072	1185	114	1069	1266
87677360	1	249	3.978E-64	3	1072	1923	27	162	0.677	1.769E-42	192	287	346	1247	1600	354	1244	1603
87677360	1	249	3.978E-64	3	1072	1923	33	57	0.761	1.357E-07	310	344	346	1819	1923	105	1795	1926
87681747	1	231	1.043E-58	3	1072	1923	22	44	0.574	1.548E-02	36	72	227	1072	1182	111	1069	1266
87681747	1	231	1.043E-58	3	1072	1923	27	148	0.632	1.127E-37	73	168	227	1250	1600	351	1244	1603
87681747	1	231	1.043E-58	3	1072	1923	33	59	0.786	2.754E-08	191	225	227	1819	1923	105	1795	1926
87681829	1	253	2.486E-65	3	1069	1923	22	55	0.682	2.798E-06	34	71	226	1069	1182	114	1069	1266
87681829	1	253	2.486E-65	3	1069	1923	27	157	0.666	5.722E-41	73	167	226	1250	1600	351	1244	1603
87681829	1	253	2.486E-65	3	1069	1923	33	61	0.815	4.065E-09	190	224	226	1819	1923	105	1795	1926
87855266	1	186	3.669E-45	2	1247	1923	27	149	0.630	5.988E-38	77	172	250	1247	1600	354	1244	1603
87855266	1	186	3.669E-45	2	1247	1923	33	58	0.776	5.213E-08	195	229	250	1819	1923	105	1795	1926
87938095	1	183	2.935E-44	2	1247	1923	27	146	0.620	5.471E-37	76	171	249	1247	1600	354	1244	1603
87938095	1	183	2.935E-44	2	1247	1923	33	58	0.771	7.171E-08	194	228	249	1819	1923	105	1795	1926
87993039	1	203	2.799E-50	2	1072	1600	22	44	0.574	1.548E-02	37	73	233	1072	1182	111	1069	1266
87993039	1	203	2.799E-50	2	1072	1600	27	158	0.670	2.217E-41	75	169	233	1250	1600	351	1244	1603
88136013	1	85	9.302E-15	1	556	795	17	85	0.539	5.201E-15	27	105	106	556	795	240	526	1014
89036562	1	72	7.620E-11	1	3250	3642	67	72	0.333	6.288E-10	16	144	243	3250	3642	393	2998	3723
96411637	1	228	8.342E-58	3	1069	1923	22	43	0.564	2.934E-02	30	66	221	1069	1179	111	1069	1266
96411637	1	228	8.342E-58	3	1069	1923	27	147	0.629	2.120E-37	68	162	221	1250	1600	351	1244	1603
96411637	1	228	8.342E-58	3	1069	1923	33	58	0.776	5.213E-08	185	219	221	1819	1923	105	1795	1926
102036600	1	153	3.152E-35	2	1069	1441	22	43	0.564	2.934E-02	2	38	112	1069	1179	111	1069	1266
102036600	1	153	3.152E-35	2	1069	1441	27	109	0.810	3.184E-24	40	103	112	1250	1441	192	1244	1603
102116417	1	179	4.696E-43	2	1247	1923	27	142	0.608	9.407E-36	76	171	249	1247	1600	354	1244	1603
102116417	1	179	4.696E-43	2	1247	1923	33	58	0.776	5.213E-08	194	228	249	1819	1923	105	1795	1926
102210094	1	189	4.586E-46	2	1250	1923	27	149	0.635	5.988E-38	77	171	231	1250	1600	351	1244	1603
102210094	1	189	4.586E-46	2	1250	1923	33	61	0.810	5.592E-09	194	228	231	1819	1923	105	1795	1926
102211118	1	190	2.293E-46	2	1250	1926	27	149	0.635	5.988E-38	76	170	229	1250	1600	351	1244	1603
102211118	1	190	2.293E-46	2	1250	1926	33	62	0.804	2.149E-09	193	228	229	1819	1926	108	1795	1926
102261815	1	136	4.131E-30	1	1250	1594	27	136	0.599	1.077E-33	71	164	223	1250	1594	345	1244	1603
102357855	1	186	3.669E-45	2	1250	1923	27	149	0.638	3.182E-38	71	165	223	1250	1600	351	1244	1603
102357855	1	186	3.669E-45	2	1250	1923	33	58	0.771	7.171E-08	188	222	223	1819	1923	105	1795	1926
102425129	1	240	2.037E-61	3	1069	1926	22	49	0.638	1.770E-04	32	68	314	1069	1179	111	1069	1266
102425129	1	240	2.037E-61	3	1069	1926	27	150	0.648	2.320E-38	70	162	314	1250	1594	345	1244	1603
102425129	1	240	2.037E-61	3	1069	1926	33	61	0.790	5.592E-09	185	220	314	1819	1926	108	1795	1926
102493970	1	254	1.243E-65	3	1072	1926	22	49	0.615	3.351E-04	20	57	210	1072	1185	114	1069	1266
102493970	1	254	1.243E-65	3	1072	1926	27	168	0.698	1.545E-44	56	151	210	1247	1600	354	1244	1603
102493970	1	254	1.243E-65	3	1072	1926	33	59	0.771	2.002E-08	174	209	210	1819	1926	108	1795	1926
102689627	1	299	3.533E-79	2	3262	3944	67	168	0.653	1.918E-42	47	174	318	3262	3630	369	2998	3723
102689627	1	299	3.533E-79	2	3262	3944	71	134	0.745	3.121E-33	171	257	318	3684	3944	261	3639	3944
102738008	1	291	9.044E-77	2	3250	3944	67	168	0.646	1.402E-42	8	137	261	3250	3624	375	2998	3723
102738008	1	291	9.044E-77	2	3250	3944	71	125	0.737	4.518E-30	141	221	261	3699	3944	246	3639	3944
103004081	1	145	8.068E-33	1	1250	1600	27	145	0.623	7.505E-37	49	143	203	1250	1600	351	1244	1603
103004395	1	180	2.348E-43	2	1250	1923	27	145	0.623	7.505E-37	49	143	203	1250	1600	351	1244	1603
103004395	1	180	2.348E-43	2	1250	1923	33	56	0.747	3.536E-07	166	200	203	1819	1923	105	1795	1926
106869883	1	206	3.499E-51	2	3274	3926	67	112	0.503	2.332E-23	8	124	282	3274	3618	345	2998	3723
106869883	1	206	3.499E-51	2	3274	3926	71	98	0.552	7.318E-21	130	220	282	3690	3926	237	3639	3944
110991163	1	214	1.367E-53	3	1069	1923	22	45	0.587	5.936E-03	37	73	238	1069	1179	111	1069	1266
110991163	1	214	1.367E-53	3	1069	1923	27	138	0.626	4.174E-34	75	162	238	1250	1579	330	1244	1603
110991163	1	214	1.367E-53	3	1069	1923	33	58	0.776	5.213E-08	192	226	238	1819	1923	105	1795	1926
116624233	1	177	1.878E-42	2	1069	1579	22	42	0.551	7.657E-02	35	71	234	1069	1179	111	1069	1266
116624233	1	177	1.878E-42	2	1069	1579	27	134	0.613	5.232E-33	73	160	234	1250	1579	330	1244	1603
116677672	1	177	1.878E-42	2	1250	1926	27	142	0.612	9.407E-36	76	170	258	1250	1600	351	1244	1603
116677672	1	177	1.878E-42	2	1250	1926	33	56	0.729	3.536E-07	193	228	258	1819	1926	108	1795	1926
116690867	1	187	1.834E-45	2	1250	1926	27	144	0.619	1.937E-36	78	172	231	1250	1600	351	1244	1603
116690867	1	187	1.834E-45	2	1250	1926	33	64	0.823	6.006E-10	195	230	231	1819	1926	108	1795	1926
116787540	1	181	1.174E-43	2	1250	1926	27	145	0.623	7.505E-37	80	174	254	1250	1600	351	1244	1603
116787540	1	181	1.174E-43	2	1250	1926	33	57	0.738	1.868E-07	197	232	254	1819	1926	108	1795	1926
116850326	1	174	1.503E-41	2	1072	1600	22	43	0.577	2.934E-02	37	72	229	1072	1179	108	1069	1266
116850326	1	174	1.503E-41	2	1072	1600	27	130	0.569	1.234E-31	74	168	229	1250	1600	351	1244	1603
116850763	1	182	5.870E-44	2	1250	1923	27	145	0.620	1.412E-36	86	180	260	1250	1600	351	1244	1603
116850763	1	182	5.870E-44	2	1250	1923	33	58	0.776	5.213E-08	203	237	260	1819	1923	105	1795	1926
117085459	1	165	7.694E-39	2	1250	1926	27	134	0.612	7.177E-33	73	160	233	1250	1579	330	1244	1603
117085459	1	165	7.694E-39	2	1250	1926	33	56	0.733	2.570E-07	187	222	233	1819	1926	108	1795	1926
117110913	1	114	1.733E-23	1	1250	1441	27	114	0.842	7.178E-26	42	105	114	1250	1441	192	1244	1603
117111370	1	95	9.084E-18	1	3034	3273	67	95	0.596	1.341E-17	12	91	93	3034	3273	240	2998	3723
117239531	1	149	5.042E-34	2	553	2970	17	83	0.523	2.484E-14	16	94	255	553	795	243	526	1014
117239531	1	149	5.042E-34	2	553	2970	55	70	0.455	1.107E-10	100	178	255	2728	2970	243	2665	2994
117278586	1	209	4.374E-52	2	3436	3944	67	98	0.749	1.146E-18	2	64	189	3436	3624	189	2998	3723
117278586	1	209	4.374E-52	2	3436	3944	71	113	0.678	4.372E-26	68	149	189	3699	3944	246	3639	3944
117457407	1	79	5.953E-13	1	185	475	8	79	0.441	9.540E-14	92	187	190	185	475	291	158	550
117562091	1	69	6.096E-10	1	556	1008	17	69	0.295	9.986E-10	47	149	177	556	1008	453	526	1014
131082726	1	245	6.364E-63	3	1072	1923	22	44	0.569	2.131E-02	36	72	227	1072	1182	111	1069	1266
131082726	1	245	6.364E-63	3	1072	1923	27	159	0.672	1.616E-41	74	168	227	1250	1600	351	1244	1603
131082726	1	245	6.364E-63	3	1072	1923	33	62	0.825	2.149E-09	191	225	227	1819	1923	105	1795	1926
131163341	1	182	5.870E-44	2	1069	1594	22	46	0.584	3.133E-03	39	76	298	1069	1182	114	1069	1266
131163341	1	182	5.870E-44	2	1069	1594	27	135	0.593	3.814E-33	78	170	298	1250	1594	345	1244	1603
131166715	1	166	3.847E-39	2	1250	1923	27	132	0.606	2.541E-32	74	161	238	1250	1579	330	1244	1603
131166715	1	166	3.847E-39	2	1250	1923	33	59	0.781	3.789E-08	188	222	238	1819	1923	105	1795	1926
131245773	1	184	1.468E-44	2	1250	1923	27	150	0.639	2.320E-38	78	172	250	1250	1600	351	1244	1603
131245773	1	184	1.468E-44	2	1250	1923	33	55	0.742	4.866E-07	195	229	250	1819	1923	105	1795	1926
131409241	1	187	1.834E-45	2	1250	1923	27	148	0.632	1.127E-37	81	175	235	1250	1600	351	1244	1603
131409241	1	187	1.834E-45	2	1250	1923	33	60	0.795	1.455E-08	198	232	235	1819	1923	105	1795	1926
131419263	1	188	9.172E-46	2	1072	1600	22	45	0.583	8.171E-03	37	73	233	1072	1182	111	1069	1266
131419263	1	188	9.172E-46	2	1072	1600	27	142	0.612	9.407E-36	75	169	233	1250	1600	351	1244	1603
131428678	1	233	2.607E-59	3	1072	1926	22	46	0.555	4.313E-03	7	46	199	1072	1191	120	1069	1266
131428678	1	233	2.607E-59	3	1072	1926	27	151	0.637	1.233E-38	45	140	199	1247	1600	354	1244	1603
131428678	1	233	2.607E-59	3	1072	1926	33	58	0.757	5.213E-08	163	198	199	1819	1926	108	1795	1926
131455620	1	138	1.033E-30	1	1250	1594	27	138	0.606	2.219E-34	67	160	219	1250	1594	345	1244	1603
131487769	1	214	1.367E-53	3	1069	1923	22	46	0.479	2.277E-03	32	78	355	1069	1215	147	1069	1266
131487769	1	214	1.367E-53	3	1069	1923	27	141	0.618	1.770E-35	71	163	355	1250	1594	345	1244	1603
131487769	1	214	1.367E-53	3	1069	1923	33	55	0.737	6.696E-07	186	220	355	1819	1923	105	1795	1926
131639499	1	63	3.901E-08	1	556	795	17	63	0.422	1.050E-07	36	116	120	556	795	240	526	1014
131652741	1	88	1.163E-15	1	230	484	8	88	0.532	9.320E-17	6	89	102	230	484	255	158	550
131754414	1	52	7.990E-05	1	3070	3714	67	52	0.196	2.420E-03	36	279	405	3070	3714	645	2998	3723
131933519	1	108	1.109E-21	1	3031	3408	67	108	0.461	7.002E-22	26	138	220	3031	3408	378	2998	3723
145632651	1	144	1.614E-32	1	1250	1600	27	144	0.618	2.657E-36	71	166	225	1250	1600	351	1244	1603
145659351	1	156	3.939E-36	1	1250	1600	27	156	0.663	1.077E-40	78	172	209	1250	1600	351	1244	1603
145660679	1	199	4.479E-49	2	1250	1926	27	155	0.659	2.779E-40	74	168	227	1250	1600	351	1244	1603
145660679	1	199	4.479E-49	2	1250	1926	33	65	0.842	1.679E-10	191	226	227	1819	1926	108	1795	1926
145712688	1	235	6.517E-60	3	1072	1923	22	42	0.563	7.657E-02	36	71	227	1072	1179	108	1069	1266
145712688	1	235	6.517E-60	3	1072	1923	27	149	0.636	4.365E-38	73	168	227	1250	1600	351	1244	1603
145712688	1	235	6.517E-60	3	1072	1923	33	64	0.844	6.006E-10	191	225	227	1819	1923	105	1795	1926
145733653	1	234	1.303E-59	3	1072	1926	22	47	0.530	1.202E-03	147	188	341	1072	1203	132	1069	1266
145733653	1	234	1.303E-59	3	1072	1926	27	150	0.640	1.691E-38	185	282	341	1250	1600	351	1244	1603
145733653	1	234	1.303E-59	3	1072	1926	33	61	0.795	4.065E-09	305	340	341	1819	1926	108	1795	1926
145874576	1	246	3.182E-63	3	1069	1923	22	50	0.633	9.348E-05	34	71	226	1069	1182	114	1069	1266
145874576	1	246	3.182E-63	3	1069	1923	27	158	0.670	2.217E-41	73	167	226	1250	1600	351	1244	1603
145874576	1	246	3.182E-63	3	1069	1923	33	58	0.776	5.213E-08	190	224	226	1819	1923	105	1795	1926
145968738	1	133	3.305E-29	1	1250	1600	27	133	0.578	1.852E-32	74	189	198	1250	1600	351	1244	1603
145972856	1	203	2.799E-50	2	1069	1600	22	44	0.578	1.125E-02	38	74	230	1069	1179	111	1069	1266
145972856	1	203	2.799E-50	2	1069	1600	27	158	0.668	4.172E-41	76	170	230	1250	1600	351	1244	1603
145982837	1	234	1.303E-59	3	1069	1923	22	48	0.624	4.611E-04	127	163	319	1069	1179	111	1069	1266
145982837	1	234	1.303E-59	3	1069	1923	27	151	0.643	8.989E-39	165	259	319	1250	1600	351	1244	1603
145982837	1	234	1.303E-59	3	1069	1923	33	55	0.742	4.866E-07	282	316	319	1819	1923	105	1795	1926
146025315	1	186	3.669E-45	2	1250	1926	27	145	0.623	7.505E-37	73	167	226	1250	1600	351	1244	1603
146025315	1	186	3.669E-45	2	1250	1926	33	62	0.804	2.149E-09	190	225	226	1819	1926	108	1795	1926
146042549	1	190	2.293E-46	2	1250	1926	27	147	0.629	2.120E-37	78	172	231	1250	1600	351	1244	1603
146042549	1	190	2.293E-46	2	1250	1926	33	64	0.823	6.006E-10	195	230	231	1819	1926	108	1795	1926
146069873	1	190	2.293E-46	2	1250	1923	27	153	0.652	1.349E-39	77	171	280	1250	1600	351	1244	1603
146069873	1	190	2.293E-46	2	1250	1923	33	58	0.771	7.171E-08	194	228	280	1819	1923	105	1795	1926
146115889	1	192	5.733E-47	2	1072	1600	22	43	0.564	2.934E-02	36	72	232	1072	1182	111	1069	1266
146115889	1	192	5.733E-47	2	1072	1600	27	148	0.633	8.213E-38	74	168	232	1250	1600	351	1244	1603
146219985	1	95	9.084E-18	1	3001	3420	67	95	0.368	1.822E-17	16	165	193	3001	3420	420	2998	3723
146246395	1	85	9.302E-15	1	553	795	17	85	0.536	3.804E-15	81	161	162	553	795	243	526	1014
146469128	1	198	8.957E-49	2	245	3480	8	99	0.630	1.364E-20	162	239	418	245	478	234	158	550
146469128	1	198	8.957E-49	2	245	3480	67	100	0.364	3.347E-19	238	363	418	2998	3480	483	2998	3723
146469383	1	106	4.435E-21	1	3031	3264	67	106	0.664	4.467E-21	0	77	85	3031	3264	234	2998	3723
146469721	1	197	1.791E-48	2	245	3480	8	98	0.621	4.816E-20	17	94	273	245	478	234	158	550
146469721	1	197	1.791E-48	2	245	3480	67	100	0.365	2.460E-19	93	218	273	2998	3480	483	2998	3723
146472641	1	96	4.542E-18	1	2998	3294	67	96	0.504	9.860E-18	46	144	146	2998	3294	297	2998	3723
146473942	1	61	1.561E-07	1	679	1008	17	61	0.331	6.720E-07	1	58	165	679	1008	330	526	1014
146475064	1	160	2.462E-37	2	245	2955	8	91	0.599	7.484E-18	17	92	185	245	472	228	158	550
146475064	1	160	2.462E-37	2	245	2955	55	82	0.554	4.476E-15	107	181	185	2731	2955	225	2665	2994
155486585	1	235	6.517E-60	3	1069	1923	22	52	0.655	1.896E-05	47	84	238	1069	1182	114	1069	1266
155486585	1	235	6.517E-60	3	1069	1923	27	143	0.616	3.645E-36	86	179	238	1250	1600	351	1244	1603
155486585	1	235	6.517E-60	3	1069	1923	33	60	0.795	1.455E-08	202	236	238	1819	1923	105	1795	1926
160446811	1	249	3.978E-64	3	1069	1923	22	54	0.673	5.295E-06	137	174	334	1069	1182	114	1069	1266
160446811	1	249	3.978E-64	3	1069	1923	27	159	0.668	1.178E-41	175	275	334	1247	1600	354	1244	1603
160446811	1	249	3.978E-64	3	1069	1923	33	56	0.752	2.570E-07	298	332	334	1819	1923	105	1795	1926
160473701	1	243	2.546E-62	3	1069	1923	22	55	0.698	2.798E-06	132	168	324	1069	1179	111	1069	1266
160473701	1	243	2.546E-62	3	1069	1923	27	149	0.638	3.182E-38	170	264	324	1250	1600	351	1244	1603
160473701	1	243	2.546E-62	3	1069	1923	33	59	0.791	2.002E-08	287	321	324	1819	1923	105	1795	1926
160576702	1	187	1.834E-45	2	1250	1923	27	147	0.629	2.120E-37	86	180	240	1250	1600	351	1244	1603
160576702	1	187	1.834E-45	2	1250	1923	33	61	0.810	5.592E-09	203	237	240	1819	1923	105	1795	1926
160604432	1	242	5.092E-62	3	1072	1923	22	43	0.564	2.934E-02	83	119	274	1072	1182	111	1069	1266
160604432	1	242	5.092E-62	3	1072	1923	27	155	0.659	2.779E-40	121	215	274	1250	1600	351	1244	1603
160604432	1	242	5.092E-62	3	1072	1923	33	64	0.854	3.176E-10	238	272	274	1819	1923	105	1795	1926
160693978	1	189	4.586E-46	2	1250	1923	27	147	0.629	2.120E-37	73	167	225	1250	1600	351	1244	1603
160693978	1	189	4.586E-46	2	1250	1923	33	63	0.830	1.562E-09	190	224	225	1819	1923	105	1795	1926
160857451	1	353	1.961E-95	4	1069	1923	22	67	0.670	1.441E-10	42	89	235	1069	1197	129	1069	1266
160857451	1	353	1.961E-95	4	1069	1923	27	181	0.752	3.331E-49	82	176	235	1250	1600	351	1244	1603
160857451	1	353	1.961E-95	4	1069	1923	31	38	0.733	3.487E+00	175	198	235	1687	1758	72	1522	1788
160857451	1	353	1.961E-95	4	1069	1923	33	73	0.956	3.963E-13	199	233	235	1819	1923	105	1795	1926
161014675	1	100	2.839E-19	1	2998	3456	67	100	0.377	3.347E-19	23	140	203	2998	3456	459	2998	3723
161170233	1	143	3.227E-32	1	1250	1600	27	143	0.616	3.645E-36	49	143	203	1250	1600	351	1244	1603
161170339	1	145	8.068E-33	1	1250	1600	27	145	0.623	7.505E-37	49	143	203	1250	1600	351	1244	1603
170678794	1	247	1.591E-63	3	1072	1923	22	48	0.606	6.346E-04	141	178	331	1072	1185	114	1069	1266
170678794	1	247	1.591E-63	3	1072	1923	27	162	0.677	1.769E-42	177	272	331	1247	1600	354	1244	1603
170678794	1	247	1.591E-63	3	1072	1923	33	59	0.786	2.754E-08	295	329	331	1819	1923	105	1795	1926
171449091	1	240	2.037E-61	3	1072	1923	22	44	0.542	1.125E-02	36	75	228	1072	1191	120	1069	1266
171449091	1	240	2.037E-61	3	1072	1923	27	154	0.649	9.838E-40	74	169	228	1247	1600	354	1244	1603
171449091	1	240	2.037E-61	3	1072	1923	33	64	0.849	4.367E-10	192	226	228	1819	1923	105	1795	1926
174711102	1	109	5.544E-22	1	1250	1441	27	109	0.810	3.184E-24	45	108	117	1250	1441	192	1244	1603
174724159	1	188	9.172E-46	2	1247	1923	27	151	0.639	8.989E-39	71	166	224	1247	1600	354	1244	1603
174724159	1	188	9.172E-46	2	1247	1923	33	58	0.771	7.171E-08	189	223	224	1819	1923	105	1795	1926
174764366	1	194	1.433E-47	2	1250	1923	27	154	0.653	9.838E-40	152	246	304	1250	1600	351	1244	1603
174764366	1	194	1.433E-47	2	1250	1923	33	61	0.805	7.692E-09	269	303	304	1819	1923	105	1795	1926
174811837	1	113	3.465E-23	1	1250	1531	27	113	0.605	9.846E-26	40	111	112	1250	1531	282	1244	1603
174839058	1	175	7.514E-42	2	1069	1531	22	55	0.682	2.798E-06	2	39	113	1069	1182	114	1069	1266
174839058	1	175	7.514E-42	2	1069	1531	27	119	0.628	1.618E-27	41	112	113	1250	1531	282	1244	1603
174926611	1	182	5.870E-44	2	1250	1923	27	148	0.632	1.127E-37	91	186	245	1250	1600	351	1244	1603
174926611	1	182	5.870E-44	2	1250	1923	33	55	0.742	4.866E-07	209	243	245	1819	1923	105	1795	1926
174931654	1	188	9.172E-46	2	1072	1600	22	42	0.551	7.657E-02	34	70	204	1072	1182	111	1069	1266
174931654	1	188	9.172E-46	2	1072	1600	27	145	0.620	1.412E-36	71	166	204	1250	1600	351	1244	1603
175056165	1	58	1.248E-06	1	2707	2979	55	58	0.334	1.050E-06	0	102	168	2707	2979	273	2665	2994
175106305	1	194	1.433E-47	2	1250	1923	27	154	0.656	5.229E-40	73	167	225	1250	1600	351	1244	1603
175106305	1	194	1.433E-47	2	1250	1923	33	61	0.805	7.692E-09	190	224	225	1819	1923	105	1795	1926
175270666	1	152	6.303E-35	1	1250	1600	27	152	0.648	3.483E-39	69	163	230	1250	1600	351	1244	1603
175278865	1	101	1.419E-19	1	3001	3261	67	101	0.585	1.329E-19	16	102	111	3001	3261	261	2998	3723
183124229	1	316	2.695E-84	3	1069	1770	22	73	0.892	8.879E-13	74	111	239	1069	1182	114	1069	1266
183124229	1	316	2.695E-84	3	1069	1770	27	196	0.799	2.785E-54	112	207	239	1247	1600	354	1244	1603
183124229	1	316	2.695E-84	3	1069	1770	31	47	0.776	3.257E-03	206	233	239	1687	1770	84	1522	1788
184787864	1	741	3.111E-212	3	2671	3944	55	164	0.809	2.275E-43	0	96	424	2671	2955	285	2665	2994
184787864	1	741	3.111E-212	3	2671	3944	67	400	0.936	6.346E-123	99	301	424	3019	3627	609	2998	3723
184787864	1	741	3.111E-212	3	2671	3944	71	178	0.979	1.766E-48	301	385	424	3690	3944	255	3639	3944
184926251	1	328	6.581E-88	4	565	1923	17	84	0.341	7.110E-15	34	130	323	565	1008	444	526	1014
184926251	1	328	6.581E-88	4	565	1923	22	53	0.619	1.378E-05	131	170	323	1069	1191	123	1069	1266
184926251	1	328	6.581E-88	4	565	1923	27	153	0.644	2.539E-39	169	264	323	1247	1600	354	1244	1603
184926251	1	328	6.581E-88	4	565	1923	33	58	0.771	7.171E-08	287	321	323	1819	1923	105	1795	1926
187589194	1	154	1.576E-35	1	3247	3711	67	154	0.507	7.981E-38	7	167	268	3247	3711	465	2998	3723
189270224	1	233	2.607E-59	3	1072	1923	22	45	0.587	5.936E-03	36	72	227	1072	1182	111	1069	1266
189270224	1	233	2.607E-59	3	1072	1923	27	147	0.629	2.120E-37	74	168	227	1250	1600	351	1244	1603
189270224	1	233	2.607E-59	3	1072	1923	33	61	0.815	4.065E-09	191	225	227	1819	1923	105	1795	1926
189307308	1	195	7.166E-48	2	1247	1923	27	156	0.651	2.026E-40	86	182	239	1247	1603	357	1244	1603
189307308	1	195	7.166E-48	2	1247	1923	33	59	0.786	2.754E-08	204	238	239	1819	1923	105	1795	1926
189378954	1	128	1.057E-27	1	1247	1597	27	128	0.559	1.128E-30	72	164	227	1247	1597	351	1244	1603
189471204	1	236	3.259E-60	3	1072	1923	22	45	0.587	5.936E-03	36	72	227	1072	1182	111	1069	1266
189471204	1	236	3.259E-60	3	1072	1923	27	148	0.632	1.127E-37	73	168	227	1250	1600	351	1244	1603
189471204	1	236	3.259E-60	3	1072	1923	33	63	0.834	1.136E-09	191	225	227	1819	1923	105	1795	1926
189471315	1	226	3.337E-57	3	1072	1923	22	44	0.574	1.548E-02	36	72	227	1072	1182	111	1069	1266
189471315	1	226	3.337E-57	3	1072	1923	27	143	0.613	6.858E-36	73	168	227	1250	1600	351	1244	1603
189471315	1	226	3.337E-57	3	1072	1923	33	59	0.786	2.754E-08	191	225	227	1819	1923	105	1795	1926
189477065	1	190	2.293E-46	2	1250	1926	27	149	0.636	4.365E-38	76	170	229	1250	1600	351	1244	1603
189477065	1	190	2.293E-46	2	1250	1926	33	62	0.804	2.149E-09	193	228	229	1819	1926	108	1795	1926
189590610	1	180	2.348E-43	2	1250	1923	27	145	0.620	1.412E-36	77	171	304	1250	1600	351	1244	1603
189590610	1	180	2.348E-43	2	1250	1923	33	56	0.752	2.570E-07	194	228	304	1819	1923	105	1795	1926
189667272	1	184	1.468E-44	2	1250	1923	27	149	0.635	5.988E-38	77	171	249	1250	1600	351	1244	1603
189667272	1	184	1.468E-44	2	1250	1923	33	56	0.752	2.570E-07	194	228	249	1819	1923	105	1795	1926
189689966	1	153	3.152E-35	1	1259	1600	27	153	0.665	1.851E-39	1	95	119	1259	1600	342	1244	1603
189846311	1	248	7.956E-64	3	245	2952	8	91	0.595	1.406E-17	123	198	379	245	472	228	158	550
189846311	1	248	7.956E-64	3	245	2952	17	88	0.468	3.111E-16	211	309	379	565	864	300	526	1014
189846311	1	248	7.956E-64	3	245	2952	55	88	0.592	5.347E-17	301	374	379	2731	2952	222	2665	2994
189895687	1	91	1.453E-16	1	3034	3375	67	91	0.424	3.913E-16	19	136	162	3034	3375	342	2998	3723
189939284	1	345	5.021E-93	2	3280	3944	67	196	0.783	4.137E-52	21	141	264	3280	3627	348	2998	3723
189939284	1	345	5.021E-93	2	3280	3944	71	151	0.830	2.813E-39	139	225	264	3684	3944	261	3639	3944
189972821	1	94	1.817E-17	1	3001	3342	67	94	0.436	4.577E-17	16	132	161	3001	3342	342	2998	3723
190019102	1	112	6.930E-23	1	1250	1441	27	112	0.829	3.485E-25	42	105	114	1250	1441	192	1244	1603
190096110	1	100	2.839E-19	1	3034	3303	67	100	0.566	2.460E-19	27	116	141	3034	3303	270	2998	3723
196048959	1	187	1.834E-45	2	1250	1923	27	151	0.643	8.989E-39	84	178	237	1250	1600	351	1244	1603
196048959	1	187	1.834E-45	2	1250	1923	33	57	0.766	9.867E-08	201	235	237	1819	1923	105	1795	1926
202802534	1	242	5.092E-62	3	1072	1923	22	46	0.555	4.313E-03	36	75	228	1072	1191	120	1069	1266
202802534	1	242	5.092E-62	3	1072	1923	27	154	0.651	5.229E-40	74	169	228	1247	1600	354	1244	1603
202802534	1	242	5.092E-62	3	1072	1923	33	64	0.849	4.367E-10	192	226	228	1819	1923	105	1795	1926
203811453	1	206	3.499E-51	3	1069	1923	22	44	0.455	2.131E-02	32	78	365	1069	1215	147	1069	1266
203811453	1	206	3.499E-51	3	1069	1923	27	140	0.636	4.568E-35	71	158	365	1250	1579	330	1244	1603
203811453	1	206	3.499E-51	3	1069	1923	33	55	0.737	6.696E-07	186	220	365	1819	1923	105	1795	1926
203835384	1	213	2.733E-53	3	1069	1926	22	43	0.519	2.934E-02	34	74	307	1069	1191	123	1069	1266
203835384	1	213	2.733E-53	3	1069	1926	27	138	0.626	4.174E-34	72	159	307	1250	1579	330	1244	1603
203835384	1	213	2.733E-53	3	1069	1926	33	59	0.771	2.002E-08	186	221	307	1819	1926	108	1795	1926
203841262	1	187	1.834E-45	2	1250	1923	27	146	0.625	5.471E-37	81	175	235	1250	1600	351	1244	1603
203841262	1	187	1.834E-45	2	1250	1923	33	62	0.825	2.149E-09	198	232	235	1819	1923	105	1795	1926
203866226	1	236	3.259E-60	3	1072	1923	22	42	0.546	1.054E-01	36	72	227	1072	1182	111	1069	1266
203866226	1	236	3.259E-60	3	1072	1923	27	154	0.653	9.838E-40	74	168	227	1250	1600	351	1244	1603
203866226	1	236	3.259E-60	3	1072	1923	33	60	0.800	1.058E-08	191	225	227	1819	1923	105	1795	1926
203966184	1	235	6.517E-60	3	1072	1926	22	47	0.572	1.202E-03	35	74	232	1072	1191	120	1069	1266
203966184	1	235	6.517E-60	3	1072	1926	27	152	0.648	3.483E-39	74	168	232	1250	1600	351	1244	1603
203966184	1	235	6.517E-60	3	1072	1926	33	57	0.748	9.867E-08	191	226	232	1819	1926	108	1795	1926
204014166	1	167	1.924E-39	2	1072	1441	22	49	0.644	3.351E-04	35	70	138	1072	1179	108	1069	1266
204014166	1	167	1.924E-39	2	1072	1441	27	117	0.863	5.729E-27	72	135	138	1250	1441	192	1244	1603
204068373	1	220	2.136E-55	3	1069	1923	22	44	0.534	2.131E-02	79	118	275	1069	1188	120	1069	1266
204068373	1	220	2.136E-55	3	1069	1923	27	144	0.619	1.937E-36	122	216	275	1250	1600	351	1244	1603
204068373	1	220	2.136E-55	3	1069	1923	33	55	0.742	4.866E-07	239	273	275	1819	1923	105	1795	1926
204154750	1	239	4.073E-61	3	1072	1923	22	46	0.597	3.133E-03	36	72	227	1072	1182	111	1069	1266
204154750	1	239	4.073E-61	3	1072	1923	27	155	0.658	3.812E-40	74	168	227	1250	1600	351	1244	1603
204154750	1	239	4.073E-61	3	1072	1923	33	58	0.776	5.213E-08	191	225	227	1819	1923	105	1795	1926
204321651	1	238	8.146E-61	3	1072	1923	22	50	0.628	1.286E-04	132	169	324	1072	1185	114	1069	1266
204321651	1	238	8.146E-61	3	1072	1923	27	153	0.655	1.851E-39	170	265	324	1253	1600	348	1244	1603
204321651	1	238	8.146E-61	3	1072	1923	33	55	0.732	9.214E-07	288	322	324	1819	1923	105	1795	1926
204336144	1	160	2.462E-37	1	1250	1600	27	160	0.675	8.591E-42	76	170	229	1250	1600	351	1244	1603
204660705	1	108	1.109E-21	1	1250	1447	27	108	0.781	8.216E-24	42	107	114	1250	1447	198	1244	1603
204761062	1	90	2.907E-16	1	3034	3264	67	90	0.586	7.219E-16	10	85	98	3034	3264	231	2998	3723
213580894	1	212	5.467E-53	3	1069	1926	22	44	0.532	1.125E-02	34	74	343	1069	1191	123	1069	1266
213580894	1	212	5.467E-53	3	1069	1926	27	136	0.620	1.478E-33	72	159	343	1250	1579	330	1244	1603
213580894	1	212	5.467E-53	3	1069	1926	33	59	0.771	2.002E-08	186	221	343	1819	1926	108	1795	1926
214534035	1	190	2.293E-46	2	1250	1926	27	149	0.635	5.988E-38	76	170	229	1250	1600	351	1244	1603
214534035	1	190	2.293E-46	2	1250	1926	33	62	0.804	2.149E-09	193	228	229	1819	1926	108	1795	1926
218331057	1	230	2.085E-58	3	1072	1923	22	40	0.544	2.752E-01	36	71	226	1072	1179	108	1069	1266
218331057	1	230	2.085E-58	3	1072	1923	27	149	0.635	5.988E-38	73	167	226	1250	1600	351	1244	1603
218331057	1	230	2.085E-58	3	1072	1923	33	61	0.810	5.592E-09	190	224	226	1819	1923	105	1795	1926
218383584	1	193	2.866E-47	2	1250	1923	27	149	0.636	4.365E-38	75	169	228	1250	1600	351	1244	1603
218383584	1	193	2.866E-47	2	1250	1923	33	65	0.859	2.309E-10	192	226	228	1819	1923	105	1795	1926
218463739	1	189	4.586E-46	2	1069	1603	22	46	0.592	4.313E-03	32	68	231	1069	1179	111	1069	1266
218463739	1	189	4.586E-46	2	1069	1603	27	142	0.606	1.290E-35	70	165	231	1250	1603	354	1244	1603
218742370	1	177	1.878E-42	2	1250	1923	27	137	0.592	7.854E-34	77	191	251	1250	1600	351	1244	1603
218742370	1	177	1.878E-42	2	1250	1923	33	61	0.810	5.592E-09	214	248	251	1819	1923	105	1795	1926
218818332	1	242	5.092E-62	3	1072	1923	22	46	0.564	2.277E-03	144	182	338	1072	1191	120	1069	1266
218818332	1	242	5.092E-62	3	1072	1923	27	156	0.659	1.077E-40	181	279	338	1247	1600	354	1244	1603
218818332	1	242	5.092E-62	3	1072	1923	33	62	0.820	2.956E-09	302	336	338	1819	1923	105	1795	1926
218852919	1	156	3.939E-36	2	1072	1531	22	45	0.583	8.171E-03	3	39	113	1072	1182	111	1069	1266
218852919	1	156	3.939E-36	2	1072	1531	27	110	0.584	1.692E-24	40	112	113	1247	1531	285	1244	1603
218891089	1	94	1.817E-17	2	230	3264	8	88	0.537	9.320E-17	14	97	276	230	481	252	158	550
218891089	1	94	1.817E-17	2	230	3264	67	91	0.529	5.315E-16	184	271	276	3001	3264	264	2998	3723
218894779	1	148	1.008E-33	1	1250	1600	27	148	0.633	8.213E-38	69	163	228	1250	1600	351	1244	1603
218915218	1	96	4.542E-18	2	230	3264	8	87	0.531	2.399E-16	14	97	272	230	481	252	158	550
218915218	1	96	4.542E-18	2	230	3264	67	90	0.525	9.804E-16	180	267	272	3001	3264	264	2998	3723
218915505	1	92	7.267E-17	1	200	475	8	92	0.518	3.984E-18	87	175	176	200	475	276	158	550
219200564	1	307	1.380E-81	2	3280	3944	67	170	0.657	2.930E-43	20	148	274	3280	3654	375	2998	3723
219200564	1	307	1.380E-81	2	3280	3944	71	140	0.815	2.712E-35	153	234	274	3699	3944	246	3639	3944
227894257	1	147	2.017E-33	2	589	2949	17	80	0.572	2.213E-13	36	105	193	589	798	210	526	1014
227894257	1	147	2.017E-33	2	589	2949	55	72	0.486	1.662E-11	112	188	193	2731	2949	219	2665	2994
230312778	1	239	4.073E-61	3	1072	1923	22	51	0.646	3.589E-05	139	176	330	1072	1185	114	1069	1266
230312778	1	239	4.073E-61	3	1072	1923	27	151	0.639	8.989E-39	175	270	330	1247	1600	354	1244	1603
230312778	1	239	4.073E-61	3	1072	1923	33	59	0.786	2.754E-08	293	327	330	1819	1923	105	1795	1926
232881884	1	178	9.392E-43	2	1247	1923	27	145	0.637	7.505E-37	70	161	222	1247	1588	342	1244	1603
232881884	1	178	9.392E-43	2	1247	1923	33	56	0.747	3.536E-07	186	220	222	1819	1923	105	1795	1926
232940968	1	127	2.115E-27	1	1247	1597	27	127	0.558	1.547E-30	49	141	224	1247	1597	351	1244	1603
233012194	1	166	3.847E-39	2	1069	1579	22	43	0.448	4.039E-02	35	80	236	1069	1215	147	1069	1266
233012194	1	166	3.847E-39	2	1069	1579	27	131	0.597	6.558E-32	72	160	236	1247	1579	333	1244	1603
233056801	1	181	1.174E-43	2	1250	1923	27	140	0.603	6.266E-35	82	176	235	1250	1600	351	1244	1603
233056801	1	181	1.174E-43	2	1250	1923	33	62	0.825	2.149E-09	199	233	235	1819	1923	105	1795	1926
233120043	1	183	2.935E-44	2	1250	1923	27	142	0.610	1.290E-35	82	176	235	1250	1600	351	1244	1603
233120043	1	183	2.935E-44	2	1250	1923	33	62	0.825	2.149E-09	199	233	235	1819	1923	105	1795	1926
233131961	1	187	1.834E-45	2	1069	1600	22	42	0.546	1.054E-01	38	74	235	1069	1179	111	1069	1266
233131961	1	187	1.834E-45	2	1069	1600	27	144	0.615	1.937E-36	75	170	235	1247	1600	354	1244	1603
233193979	1	152	6.303E-35	2	1069	1441	22	42	0.546	1.054E-01	2	38	112	1069	1179	111	1069	1266
233193979	1	152	6.303E-35	2	1069	1441	27	109	0.810	3.184E-24	40	103	112	1250	1441	192	1244	1603
233203254	1	212	5.467E-53	3	1069	1923	22	48	0.569	6.346E-04	36	76	348	1069	1191	123	1069	1266
233203254	1	212	5.467E-53	3	1069	1923	27	134	0.612	7.177E-33	74	161	348	1250	1579	330	1244	1603
233203254	1	212	5.467E-53	3	1069	1923	33	57	0.757	1.868E-07	188	222	348	1819	1923	105	1795	1926
233352424	1	241	1.018E-61	3	1072	1923	22	47	0.568	1.654E-03	125	163	319	1072	1191	120	1069	1266
233352424	1	241	1.018E-61	3	1072	1923	27	154	0.651	5.229E-40	162	260	319	1247	1600	354	1244	1603
233352424	1	241	1.018E-61	3	1072	1923	33	62	0.820	2.956E-09	283	317	319	1819	1923	105	1795	1926
233408329	1	198	8.957E-49	2	1250	1926	27	162	0.685	9.403E-43	77	171	232	1250	1600	351	1244	1603
233408329	1	198	8.957E-49	2	1250	1926	33	57	0.738	1.868E-07	194	229	232	1819	1926	108	1795	1926
233571354	1	68	1.219E-09	1	194	475	8	68	0.399	1.195E-09	0	93	184	194	475	282	158	550
233638127	1	160	2.462E-37	2	565	2955	17	89	0.574	1.663E-16	145	222	304	565	798	234	526	1014
233638127	1	160	2.462E-37	2	565	2955	55	76	0.516	9.664E-13	229	303	304	2731	2955	225	2665	2994
233720697	1	160	2.462E-37	2	245	2955	8	91	0.599	7.484E-18	54	129	222	245	472	228	158	550
233720697	1	160	2.462E-37	2	245	2955	55	82	0.554	4.476E-15	144	218	222	2731	2955	225	2665	2994
233847187	1	88	1.163E-15	1	3034	3264	67	88	0.573	4.524E-15	10	85	136	3034	3264	231	2998	3723
233878324	1	177	1.878E-42	2	1250	1923	27	142	0.612	9.407E-36	49	143	203	1250	1600	351	1244	1603
233878324	1	177	1.878E-42	2	1250	1923	33	56	0.747	3.536E-07	166	200	203	1819	1923	105	1795	1926
234642497	1	51	1.598E-04	1	3067	3372	67	51	0.309	4.345E-03	39	137	169	3067	3372	306	2998	3723
238596064	1	232	5.214E-59	2	3286	3944	67	136	0.592	2.559E-31	47	162	292	3286	3618	333	2998	3723
238596064	1	232	5.214E-59	2	3286	3944	71	101	0.612	1.095E-21	169	249	292	3699	3944	246	3639	3944
244149897	1	189	4.586E-46	2	3280	3944	67	117	0.526	7.724E-25	19	133	273	3280	3624	345	2998	3723
244149897	1	189	4.586E-46	2	3280	3944	71	75	0.426	9.469E-13	138	233	273	3687	3944	258	3639	3944
247435957	1	181	1.174E-43	2	1247	1923	27	142	0.606	1.290E-35	78	173	251	1247	1600	354	1244	1603
247435957	1	181	1.174E-43	2	1247	1923	33	60	0.800	1.058E-08	196	230	251	1819	1923	105	1795	1926
247450516	1	176	3.757E-42	2	1250	1923	27	139	0.599	1.617E-34	77	171	263	1250	1600	351	1244	1603
247450516	1	176	3.757E-42	2	1250	1923	33	58	0.771	7.171E-08	194	228	263	1819	1923	105	1795	1926
247634880	1	216	3.417E-54	3	1072	1923	22	44	0.574	1.548E-02	36	72	223	1072	1182	111	1069	1266
247634880	1	216	3.417E-54	3	1072	1923	27	136	0.621	1.077E-33	73	161	223	1250	1579	330	1244	1603
247634880	1	216	3.417E-54	3	1072	1923	33	59	0.786	2.754E-08	187	221	223	1819	1923	105	1795	1926
247660140	1	183	2.935E-44	2	1250	1926	27	147	0.630	1.545E-37	67	161	221	1250	1600	351	1244	1603
247660140	1	183	2.935E-44	2	1250	1926	33	57	0.743	1.357E-07	184	219	221	1819	1926	108	1795	1926
247684532	1	234	1.303E-59	3	1072	1923	22	46	0.592	4.313E-03	36	72	227	1072	1182	111	1069	1266
247684532	1	234	1.303E-59	3	1072	1923	27	145	0.622	1.029E-36	74	168	227	1250	1600	351	1244	1603
247684532	1	234	1.303E-59	3	1072	1923	33	63	0.834	1.136E-09	191	225	227	1819	1923	105	1795	1926
247830756	1	109	5.544E-22	1	1250	1531	27	109	0.585	3.184E-24	45	116	117	1250	1531	282	1244	1603
247978394	1	139	5.163E-31	1	1250	1600	27	139	0.600	1.179E-34	71	165	231	1250	1600	351	1244	1603
248170537	1	177	1.878E-42	2	218	795	8	94	0.543	6.006E-19	0	88	175	218	481	264	158	550
248170537	1	177	1.878E-42	2	218	795	17	88	0.573	4.255E-16	95	171	175	565	795	231	526	1014
248706934	1	65	9.753E-09	1	3259	3639	67	65	0.316	1.394E-07	15	138	226	3259	3639	381	2998	3723
248992162	1	65	9.753E-09	1	3298	3639	67	65	0.338	1.879E-07	27	138	226	3298	3639	342	2998	3723
254900121	1	241	1.018E-61	3	1250	1923	27	143	0.616	3.645E-36	73	167	225	1250	1600	351	1244	1603
254900121	1	241	1.018E-61	3	1250	1923	31	35	0.668	6.021E+01	166	189	225	1687	1758	72	1522	1788
254900121	1	241	1.018E-61	3	1250	1923	33	63	0.834	1.136E-09	190	224	225	1819	1923	105	1795	1926
255600034	1	163	3.078E-38	1	3280	3723	67	163	0.557	8.203E-41	19	169	265	3280	3723	444	2998	3723
255753510	1	745	1.944E-213	3	2671	3944	55	164	0.809	2.275E-43	0	96	424	2671	2955	285	2665	2994
255753510	1	745	1.944E-213	3	2671	3944	67	403	0.941	9.575E-124	99	301	424	3019	3627	609	2998	3723
255753510	1	745	1.944E-213	3	2671	3944	71	179	0.987	4.984E-49	301	385	424	3690	3944	255	3639	3944
256598776	1	241	1.018E-61	3	1072	1923	22	44	0.542	1.125E-02	36	75	228	1072	1191	120	1069	1266
256598776	1	241	1.018E-61	3	1072	1923	27	155	0.653	3.812E-40	74	169	228	1247	1600	354	1244	1603
256598776	1	241	1.018E-61	3	1072	1923	33	64	0.849	4.367E-10	192	226	228	1819	1923	105	1795	1926
257781383	1	186	3.669E-45	2	1250	1926	27	148	0.632	1.127E-37	76	170	230	1250	1600	351	1244	1603
257781383	1	186	3.669E-45	2	1250	1926	33	59	0.762	3.789E-08	193	228	230	1819	1926	108	1795	1926
262040512	1	183	2.935E-44	2	1250	1923	27	148	0.632	1.127E-37	77	171	249	1250	1600	351	1244	1603
262040512	1	183	2.935E-44	2	1250	1923	33	56	0.752	2.570E-07	194	228	249	1819	1923	105	1795	1926
262162537	1	183	2.935E-44	2	1250	1923	27	142	0.610	1.290E-35	82	176	235	1250	1600	351	1244	1603
262162537	1	183	2.935E-44	2	1250	1923	33	62	0.825	2.149E-09	199	233	235	1819	1923	105	1795	1926
262175589	1	188	9.172E-46	2	1250	1926	27	147	0.628	2.908E-37	76	171	230	1250	1600	351	1244	1603
262175589	1	188	9.172E-46	2	1250	1926	33	62	0.804	2.149E-09	194	229	230	1819	1926	108	1795	1926
262194244	1	185	7.338E-45	2	1069	1594	22	49	0.633	2.435E-04	10	46	218	1069	1179	111	1069	1266
262194244	1	185	7.338E-45	2	1069	1594	27	135	0.589	3.814E-33	47	141	218	1247	1594	348	1244	1603
262281244	1	204	1.400E-50	2	1072	1600	22	45	0.587	5.936E-03	37	73	233	1072	1182	111	1069	1266
262281244	1	204	1.400E-50	2	1072	1600	27	158	0.668	4.172E-41	75	169	233	1250	1600	351	1244	1603
262316656	1	210	2.187E-52	3	1069	1923	22	44	0.532	1.125E-02	34	74	340	1069	1191	123	1069	1266
262316656	1	210	2.187E-52	3	1069	1923	27	134	0.610	9.845E-33	72	159	340	1250	1579	330	1244	1603
262316656	1	210	2.187E-52	3	1069	1923	33	59	0.786	2.754E-08	186	220	340	1819	1923	105	1795	1926
262469357	1	249	3.978E-64	3	1072	1926	22	53	0.660	1.378E-05	179	216	369	1072	1185	114	1069	1266
262469357	1	249	3.978E-64	3	1072	1926	27	158	0.672	4.172E-41	217	310	369	1253	1600	348	1244	1603
262469357	1	249	3.978E-64	3	1072	1926	33	58	0.757	5.213E-08	333	368	369	1819	1926	108	1795	1926
262972250	1	148	1.008E-33	2	194	801	8	82	0.448	1.442E-14	7	104	195	194	475	282	158	550
262972250	1	148	1.008E-33	2	194	801	17	84	0.589	9.721E-15	124	194	195	589	801	213	526	1014
264512593	1	234	1.303E-59	2	3286	3944	67	139	0.603	2.115E-32	47	162	292	3286	3618	333	2998	3723
264512593	1	234	1.303E-59	2	3286	3944	71	100	0.606	2.831E-21	169	249	292	3699	3944	246	3639	3944
270371824	1	240	2.037E-61	3	1069	1926	22	49	0.615	3.351E-04	36	73	228	1069	1182	114	1069	1266
270371824	1	240	2.037E-61	3	1069	1926	27	152	0.648	3.483E-39	75	169	228	1250	1600	351	1244	1603
270371824	1	240	2.037E-61	3	1069	1926	33	59	0.762	3.789E-08	192	227	228	1819	1926	108	1795	1926
272315848	1	149	5.042E-34	1	1250	1600	27	149	0.638	3.182E-38	71	166	223	1250	1600	351	1244	1603
275892364	1	190	2.293E-46	2	1250	1926	27	149	0.635	5.988E-38	76	170	229	1250	1600	351	1244	1603
275892364	1	190	2.293E-46	2	1250	1926	33	62	0.804	2.149E-09	193	228	229	1819	1926	108	1795	1926
276551495	1	196	3.583E-48	2	1250	1923	27	156	0.660	2.026E-40	78	172	229	1250	1600	351	1244	1603
276551495	1	196	3.583E-48	2	1250	1923	33	60	0.800	1.058E-08	194	228	229	1819	1923	105	1795	1926
276628456	1	181	1.174E-43	2	1069	1594	22	44	0.494	1.125E-02	32	73	291	1069	1203	135	1069	1266
276628456	1	181	1.174E-43	2	1069	1594	27	140	0.613	4.568E-35	70	162	291	1250	1594	345	1244	1603
276706215	1	177	1.878E-42	2	1069	1579	22	46	0.472	4.313E-03	62	108	299	1069	1215	147	1069	1266
276706215	1	177	1.878E-42	2	1069	1579	27	138	0.627	3.043E-34	101	188	299	1250	1579	330	1244	1603
276733588	1	177	1.878E-42	2	1250	1923	27	139	0.602	8.596E-35	75	169	238	1250	1600	351	1244	1603
276733588	1	177	1.878E-42	2	1250	1923	33	59	0.781	3.789E-08	192	226	238	1819	1923	105	1795	1926
276775801	1	101	1.419E-19	1	3040	3612	67	101	0.294	1.329E-19	16	241	380	3040	3612	573	2998	3723
276801771	1	186	3.669E-45	2	1247	1923	27	147	0.623	2.908E-37	77	172	250	1247	1600	354	1244	1603
276801771	1	186	3.669E-45	2	1247	1923	33	60	0.795	1.455E-08	195	229	250	1819	1923	105	1795	1926
276824222	1	186	3.669E-45	2	1250	1923	27	148	0.632	1.127E-37	60	154	216	1250	1600	351	1244	1603
276824222	1	186	3.669E-45	2	1250	1923	33	59	0.791	2.002E-08	177	211	216	1819	1923	105	1795	1926
277117313	1	93	3.633E-17	2	230	3264	8	88	0.535	1.277E-16	14	97	276	230	481	252	158	550
277117313	1	93	3.633E-17	2	230	3264	67	90	0.527	7.219E-16	184	271	276	3001	3264	264	2998	3723
277224137	1	96	4.542E-18	1	260	493	8	96	0.610	2.332E-19	0	77	140	260	493	234	158	550
277412077	1	81	1.488E-13	1	194	475	8	81	0.459	2.707E-14	19	111	115	194	475	282	158	550
277519781	1	178	9.392E-43	2	2716	3423	55	82	0.530	6.140E-15	18	95	300	2716	2952	237	2665	2994
277519781	1	178	9.392E-43	2	2716	3423	67	95	0.386	1.341E-17	96	236	300	3025	3423	399	2998	3723
283356773	1	185	7.338E-45	2	1250	1926	27	147	0.629	2.120E-37	76	170	230	1250	1600	351	1244	1603
283356773	1	185	7.338E-45	2	1250	1926	33	59	0.762	3.789E-08	193	228	230	1819	1926	108	1795	1926
284043565	1	145	8.068E-33	1	1250	1600	27	145	0.622	1.029E-36	77	171	231	1250	1600	351	1244	1603
291121672	1	188	9.172E-46	2	1250	1926	27	147	0.628	2.908E-37	76	171	230	1250	1600	351	1244	1603
291121672	1	188	9.172E-46	2	1250	1926	33	62	0.804	2.149E-09	194	229	230	1819	1926	108	1795	1926
291180144	1	235	6.517E-60	3	1069	1923	22	56	0.712	1.075E-06	54	90	245	1069	1179	111	1069	1266
291180144	1	235	6.517E-60	3	1069	1923	27	138	0.593	2.219E-34	91	186	245	1247	1600	354	1244	1603
291180144	1	235	6.517E-60	3	1069	1923	33	61	0.805	7.692E-09	209	243	245	1819	1923	105	1795	1926
291298428	1	191	1.147E-46	2	1250	1923	27	153	0.650	1.851E-39	73	167	225	1250	1600	351	1244	1603
291298428	1	191	1.147E-46	2	1250	1923	33	59	0.791	2.002E-08	190	224	225	1819	1923	105	1795	1926
291321523	1	248	7.956E-64	3	1069	1923	22	53	0.669	7.284E-06	44	81	240	1069	1182	114	1069	1266
291321523	1	248	7.956E-64	3	1069	1923	27	159	0.672	1.616E-41	82	181	240	1250	1600	351	1244	1603
291321523	1	248	7.956E-64	3	1069	1923	33	56	0.747	3.536E-07	204	238	240	1819	1923	105	1795	1926
291332362	1	237	1.629E-60	3	1072	1926	22	45	0.587	5.936E-03	35	71	226	1072	1182	111	1069	1266
291332362	1	237	1.629E-60	3	1072	1926	27	153	0.650	1.851E-39	73	167	226	1250	1600	351	1244	1603
291332362	1	237	1.629E-60	3	1072	1926	33	59	0.762	3.789E-08	190	225	226	1819	1926	108	1795	1926
291371403	1	212	5.467E-53	3	1069	1923	22	48	0.573	4.611E-04	36	76	323	1069	1191	123	1069	1266
291371403	1	212	5.467E-53	3	1069	1923	27	134	0.612	7.177E-33	74	161	323	1250	1579	330	1244	1603
291371403	1	212	5.467E-53	3	1069	1923	33	57	0.757	1.868E-07	188	222	323	1819	1923	105	1795	1926
291412016	1	178	9.392E-43	2	1250	1923	27	144	0.618	2.657E-36	79	173	260	1250	1600	351	1244	1603
291412016	1	178	9.392E-43	2	1250	1923	33	55	0.732	9.214E-07	196	230	260	1819	1923	105	1795	1926
291601699	1	142	6.454E-32	1	1250	1600	27	142	0.610	1.290E-35	69	163	225	1250	1600	351	1244	1603
291610786	1	100	2.839E-19	1	3034	3261	67	100	0.650	2.460E-19	27	102	111	3034	3261	228	2998	3723
292094855	1	138	1.033E-30	2	2668	3258	55	72	0.377	2.280E-11	2	109	200	2668	2955	288	2665	2994
292094855	1	138	1.033E-30	2	2668	3258	67	75	0.507	1.029E-10	120	195	200	3040	3258	219	2998	3723
297784725	1	243	2.546E-62	3	1072	1923	22	46	0.564	2.277E-03	36	75	228	1072	1191	120	1069	1266
297784725	1	243	2.546E-62	3	1072	1923	27	155	0.653	3.812E-40	74	169	228	1247	1600	354	1244	1603
297784725	1	243	2.546E-62	3	1072	1923	33	64	0.849	4.367E-10	192	226	228	1819	1923	105	1795	1926
301576561	1	306	2.760E-81	4	1069	1926	22	45	0.587	5.936E-03	44	80	241	1069	1179	111	1069	1266
301576561	1	306	2.760E-81	4	1069	1926	27	161	0.680	2.427E-42	82	176	241	1250	1600	351	1244	1603
301576561	1	306	2.760E-81	4	1069	1926	31	43	0.812	1.067E-01	175	198	241	1687	1758	72	1522	1788
301576561	1	306	2.760E-81	4	1069	1926	33	55	0.719	6.696E-07	199	234	241	1819	1926	108	1795	1926
305377762	1	168	9.618E-40	2	1250	1926	27	131	0.601	6.558E-32	52	139	213	1250	1579	330	1244	1603
305377762	1	168	9.618E-40	2	1250	1926	33	62	0.800	2.956E-09	166	201	213	1819	1926	108	1795	1926
305626437	1	190	2.293E-46	2	1250	1923	27	150	0.639	2.320E-38	73	167	226	1250	1600	351	1244	1603
305626437	1	190	2.293E-46	2	1250	1923	33	61	0.810	5.592E-09	190	224	226	1819	1923	105	1795	1926
305658652	1	243	2.546E-62	3	1072	1923	22	45	0.587	5.936E-03	36	72	227	1072	1182	111	1069	1266
305658652	1	243	2.546E-62	3	1072	1923	27	157	0.666	5.722E-41	74	168	227	1250	1600	351	1244	1603
305658652	1	243	2.546E-62	3	1072	1923	33	61	0.815	4.065E-09	191	225	227	1819	1923	105	1795	1926
305824669	1	215	6.834E-54	3	1069	1923	22	43	0.564	2.934E-02	36	72	304	1069	1179	111	1069	1266
305824669	1	215	6.834E-54	3	1069	1923	27	135	0.616	2.781E-33	74	161	304	1250	1579	330	1244	1603
305824669	1	215	6.834E-54	3	1069	1923	33	61	0.810	5.592E-09	188	222	304	1819	1923	105	1795	1926
305871205	1	248	7.956E-64	3	1072	1923	22	44	0.574	1.548E-02	36	72	227	1072	1182	111	1069	1266
305871205	1	248	7.956E-64	3	1072	1923	27	159	0.672	1.616E-41	74	168	227	1250	1600	351	1244	1603
305871205	1	248	7.956E-64	3	1072	1923	33	65	0.859	2.309E-10	191	225	227	1819	1923	105	1795	1926
305951121	1	196	3.583E-48	2	1072	1600	22	43	0.564	2.934E-02	37	73	233	1072	1182	111	1069	1266
305951121	1	196	3.583E-48	2	1072	1600	27	152	0.648	3.483E-39	75	169	233	1250	1600	351	1244	1603
305998288	1	109	5.544E-22	1	1250	1438	27	109	0.821	3.184E-24	43	105	115	1250	1438	189	1244	1603
306048265	1	254	1.243E-65	3	1072	1923	22	48	0.615	8.733E-04	36	72	227	1072	1182	111	1069	1266
306048265	1	254	1.243E-65	3	1072	1923	27	161	0.680	2.427E-42	74	168	227	1250	1600	351	1244	1603
306048265	1	254	1.243E-65	3	1072	1923	33	65	0.864	1.679E-10	191	225	227	1819	1923	105	1795	1926
306085979	1	205	6.998E-51	3	1069	1923	22	42	0.441	7.657E-02	32	77	367	1069	1215	147	1069	1266
306085979	1	205	6.998E-51	3	1069	1923	27	143	0.648	3.645E-36	70	157	367	1250	1579	330	1244	1603
306085979	1	205	6.998E-51	3	1069	1923	33	54	0.722	1.745E-06	186	220	367	1819	1923	105	1795	1926
306144789	1	148	1.008E-33	1	1250	1600	27	148	0.633	8.213E-38	69	163	228	1250	1600	351	1244	1603
306194957	1	84	1.860E-14	1	3013	3261	67	84	0.520	9.569E-14	20	101	120	3013	3261	249	2998	3723
306279768	1	155	7.879E-36	2	565	3264	17	81	0.534	1.185E-13	61	135	221	565	795	231	526	1014
306279768	1	155	7.879E-36	2	565	3264	67	77	0.512	2.267E-11	140	214	221	3034	3264	231	2998	3723
306552061	1	210	2.187E-52	3	1072	1923	22	42	0.513	1.054E-01	75	112	264	1072	1191	120	1069	1266
306552061	1	210	2.187E-52	3	1072	1923	27	126	0.559	2.910E-30	111	210	264	1247	1594	348	1244	1603
306552061	1	210	2.187E-52	3	1072	1923	33	59	0.781	3.789E-08	228	262	264	1819	1923	105	1795	1926
307998994	1	238	8.146E-61	2	3286	3944	67	143	0.620	5.009E-34	60	175	305	3286	3618	333	2998	3723
307998994	1	238	8.146E-61	2	3286	3944	71	100	0.610	1.503E-21	182	262	305	3699	3944	246	3639	3944
308664285	1	140	2.582E-31	2	3265	3944	67	83	0.325	1.298E-13	98	255	389	3265	3660	396	2998	3723
308664285	1	140	2.582E-31	2	3265	3944	71	62	0.366	4.465E-08	250	345	389	3702	3944	243	3639	3944
314888522	1	183	2.935E-44	2	1250	1923	27	142	0.610	1.290E-35	82	176	235	1250	1600	351	1244	1603
314888522	1	183	2.935E-44	2	1250	1923	33	62	0.825	2.149E-09	199	233	235	1819	1923	105	1795	1926
314988269	1	308	6.900E-82	1	3034	3723	67	308	0.646	9.138E-91	18	257	350	3034	3723	690	2998	3723
316674074	1	204	1.400E-50	3	1069	1923	22	44	0.462	1.125E-02	32	78	365	1069	1215	147	1069	1266
316674074	1	204	1.400E-50	3	1069	1923	27	138	0.629	2.219E-34	71	158	365	1250	1579	330	1244	1603
316674074	1	204	1.400E-50	3	1069	1923	33	55	0.737	6.696E-07	186	220	365	1819	1923	105	1795	1926
320118937	1	189	4.586E-46	2	1250	1923	27	149	0.635	5.988E-38	73	167	226	1250	1600	351	1244	1603
320118937	1	189	4.586E-46	2	1250	1923	33	61	0.810	5.592E-09	190	224	226	1819	1923	105	1795	1926
320212041	1	188	9.172E-46	2	1250	1926	27	148	0.632	1.127E-37	77	171	251	1250	1600	351	1244	1603
320212041	1	188	9.172E-46	2	1250	1926	33	61	0.790	5.592E-09	194	229	251	1819	1926	108	1795	1926
320347647	1	144	1.614E-32	1	1250	1600	27	144	0.618	2.657E-36	71	166	214	1250	1600	351	1244	1603
320467839	1	149	5.042E-34	1	1250	1600	27	149	0.636	4.365E-38	73	168	207	1250	1600	351	1244	1603
320489279	1	191	1.147E-46	2	1250	1923	27	152	0.648	3.483E-39	73	167	226	1250	1600	351	1244	1603
320489279	1	191	1.147E-46	2	1250	1923	33	60	0.800	1.058E-08	190	224	226	1819	1923	105	1795	1926
320495325	1	174	1.503E-41	2	1069	1594	22	43	0.564	2.934E-02	30	66	219	1069	1179	111	1069	1266
320495325	1	174	1.503E-41	2	1069	1594	27	130	0.577	1.234E-31	68	161	219	1250	1594	345	1244	1603
320864925	1	102	7.097E-20	1	3112	3519	67	102	0.387	5.271E-20	9	159	174	3112	3519	408	2998	3723
320969035	1	84	1.860E-14	1	553	843	17	84	0.451	7.110E-15	8	107	182	553	843	291	526	1014
321128310	1	108	1.109E-21	1	1250	1447	27	108	0.781	8.216E-24	42	107	114	1250	1447	198	1244	1603
322017889	1	237	1.629E-60	2	3286	3944	67	139	0.603	2.115E-32	25	140	270	3286	3618	333	2998	3723
322017889	1	237	1.629E-60	2	3286	3944	71	103	0.623	2.250E-22	147	227	270	3699	3944	246	3639	3944
324968026	1	189	4.586E-46	2	3298	3944	67	100	0.458	2.460E-19	84	201	345	3298	3624	327	2998	3723
324968026	1	189	4.586E-46	2	3298	3944	71	92	0.493	1.159E-18	206	303	345	3693	3944	252	3639	3944
329722987	1	129	5.287E-28	2	2731	3258	55	70	0.468	5.883E-11	26	104	191	2731	2955	225	2665	2994
329722987	1	129	5.287E-28	2	2731	3258	67	73	0.550	3.441E-10	120	186	191	3058	3258	201	2998	3723
329782281	1	80	2.977E-13	1	589	831	17	80	0.510	1.619E-13	36	116	140	589	831	243	526	1014
332394898	1	201	1.120E-49	2	3295	3926	67	107	0.509	1.299E-21	1	110	268	3295	3618	324	2998	3723
332394898	1	201	1.120E-49	2	3295	3926	71	98	0.552	7.318E-21	116	206	268	3690	3926	237	3639	3944
334694323	1	248	7.956E-64	3	1069	1923	22	50	0.633	9.348E-05	34	71	226	1069	1182	114	1069	1266
334694323	1	248	7.956E-64	3	1069	1923	27	158	0.668	4.172E-41	73	167	226	1250	1600	351	1244	1603
334694323	1	248	7.956E-64	3	1069	1923	33	60	0.795	1.455E-08	190	224	226	1819	1923	105	1795	1926
334812940	1	170	2.404E-40	2	1072	1531	22	49	0.629	3.351E-04	3	39	113	1072	1182	111	1069	1266
334812940	1	170	2.404E-40	2	1072	1531	27	120	0.635	4.571E-28	41	112	113	1250	1531	282	1244	1603
334839321	1	196	3.583E-48	2	1250	1923	27	158	0.670	2.217E-41	74	168	227	1250	1600	351	1244	1603
334839321	1	196	3.583E-48	2	1250	1923	33	59	0.786	2.754E-08	191	225	227	1819	1923	105	1795	1926
334879219	1	174	1.503E-41	2	1069	1531	22	48	0.606	6.346E-04	2	39	113	1069	1182	114	1069	1266
334879219	1	174	1.503E-41	2	1069	1531	27	125	0.657	1.030E-29	41	112	113	1250	1531	282	1244	1603
334889214	1	144	1.614E-32	1	1250	1600	27	144	0.618	2.657E-36	71	166	225	1250	1600	351	1244	1603
335031299	1	214	1.367E-53	3	1069	1923	22	46	0.479	2.277E-03	32	78	370	1069	1215	147	1069	1266
335031299	1	214	1.367E-53	3	1069	1923	27	141	0.618	1.770E-35	71	163	370	1250	1594	345	1244	1603
335031299	1	214	1.367E-53	3	1069	1923	33	55	0.737	6.696E-07	186	220	370	1819	1923	105	1795	1926
335044516	1	149	5.042E-34	1	1250	1600	27	149	0.636	4.365E-38	73	167	231	1250	1600	351	1244	1603
335246064	1	92	7.267E-17	2	230	3264	8	87	0.531	2.399E-16	14	97	276	230	481	252	158	550
335246064	1	92	7.267E-17	2	230	3264	67	90	0.525	9.804E-16	184	271	276	3001	3264	264	2998	3723
335280752	1	205	6.998E-51	2	245	3411	8	99	0.608	1.870E-20	20	100	389	245	487	243	158	550
335280752	1	205	6.998E-51	2	245	3411	67	108	0.461	7.002E-22	104	229	389	3034	3411	378	2998	3723
335312788	1	81	1.488E-13	1	3004	3321	67	81	0.421	5.943E-13	53	150	204	3004	3321	318	2998	3723
335389778	1	88	1.163E-15	1	3040	3240	67	88	0.643	4.524E-15	1	67	71	3040	3240	201	2998	3723
335402870	1	249	3.978E-64	3	1069	1926	22	46	0.597	3.133E-03	32	68	224	1069	1179	111	1069	1266
335402870	1	249	3.978E-64	3	1069	1926	27	164	0.690	2.656E-43	70	164	224	1250	1600	351	1244	1603
335402870	1	249	3.978E-64	3	1069	1926	33	59	0.767	2.754E-08	187	222	224	1819	1926	108	1795	1926
335429343	1	93	3.633E-17	1	245	475	8	93	0.602	2.120E-18	17	93	139	245	475	231	158	550
335435755	1	109	5.544E-22	1	1250	1441	27	109	0.810	3.184E-24	42	105	114	1250	1441	192	1244	1603
335511359	1	112	6.930E-23	1	3031	3420	67	112	0.438	3.178E-23	26	165	174	3031	3420	390	2998	3723
335532761	1	288	7.235E-76	2	3262	3944	67	158	0.630	3.501E-39	9	134	259	3262	3624	363	2998	3723
335532761	1	288	7.235E-76	2	3262	3944	71	132	0.776	1.107E-32	138	219	259	3699	3944	246	3639	3944
335669239	1	145	8.068E-33	1	1250	1600	27	145	0.620	1.412E-36	69	163	225	1250	1600	351	1244	1603
345985433	1	241	1.018E-61	3	1072	1923	22	44	0.542	1.125E-02	36	75	228	1072	1191	120	1069	1266
345985433	1	241	1.018E-61	3	1072	1923	27	155	0.653	3.812E-40	74	169	228	1247	1600	354	1244	1603
345985433	1	241	1.018E-61	3	1072	1923	33	64	0.849	4.367E-10	192	226	228	1819	1923	105	1795	1926
347201996	1	185	7.338E-45	2	1250	1923	27	150	0.639	2.320E-38	77	171	232	1250	1600	351	1244	1603
347201996	1	185	7.338E-45	2	1250	1923	33	56	0.747	3.536E-07	194	228	232	1819	1923	105	1795	1926
348401258	1	756	9.494E-217	6	194	1923	8	173	0.850	3.090E-46	2	98	428	194	484	291	158	550
348401258	1	756	9.494E-217	6	194	1923	17	197	0.659	7.876E-54	101	235	428	562	1008	447	526	1014
348401258	1	756	9.494E-217	6	194	1923	22	74	0.744	6.461E-13	236	282	428	1069	1197	129	1069	1266
348401258	1	756	9.494E-217	6	194	1923	27	198	0.807	4.183E-55	274	369	428	1247	1600	354	1244	1603
348401258	1	756	9.494E-217	6	194	1923	31	45	0.855	1.591E-02	368	391	428	1687	1758	72	1522	1788
348401258	1	756	9.494E-217	6	194	1923	33	74	0.971	1.526E-13	392	426	428	1819	1923	105	1795	1926
349251199	1	164	1.539E-38	2	1069	1564	22	44	0.566	1.125E-02	38	75	217	1069	1182	114	1069	1266
349251199	1	164	1.539E-38	2	1069	1564	27	119	0.574	1.618E-27	76	158	217	1250	1564	315	1244	1603
349274811	1	187	1.834E-45	2	1250	1926	27	146	0.626	3.989E-37	79	173	232	1250	1600	351	1244	1603
349274811	1	187	1.834E-45	2	1250	1926	33	62	0.804	2.149E-09	196	231	232	1819	1926	108	1795	1926
349357505	1	185	7.338E-45	2	1247	1926	27	148	0.629	8.213E-38	77	172	250	1247	1600	354	1244	1603
349357505	1	185	7.338E-45	2	1247	1926	33	58	0.752	7.171E-08	195	230	250	1819	1926	108	1795	1926
349498031	1	185	7.338E-45	2	1247	1926	27	148	0.629	8.213E-38	77	172	250	1247	1600	354	1244	1603
349498031	1	185	7.338E-45	2	1247	1926	33	58	0.752	7.171E-08	195	230	250	1819	1926	108	1795	1926
349557821	1	128	1.057E-27	1	1250	1594	27	128	0.570	5.992E-31	49	142	201	1250	1594	345	1244	1603
349708029	1	204	1.400E-50	2	1072	1600	22	48	0.615	8.733E-04	36	72	232	1072	1182	111	1069	1266
349708029	1	204	1.400E-50	2	1072	1600	27	155	0.658	3.812E-40	74	168	232	1250	1600	351	1244	1603
349722817	1	210	2.187E-52	3	1069	1926	22	44	0.557	2.131E-02	36	73	238	1069	1182	114	1069	1266
349722817	1	210	2.187E-52	3	1069	1926	27	136	0.620	1.478E-33	74	161	238	1250	1579	330	1244	1603
349722817	1	210	2.187E-52	3	1069	1926	33	57	0.743	1.357E-07	191	226	238	1819	1926	108	1795	1926
349783853	1	145	8.068E-33	1	1250	1600	27	145	0.623	7.505E-37	68	162	224	1250	1600	351	1244	1603
349804506	1	141	1.291E-31	1	1247	1600	27	141	0.603	2.428E-35	77	172	230	1247	1600	354	1244	1603
349818720	1	98	1.135E-18	1	3025	3264	67	98	0.608	2.121E-18	15	94	100	3025	3264	240	2998	3723
349823474	1	205	6.998E-51	2	203	3411	8	98	0.533	2.563E-20	6	100	389	203	487	285	158	550
349823474	1	205	6.998E-51	2	203	3411	67	109	0.463	3.774E-22	104	229	389	3034	3411	378	2998	3723
349929808	1	102	7.097E-20	1	3034	3264	67	102	0.650	9.763E-20	27	103	127	3034	3264	231	2998	3723
350055443	1	108	1.109E-21	1	3031	3408	67	108	0.461	7.002E-22	26	138	220	3031	3408	378	2998	3723
356144192	1	123	3.384E-26	1	3247	3711	67	123	0.436	5.389E-27	7	159	215	3247	3711	465	2998	3723
362382482	1	247	1.591E-63	3	1072	1926	22	45	0.587	5.936E-03	37	73	227	1072	1182	111	1069	1266
362382482	1	247	1.591E-63	3	1072	1926	27	164	0.689	3.643E-43	74	168	227	1250	1600	351	1244	1603
362382482	1	247	1.591E-63	3	1072	1926	33	58	0.757	5.213E-08	191	226	227	1819	1926	108	1795	1926
363447646	1	221	1.068E-55	2	3280	3944	67	128	0.558	6.944E-29	19	136	267	3280	3618	339	2998	3723
363447646	1	221	1.068E-55	2	3280	3944	71	99	0.587	3.885E-21	144	228	267	3690	3944	255	3639	3944
363810379	1	188	9.172E-46	2	1250	1923	27	149	0.635	5.988E-38	76	170	248	1250	1600	351	1244	1603
363810379	1	188	9.172E-46	2	1250	1923	33	60	0.795	1.455E-08	193	227	248	1819	1923	105	1795	1926
363851692	1	190	2.293E-46	2	1250	1926	27	149	0.635	5.988E-38	76	170	229	1250	1600	351	1244	1603
363851692	1	190	2.293E-46	2	1250	1926	33	62	0.804	2.149E-09	193	228	229	1819	1926	108	1795	1926
363906908	1	183	2.935E-44	2	1250	1926	27	145	0.620	1.412E-36	77	171	231	1250	1600	351	1244	1603
363906908	1	183	2.935E-44	2	1250	1926	33	59	0.767	2.754E-08	194	229	231	1819	1926	108	1795	1926
363969132	1	185	7.338E-45	2	1250	1923	27	147	0.630	1.545E-37	73	168	227	1250	1600	351	1244	1603
363969132	1	185	7.338E-45	2	1250	1923	33	59	0.786	2.754E-08	191	225	227	1819	1923	105	1795	1926
363988550	1	173	3.006E-41	2	1069	1531	22	49	0.619	2.435E-04	2	39	113	1069	1182	114	1069	1266
363988550	1	173	3.006E-41	2	1069	1531	27	123	0.648	5.003E-29	41	112	113	1250	1531	282	1244	1603
364033396	1	166	3.847E-39	2	1072	1549	22	44	0.574	1.548E-02	7	43	123	1072	1182	111	1069	1266
364033396	1	166	3.847E-39	2	1072	1549	27	121	0.609	1.771E-28	45	122	123	1250	1549	300	1244	1603
364049670	1	192	5.733E-47	2	1250	1923	27	147	0.628	2.908E-37	75	169	228	1250	1600	351	1244	1603
364049670	1	192	5.733E-47	2	1250	1923	33	66	0.869	1.221E-10	192	226	228	1819	1923	105	1795	1926
364114483	1	237	1.629E-60	3	1072	1923	22	42	0.546	1.054E-01	37	73	233	1072	1182	111	1069	1266
364114483	1	237	1.629E-60	3	1072	1923	27	156	0.663	1.077E-40	75	169	233	1250	1600	351	1244	1603
364114483	1	237	1.629E-60	3	1072	1923	33	59	0.791	2.002E-08	192	226	233	1819	1923	105	1795	1926
364174112	1	232	5.214E-59	3	1069	1926	22	42	0.546	1.054E-01	32	68	294	1069	1179	111	1069	1266
364174112	1	232	5.214E-59	3	1069	1926	27	146	0.635	3.989E-37	70	162	294	1250	1594	345	1244	1603
364174112	1	232	5.214E-59	3	1069	1926	33	64	0.828	4.367E-10	185	220	294	1819	1926	108	1795	1926
364361421	1	172	6.011E-41	2	565	2955	17	90	0.584	8.891E-17	27	103	196	565	795	231	526	1014
364361421	1	172	6.011E-41	2	565	2955	55	88	0.582	3.897E-17	111	186	196	2728	2955	228	2665	2994
364368017	1	84	1.860E-14	1	553	795	17	84	0.532	7.110E-15	81	161	162	553	795	243	526	1014
364439326	1	117	2.166E-24	1	1250	1441	27	117	0.860	7.858E-27	61	124	125	1250	1441	192	1244	1603
372666863	1	316	2.695E-84	4	565	1923	17	78	0.322	1.440E-12	88	200	393	565	1008	444	526	1014
372666863	1	316	2.695E-84	4	565	1923	22	49	0.543	1.770E-04	201	243	393	1069	1203	135	1069	1266
372666863	1	316	2.695E-84	4	565	1923	27	154	0.647	5.229E-40	238	334	393	1244	1600	357	1244	1603
372666863	1	316	2.695E-84	4	565	1923	33	59	0.786	2.754E-08	357	391	393	1819	1923	105	1795	1926
375075577	1	183	2.935E-44	2	1250	1923	27	142	0.610	1.290E-35	81	175	234	1250	1600	351	1244	1603
375075577	1	183	2.935E-44	2	1250	1923	33	62	0.825	2.149E-09	198	232	234	1819	1923	105	1795	1926
378354847	1	240	2.037E-61	3	1072	1923	22	52	0.655	1.896E-05	149	186	340	1072	1185	114	1069	1266
378354847	1	240	2.037E-61	3	1072	1923	27	151	0.640	6.553E-39	185	280	340	1247	1600	354	1244	1603
378354847	1	240	2.037E-61	3	1072	1923	33	59	0.786	2.754E-08	303	337	340	1819	1923	105	1795	1926
378538530	1	156	3.939E-36	1	1250	1600	27	156	0.662	1.477E-40	78	172	209	1250	1600	351	1244	1603
378578772	1	207	1.749E-51	3	1069	1923	22	43	0.560	4.039E-02	30	66	220	1069	1179	111	1069	1266
378578772	1	207	1.749E-51	3	1069	1923	27	129	0.573	3.185E-31	68	161	220	1250	1594	345	1244	1603
378578772	1	207	1.749E-51	3	1069	1923	33	55	0.732	9.214E-07	184	218	220	1819	1923	105	1795	1926
378711609	1	186	3.669E-45	2	1250	1917	27	147	0.630	1.545E-37	69	163	219	1250	1600	351	1244	1603
378711609	1	186	3.669E-45	2	1250	1917	33	60	0.843	1.058E-08	186	218	219	1819	1917	99	1795	1926
378771762	1	249	3.978E-64	3	1072	1923	22	52	0.655	1.896E-05	148	185	338	1072	1185	114	1069	1266
378771762	1	249	3.978E-64	3	1072	1923	27	162	0.677	1.769E-42	184	279	338	1247	1600	354	1244	1603
378771762	1	249	3.978E-64	3	1072	1923	33	57	0.761	1.357E-07	302	336	338	1819	1923	105	1795	1926
378801699	1	163	3.078E-38	2	1069	1531	22	50	0.628	1.286E-04	2	39	113	1069	1182	114	1069	1266
378801699	1	163	3.078E-38	2	1069	1531	27	112	0.598	3.485E-25	41	112	113	1250	1531	282	1244	1603
378848779	1	82	7.441E-14	1	3034	3264	67	82	0.543	3.235E-13	9	79	90	3034	3264	231	2998	3723
378867349	1	180	2.348E-43	2	1250	1923	27	145	0.623	7.505E-37	68	162	224	1250	1600	351	1244	1603
378867349	1	180	2.348E-43	2	1250	1923	33	56	0.747	3.536E-07	185	219	224	1819	1923	105	1795	1926
378893520	1	146	4.034E-33	2	556	3258	17	84	0.522	7.110E-15	27	109	222	556	804	249	526	1014
378893520	1	146	4.034E-33	2	556	3258	67	80	0.543	1.479E-12	129	203	222	3034	3258	225	2998	3723
378900377	1	104	1.774E-20	1	3034	3276	67	104	0.633	2.090E-20	12	92	93	3034	3276	243	2998	3723
378981378	1	443	1.584E-122	2	3034	3944	67	309	0.734	2.593E-91	54	260	383	3034	3627	594	2998	3723
378981378	1	443	1.584E-122	2	3034	3944	71	136	0.757	4.676E-34	258	344	383	3684	3944	261	3639	3944
379014987	1	80	2.977E-13	1	3067	3240	67	80	0.671	1.479E-12	2	59	63	3067	3240	174	2998	3723
379019166	1	195	7.166E-48	2	203	1008	8	98	0.536	3.513E-20	13	106	403	203	484	282	158	550
379019166	1	195	7.166E-48	2	203	1008	17	98	0.381	1.230E-19	109	207	403	565	1008	444	526	1014
379045948	1	99	5.677E-19	1	3034	3276	67	99	0.608	8.428E-19	24	104	114	3034	3276	243	2998	3723
379052886	1	92	7.267E-17	2	230	3264	8	87	0.531	2.399E-16	14	97	276	230	481	252	158	550
379052886	1	92	7.267E-17	2	230	3264	67	90	0.525	9.804E-16	184	271	276	3001	3264	264	2998	3723
379311058	1	287	1.447E-75	3	556	1585	17	86	0.342	1.488E-15	26	129	324	556	1008	453	526	1014
379311058	1	287	1.447E-75	3	556	1585	22	45	0.562	5.936E-03	130	168	324	1069	1182	114	1069	1266
379311058	1	287	1.447E-75	3	556	1585	27	156	0.685	2.026E-40	171	260	324	1250	1585	336	1244	1603
379376633	1	202	5.598E-50	2	1250	1923	27	162	0.683	1.290E-42	74	168	229	1250	1600	351	1244	1603
379376633	1	202	5.598E-50	2	1250	1923	33	61	0.810	5.592E-09	191	225	229	1819	1923	105	1795	1926
391067788	1	236	3.259E-60	3	1072	1923	22	47	0.620	1.654E-03	36	71	226	1072	1179	108	1069	1266
391067788	1	236	3.259E-60	3	1072	1923	27	153	0.649	2.539E-39	73	167	226	1250	1600	351	1244	1603
391067788	1	236	3.259E-60	3	1072	1923	33	56	0.752	2.570E-07	190	224	226	1819	1923	105	1795	1926
391650812	1	203	2.799E-50	2	1247	1923	27	163	0.681	6.855E-43	68	163	223	1247	1600	354	1244	1603
391650812	1	203	2.799E-50	2	1247	1923	33	61	0.810	5.592E-09	186	220	223	1819	1923	105	1795	1926
392849055	1	186	3.669E-45	2	1250	1923	27	144	0.618	2.657E-36	74	168	226	1250	1600	351	1244	1603
392849055	1	186	3.669E-45	2	1250	1923	33	63	0.830	1.562E-09	191	225	226	1819	1923	105	1795	1926
392962627	1	186	3.669E-45	2	1069	1594	22	48	0.581	6.346E-04	32	71	301	1069	1188	120	1069	1266
392962627	1	186	3.669E-45	2	1069	1594	27	139	0.605	1.179E-34	70	163	301	1247	1594	348	1244	1603
393042034	1	184	1.468E-44	2	1247	1923	27	149	0.633	3.182E-38	75	170	248	1247	1600	354	1244	1603
393042034	1	184	1.468E-44	2	1247	1923	33	56	0.747	3.536E-07	193	227	248	1819	1923	105	1795	1926
393055783	1	176	3.757E-42	2	1250	1923	27	142	0.610	1.290E-35	71	166	225	1250	1600	351	1244	1603
393055783	1	176	3.757E-42	2	1250	1923	33	55	0.737	6.696E-07	189	223	225	1819	1923	105	1795	1926
393095876	1	238	8.146E-61	3	1072	1923	22	50	0.628	1.286E-04	165	202	357	1072	1185	114	1069	1266
393095876	1	238	8.146E-61	3	1072	1923	27	153	0.655	1.851E-39	203	298	357	1253	1600	348	1244	1603
393095876	1	238	8.146E-61	3	1072	1923	33	55	0.732	9.214E-07	321	355	357	1819	1923	105	1795	1926
393116632	1	167	1.924E-39	2	1072	1549	22	45	0.583	8.171E-03	7	43	123	1072	1182	111	1069	1266
393116632	1	167	1.924E-39	2	1072	1549	27	121	0.609	1.771E-28	45	122	123	1250	1549	300	1244	1603
393380609	1	214	1.367E-53	3	1069	1926	22	43	0.560	4.039E-02	35	71	234	1069	1179	111	1069	1266
393380609	1	214	1.367E-53	3	1069	1926	27	140	0.635	6.266E-35	73	160	234	1250	1579	330	1244	1603
393380609	1	214	1.367E-53	3	1069	1926	33	56	0.733	2.570E-07	188	223	234	1819	1926	108	1795	1926
393589421	1	93	3.633E-17	1	245	493	8	93	0.568	1.547E-18	63	145	147	245	493	249	158	550
393835447	1	180	2.348E-43	2	1250	1923	27	145	0.623	7.505E-37	49	143	203	1250	1600	351	1244	1603
393835447	1	180	2.348E-43	2	1250	1923	33	56	0.747	3.536E-07	166	200	203	1819	1923	105	1795	1926
393835740	1	180	2.348E-43	2	1250	1923	27	145	0.623	7.505E-37	49	143	203	1250	1600	351	1244	1603
393835740	1	180	2.348E-43	2	1250	1923	33	56	0.747	3.536E-07	166	200	203	1819	1923	105	1795	1926
393835834	1	179	4.696E-43	2	1250	1923	27	145	0.623	7.505E-37	49	143	203	1250	1600	351	1244	1603
393835834	1	179	4.696E-43	2	1250	1923	33	55	0.737	6.696E-07	166	200	203	1819	1923	105	1795	1926
403616787	1	236	3.259E-60	3	1069	1923	22	45	0.583	8.171E-03	38	74	230	1069	1179	111	1069	1266
403616787	1	236	3.259E-60	3	1069	1923	27	156	0.663	1.077E-40	76	170	230	1250	1600	351	1244	1603
403616787	1	236	3.259E-60	3	1069	1923	33	55	0.742	4.866E-07	193	227	230	1819	1923	105	1795	1926
407412540	1	190	2.293E-46	2	1250	1923	27	149	0.636	4.365E-38	70	164	222	1250	1600	351	1244	1603
407412540	1	190	2.293E-46	2	1250	1923	33	62	0.820	2.956E-09	187	221	222	1819	1923	105	1795	1926
407480346	1	182	5.870E-44	2	1069	1579	22	45	0.583	8.171E-03	35	71	234	1069	1179	111	1069	1266
407480346	1	182	5.870E-44	2	1069	1579	27	136	0.620	1.478E-33	73	160	234	1250	1579	330	1244	1603
407510295	1	231	1.043E-58	3	1072	1926	22	46	0.592	4.313E-03	37	73	233	1072	1182	111	1069	1266
407510295	1	231	1.043E-58	3	1072	1926	27	146	0.626	3.989E-37	75	169	233	1250	1600	351	1244	1603
407510295	1	231	1.043E-58	3	1072	1926	33	59	0.771	2.002E-08	192	227	233	1819	1926	108	1795	1926
407551167	1	243	2.546E-62	3	1072	1926	22	48	0.624	4.611E-04	36	72	232	1072	1182	111	1069	1266
407551167	1	243	2.546E-62	3	1072	1926	27	155	0.659	2.779E-40	74	168	232	1250	1600	351	1244	1603
407551167	1	243	2.546E-62	3	1072	1926	33	60	0.781	1.058E-08	191	226	232	1819	1926	108	1795	1926
407557775	1	132	6.609E-29	1	1247	1597	27	132	0.576	2.541E-32	73	168	231	1247	1597	351	1244	1603
407585147	1	187	1.834E-45	2	1250	1923	27	146	0.626	3.989E-37	79	177	239	1250	1600	351	1244	1603
407585147	1	187	1.834E-45	2	1250	1923	33	62	0.820	2.956E-09	200	234	239	1819	1923	105	1795	1926
407597886	1	236	3.259E-60	3	1072	1923	22	45	0.587	5.936E-03	36	72	227	1072	1182	111	1069	1266
407597886	1	236	3.259E-60	3	1072	1923	27	148	0.632	1.127E-37	73	168	227	1250	1600	351	1244	1603
407597886	1	236	3.259E-60	3	1072	1923	33	63	0.834	1.136E-09	191	225	227	1819	1923	105	1795	1926
407602232	1	213	2.733E-53	3	1069	1923	22	41	0.537	1.999E-01	36	72	225	1069	1179	111	1069	1266
407602232	1	213	2.733E-53	3	1069	1923	27	138	0.607	4.174E-34	73	164	225	1247	1588	342	1244	1603
407602232	1	213	2.733E-53	3	1069	1923	33	56	0.747	3.536E-07	189	223	225	1819	1923	105	1795	1926
407649090	1	146	4.034E-33	2	233	3612	8	74	0.467	5.708E-12	5	88	519	233	469	237	158	550
407649090	1	146	4.034E-33	2	233	3612	67	95	0.288	1.341E-17	113	332	519	3058	3612	555	2998	3723
407664876	1	216	3.417E-54	3	1069	1923	22	46	0.548	3.133E-03	34	74	307	1069	1191	123	1069	1266
407664876	1	216	3.417E-54	3	1069	1923	27	138	0.629	2.219E-34	72	159	307	1250	1579	330	1244	1603
407664876	1	216	3.417E-54	3	1069	1923	33	59	0.791	2.002E-08	186	220	307	1819	1923	105	1795	1926
407670644	1	186	3.669E-45	2	1250	1923	27	151	0.643	8.989E-39	77	171	249	1250	1600	351	1244	1603
407670644	1	186	3.669E-45	2	1250	1923	33	56	0.752	2.570E-07	194	228	249	1819	1923	105	1795	1926
407764259	1	134	1.652E-29	1	1253	1600	27	134	0.584	9.845E-33	50	144	205	1253	1600	348	1244	1603
407765860	1	187	1.834E-45	2	1250	1926	27	147	0.629	2.120E-37	78	172	231	1250	1600	351	1244	1603
407765860	1	187	1.834E-45	2	1250	1926	33	61	0.795	4.065E-09	195	230	231	1819	1926	108	1795	1926
407816908	1	184	1.468E-44	2	1250	1923	27	145	0.620	1.412E-36	73	167	225	1250	1600	351	1244	1603
407816908	1	184	1.468E-44	2	1250	1923	33	60	0.800	1.058E-08	190	224	225	1819	1923	105	1795	1926
407844335	1	227	1.668E-57	3	1072	1926	22	43	0.560	4.039E-02	36	72	232	1072	1182	111	1069	1266
407844335	1	227	1.668E-57	3	1072	1926	27	147	0.630	1.545E-37	74	168	232	1250	1600	351	1244	1603
407844335	1	227	1.668E-57	3	1072	1926	33	57	0.738	1.868E-07	191	226	232	1819	1926	108	1795	1926
407980946	1	89	5.813E-16	1	547	1008	17	89	0.344	2.275E-16	10	112	305	547	1008	462	526	1014
407988056	1	87	2.325E-15	1	203	475	8	87	0.500	1.751E-16	14	102	153	203	475	273	158	550
408050029	1	85	9.302E-15	1	556	795	17	85	0.539	5.201E-15	27	105	106	556	795	240	526	1014
408096103	1	154	1.576E-35	2	565	2952	17	83	0.544	1.329E-14	14	91	203	565	798	234	526	1014
408096103	1	154	1.576E-35	2	565	2952	55	78	0.533	1.989E-13	100	173	203	2731	2952	222	2665	2994
408097565	1	95	9.084E-18	1	3001	3420	67	95	0.368	1.822E-17	16	165	193	3001	3420	420	2998	3723
408113571	1	154	1.576E-35	1	3034	3612	67	154	0.412	7.981E-38	18	229	342	3034	3612	579	2998	3723
408143015	1	112	6.930E-23	1	1250	1441	27	112	0.829	3.485E-25	42	105	114	1250	1441	192	1244	1603
408218033	1	70	3.048E-10	1	269	535	8	70	0.428	1.325E-10	1	84	175	269	535	267	158	550
408344357	1	64	1.951E-08	1	634	831	17	64	0.496	7.699E-08	2	67	118	634	831	198	526	1014
410461968	1	242	5.092E-62	2	3286	3944	67	143	0.618	9.350E-34	38	153	283	3286	3618	333	2998	3723
410461968	1	242	5.092E-62	2	3286	3944	71	104	0.631	6.342E-23	160	240	283	3699	3944	246	3639	3944
413980737	1	168	9.618E-40	2	1250	1926	27	131	0.601	6.558E-32	52	139	210	1250	1579	330	1244	1603
413980737	1	168	9.618E-40	2	1250	1926	33	62	0.800	2.956E-09	166	201	210	1819	1926	108	1795	1926
414406625	1	307	1.380E-81	2	3280	3944	67	168	0.684	2.623E-42	20	140	264	3280	3627	348	2998	3723
414406625	1	307	1.380E-81	2	3280	3944	71	141	0.780	1.050E-35	138	224	264	3684	3944	261	3639	3944
416060452	1	186	3.669E-45	2	1250	1926	27	147	0.629	2.120E-37	76	170	230	1250	1600	351	1244	1603
416060452	1	186	3.669E-45	2	1250	1926	33	60	0.776	1.455E-08	193	228	230	1819	1926	108	1795	1926
420705775	1	328	6.581E-88	4	565	1923	17	84	0.341	7.110E-15	29	125	318	565	1008	444	526	1014
420705775	1	328	6.581E-88	4	565	1923	22	53	0.619	1.378E-05	126	165	318	1069	1191	123	1069	1266
420705775	1	328	6.581E-88	4	565	1923	27	153	0.644	2.539E-39	164	259	318	1247	1600	354	1244	1603
420705775	1	328	6.581E-88	4	565	1923	33	58	0.771	7.171E-08	282	316	318	1819	1923	105	1795	1926
422125063	1	205	6.998E-51	3	1069	1923	22	39	0.518	7.187E-01	36	72	306	1069	1179	111	1069	1266
422125063	1	205	6.998E-51	3	1069	1923	27	131	0.601	6.558E-32	74	161	306	1250	1579	330	1244	1603
422125063	1	205	6.998E-51	3	1069	1923	33	59	0.786	2.754E-08	188	222	306	1819	1923	105	1795	1926
422146169	1	203	2.799E-50	3	1069	1926	22	38	0.470	1.363E+00	36	76	299	1069	1191	123	1069	1266
422146169	1	203	2.799E-50	3	1069	1926	27	136	0.620	1.478E-33	74	161	299	1250	1579	330	1244	1603
422146169	1	203	2.799E-50	3	1069	1926	33	56	0.729	3.536E-07	188	223	299	1819	1926	108	1795	1926
422244322	1	207	1.749E-51	3	1069	1923	22	48	0.569	6.346E-04	36	76	366	1069	1191	123	1069	1266
422244322	1	207	1.749E-51	3	1069	1923	27	129	0.594	3.185E-31	74	163	366	1250	1579	330	1244	1603
422244322	1	207	1.749E-51	3	1069	1923	33	57	0.757	1.868E-07	190	224	366	1819	1923	105	1795	1926
422329790	1	106	4.435E-21	1	1250	1531	27	106	0.573	2.908E-23	45	116	117	1250	1531	282	1244	1603
422358787	1	211	1.093E-52	3	1069	1923	22	48	0.573	4.611E-04	36	76	323	1069	1191	123	1069	1266
422358787	1	211	1.093E-52	3	1069	1923	27	134	0.612	7.177E-33	74	161	323	1250	1579	330	1244	1603
422358787	1	211	1.093E-52	3	1069	1923	33	56	0.752	2.570E-07	188	222	323	1819	1923	105	1795	1926
422476642	1	150	2.521E-34	1	1250	1600	27	150	0.639	2.320E-38	69	163	231	1250	1600	351	1244	1603
422643207	1	154	1.576E-35	2	565	2952	17	83	0.544	1.329E-14	14	91	208	565	798	234	526	1014
422643207	1	154	1.576E-35	2	565	2952	55	78	0.533	1.989E-13	100	173	208	2731	2952	222	2665	2994
422680277	1	91	1.453E-16	1	3034	3264	67	91	0.593	2.881E-16	18	94	95	3034	3264	231	2998	3723
430443642	1	228	8.342E-58	3	1069	1923	22	43	0.564	2.934E-02	30	66	221	1069	1179	111	1069	1266
430443642	1	228	8.342E-58	3	1069	1923	27	147	0.628	2.908E-37	68	162	221	1250	1600	351	1244	1603
430443642	1	228	8.342E-58	3	1069	1923	33	58	0.771	7.171E-08	185	219	221	1819	1923	105	1795	1926
430921338	1	183	2.935E-44	2	1250	1923	27	147	0.629	2.120E-37	77	171	249	1250	1600	351	1244	1603
430921338	1	183	2.935E-44	2	1250	1923	33	57	0.766	9.867E-08	194	228	249	1819	1923	105	1795	1926
436051336	1	184	1.468E-44	2	1250	1926	27	145	0.623	7.505E-37	77	171	230	1250	1600	351	1244	1603
436051336	1	184	1.468E-44	2	1250	1926	33	60	0.776	1.455E-08	194	229	230	1819	1926	108	1795	1926
436494713	1	109	5.544E-22	1	1250	1441	27	109	0.813	2.321E-24	40	103	112	1250	1441	192	1244	1603
436499283	1	233	2.607E-59	3	1072	1923	22	44	0.578	1.125E-02	36	72	227	1072	1182	111	1069	1266
436499283	1	233	2.607E-59	3	1072	1923	27	151	0.642	1.233E-38	74	168	227	1250	1600	351	1244	1603
436499283	1	233	2.607E-59	3	1072	1923	33	58	0.771	7.171E-08	191	225	227	1819	1923	105	1795	1926
436769733	1	251	9.944E-65	3	1069	1923	22	53	0.669	7.284E-06	34	71	226	1069	1182	114	1069	1266
436769733	1	251	9.944E-65	3	1069	1923	27	157	0.666	5.722E-41	73	167	226	1250	1600	351	1244	1603
436769733	1	251	9.944E-65	3	1069	1923	33	61	0.815	4.065E-09	190	224	226	1819	1923	105	1795	1926
436894357	1	182	5.870E-44	2	1250	1923	27	143	0.613	6.858E-36	78	172	230	1250	1600	351	1244	1603
436894357	1	182	5.870E-44	2	1250	1923	33	60	0.800	1.058E-08	195	229	230	1819	1923	105	1795	1926
436912441	1	183	2.935E-44	2	1250	1923	27	148	0.633	8.213E-38	77	171	243	1250	1600	351	1244	1603
436912441	1	183	2.935E-44	2	1250	1923	33	56	0.747	3.536E-07	194	228	243	1819	1923	105	1795	1926
436915333	1	186	3.669E-45	2	1250	1923	27	144	0.618	2.657E-36	74	168	226	1250	1600	351	1244	1603
436915333	1	186	3.669E-45	2	1250	1923	33	63	0.830	1.562E-09	191	225	226	1819	1923	105	1795	1926
436936120	1	154	1.576E-35	2	1069	1441	22	43	0.564	2.934E-02	2	38	112	1069	1179	111	1069	1266
436936120	1	154	1.576E-35	2	1069	1441	27	110	0.815	1.692E-24	40	103	112	1250	1441	192	1244	1603
436965698	1	210	2.187E-52	3	1069	1923	22	41	0.537	1.999E-01	36	72	311	1069	1179	111	1069	1266
436965698	1	210	2.187E-52	3	1069	1923	27	134	0.613	5.232E-33	74	161	311	1250	1579	330	1244	1603
436965698	1	210	2.187E-52	3	1069	1923	33	59	0.791	2.002E-08	188	222	311	1819	1923	105	1795	1926
437194268	1	256	3.108E-66	2	3277	3944	67	158	0.585	3.501E-39	19	156	263	3277	3681	405	2998	3723
437194268	1	256	3.108E-66	2	3277	3944	71	111	0.664	4.007E-25	143	223	263	3699	3944	246	3639	3944
437304403	1	96	4.542E-18	1	3034	3264	67	96	0.619	7.252E-18	73	149	150	3034	3264	231	2998	3723
437324407	1	400	1.394E-109	5	538	1923	17	94	0.354	3.874E-18	13	122	315	538	1008	471	526	1014
437324407	1	400	1.394E-109	5	538	1923	22	52	0.666	2.609E-05	123	159	315	1069	1179	111	1069	1266
437324407	1	400	1.394E-109	5	538	1923	27	153	0.652	1.349E-39	161	255	315	1250	1600	351	1244	1603
437324407	1	400	1.394E-109	5	538	1923	31	37	0.704	1.238E+01	254	277	315	1687	1758	72	1522	1788
437324407	1	400	1.394E-109	5	538	1923	33	60	0.795	1.455E-08	278	312	315	1819	1923	105	1795	1926
437487410	1	82	7.441E-14	1	538	795	17	82	0.495	4.640E-14	15	100	101	538	795	258	526	1014
437543565	1	193	2.866E-47	2	1250	1923	27	156	0.660	2.026E-40	73	167	228	1250	1600	351	1244	1603
437543565	1	193	2.866E-47	2	1250	1923	33	58	0.771	7.171E-08	190	224	228	1819	1923	105	1795	1926
440521747	1	232	5.214E-59	3	1072	1923	22	45	0.596	8.171E-03	47	82	237	1072	1179	108	1069	1266
440521747	1	232	5.214E-59	3	1072	1923	27	151	0.642	1.233E-38	84	178	237	1250	1600	351	1244	1603
440521747	1	232	5.214E-59	3	1072	1923	33	56	0.747	3.536E-07	201	235	237	1819	1923	105	1795	1926
448970789	1	144	1.614E-32	1	1250	1600	27	144	0.619	1.937E-36	71	165	223	1250	1600	351	1244	1603
451055598	1	165	7.694E-39	1	1250	1600	27	165	0.693	1.412E-43	77	171	232	1250	1600	351	1244	1603
451105199	1	116	4.331E-24	1	1244	1531	27	116	0.607	1.078E-26	28	101	188	1244	1531	288	1244	1603
451146901	1	182	5.870E-44	2	1247	1923	27	143	0.609	6.858E-36	72	167	225	1247	1600	354	1244	1603
451146901	1	182	5.870E-44	2	1247	1923	33	60	0.795	1.455E-08	190	224	225	1819	1923	105	1795	1926
451233946	1	186	3.669E-45	2	1069	1594	22	51	0.652	6.794E-05	32	68	242	1069	1179	111	1069	1266
451233946	1	186	3.669E-45	2	1069	1594	27	134	0.587	5.232E-33	69	163	242	1247	1594	348	1244	1603
451248408	1	186	3.669E-45	2	1250	1923	27	148	0.632	1.127E-37	75	169	238	1250	1600	351	1244	1603
451248408	1	186	3.669E-45	2	1250	1923	33	59	0.786	2.754E-08	192	226	238	1819	1923	105	1795	1926
451476632	1	244	1.273E-62	3	1072	1923	22	48	0.585	4.611E-04	144	182	338	1072	1191	120	1069	1266
451476632	1	244	1.273E-62	3	1072	1923	27	156	0.659	1.077E-40	181	279	338	1247	1600	354	1244	1603
451476632	1	244	1.273E-62	3	1072	1923	33	62	0.820	2.956E-09	302	336	338	1819	1923	105	1795	1926
451492189	1	233	2.607E-59	3	1072	1926	22	42	0.546	1.054E-01	37	73	233	1072	1182	111	1069	1266
451492189	1	233	2.607E-59	3	1072	1926	27	154	0.653	9.838E-40	75	169	233	1250	1600	351	1244	1603
451492189	1	233	2.607E-59	3	1072	1926	33	57	0.748	9.867E-08	192	227	233	1819	1926	108	1795	1926
451575052	1	145	8.068E-33	1	1250	1600	27	145	0.620	1.412E-36	69	163	225	1250	1600	351	1244	1603
451603911	1	144	1.614E-32	1	1250	1600	27	144	0.619	1.937E-36	67	161	219	1250	1600	351	1244	1603
451671604	1	85	9.302E-15	1	556	795	17	85	0.539	5.201E-15	26	104	105	556	795	240	526	1014
462338864	1	237	1.629E-60	2	3286	3944	67	139	0.603	2.115E-32	43	158	288	3286	3618	333	2998	3723
462338864	1	237	1.629E-60	2	3286	3944	71	103	0.623	2.250E-22	165	245	288	3699	3944	246	3639	3944
 