348401258	1	194	117457407	1	185
348401258	1	194	348401258	1	194
348401258	1	194	262972250	1	194
348401258	1	194	277412077	1	194
348401258	1	194	233571354	1	194
348401258	1	194	218915505	1	200
348401258	1	194	15363714	1	203
348401258	1	194	349823474	1	203
348401258	1	194	379019166	1	203
348401258	1	194	407988056	1	203
348401258	1	194	73520879	1	215
348401258	1	194	248170537	1	218
348401258	1	194	218915218	1	230
348401258	1	194	218891089	1	230
348401258	1	194	44453882	1	230
348401258	1	194	277117313	1	230
348401258	1	194	335246064	1	230
348401258	1	194	379052886	1	230
348401258	1	194	131652741	1	230
348401258	1	194	407649090	1	233
348401258	1	194	146469128	1	245
348401258	1	194	146469721	1	245
348401258	1	194	335280752	1	245
348401258	1	194	146475064	1	245
348401258	1	194	233720697	1	245
348401258	1	194	189846311	1	245
348401258	1	194	936173	1	245
348401258	1	194	393589421	1	245
348401258	1	194	335429343	1	245
348401258	1	194	277224137	1	260
348401258	1	194	30350091	1	269
348401258	1	194	408218033	1	269
437324407	1	538	437324407	1	538
437324407	1	538	437487410	1	538
437324407	1	538	407980946	1	547
437324407	1	538	117239531	1	553
437324407	1	538	59100105	1	553
437324407	1	538	320969035	1	553
437324407	1	538	146246395	1	553
437324407	1	538	364368017	1	553
437324407	1	538	378893520	1	556
437324407	1	538	379311058	1	556
437324407	1	538	117562091	1	556
437324407	1	538	88136013	1	556
437324407	1	538	408050029	1	556
437324407	1	538	451671604	1	556
437324407	1	538	29968599	1	556
437324407	1	538	131639499	1	556
437324407	1	538	306279768	1	565
437324407	1	538	15507209	1	565
437324407	1	538	364361421	1	565
437324407	1	538	233638127	1	565
437324407	1	538	408096103	1	565
437324407	1	538	422643207	1	565
437324407	1	538	184926251	1	565
437324407	1	538	420705775	1	565
437324407	1	538	372666863	1	565
437324407	1	538	1230026	1	565
437324407	1	538	44559725	1	565
437324407	1	538	227894257	1	589
437324407	1	538	329782281	1	589
437324407	1	538	15766299	1	589
437324407	1	538	408344357	1	634
437324407	1	538	146473942	1	679
437324407	1	538	301576561	1	1069
437324407	1	538	335402870	1	1069
437324407	1	538	102425129	1	1069
437324407	1	538	270371824	1	1069
437324407	1	538	364174112	1	1069
437324407	1	538	8371349	1	1069
437324407	1	538	73145220	1	1069
437324407	1	538	393380609	1	1069
437324407	1	538	225348	1	1069
437324407	1	538	203835384	1	1069
437324407	1	538	213580894	1	1069
437324407	1	538	87638501	1	1069
437324407	1	538	349722817	1	1069
437324407	1	538	422146169	1	1069
437324407	1	538	160857451	1	1069
437324407	1	538	87681829	1	1069
437324407	1	538	436769733	1	1069
437324407	1	538	160446811	1	1069
437324407	1	538	291321523	1	1069
437324407	1	538	334694323	1	1069
437324407	1	538	145874576	1	1069
437324407	1	538	160473701	1	1069
437324407	1	538	73339029	1	1069
437324407	1	538	704314	1	1069
437324407	1	538	42926437	1	1069
437324407	1	538	403616787	1	1069
437324407	1	538	155486585	1	1069
437324407	1	538	291180144	1	1069
437324407	1	538	145982837	1	1069
437324407	1	538	29400140	1	1069
437324407	1	538	96411637	1	1069
437324407	1	538	430443642	1	1069
437324407	1	538	29779517	1	1069
437324407	1	538	204068373	1	1069
437324407	1	538	407664876	1	1069
437324407	1	538	305824669	1	1069
437324407	1	538	110991163	1	1069
437324407	1	538	131487769	1	1069
437324407	1	538	335031299	1	1069
437324407	1	538	407602232	1	1069
437324407	1	538	233203254	1	1069
437324407	1	538	291371403	1	1069
437324407	1	538	422358787	1	1069
437324407	1	538	43848129	1	1069
437324407	1	538	43920013	1	1069
437324407	1	538	262316656	1	1069
437324407	1	538	436965698	1	1069
437324407	1	538	44163164	1	1069
437324407	1	538	378578772	1	1069
437324407	1	538	422244322	1	1069
437324407	1	538	462370	1	1069
437324407	1	538	203811453	1	1069
437324407	1	538	306085979	1	1069
437324407	1	538	422125063	1	1069
437324407	1	538	316674074	1	1069
437324407	1	538	183124229	1	1069
437324407	1	538	218463739	1	1069
437324407	1	538	145972856	1	1069
437324407	1	538	233131961	1	1069
437324407	1	538	392962627	1	1069
437324407	1	538	451233946	1	1069
437324407	1	538	262194244	1	1069
437324407	1	538	131163341	1	1069
437324407	1	538	276628456	1	1069
437324407	1	538	320495325	1	1069
437324407	1	538	667683	1	1069
437324407	1	538	407480346	1	1069
437324407	1	538	116624233	1	1069
437324407	1	538	276706215	1	1069
437324407	1	538	233012194	1	1069
437324407	1	538	349251199	1	1069
437324407	1	538	174839058	1	1069
437324407	1	538	334879219	1	1069
437324407	1	538	363988550	1	1069
437324407	1	538	73229281	1	1069
437324407	1	538	378801699	1	1069
437324407	1	538	58475746	1	1069
437324407	1	538	436936120	1	1069
437324407	1	538	102036600	1	1069
437324407	1	538	233193979	1	1069
437324407	1	538	102493970	1	1072
437324407	1	538	262469357	1	1072
437324407	1	538	362382482	1	1072
437324407	1	538	407551167	1	1072
437324407	1	538	291332362	1	1072
437324407	1	538	203966184	1	1072
437324407	1	538	234171	1	1072
437324407	1	538	145733653	1	1072
437324407	1	538	131428678	1	1072
437324407	1	538	451492189	1	1072
437324407	1	538	407510295	1	1072
437324407	1	538	407844335	1	1072
437324407	1	538	306048265	1	1072
437324407	1	538	632009	1	1072
437324407	1	538	87677360	1	1072
437324407	1	538	378771762	1	1072
437324407	1	538	305871205	1	1072
437324407	1	538	170678794	1	1072
437324407	1	538	131082726	1	1072
437324407	1	538	451476632	1	1072
437324407	1	538	297784725	1	1072
437324407	1	538	305658652	1	1072
437324407	1	538	160604432	1	1072
437324407	1	538	202802534	1	1072
437324407	1	538	218818332	1	1072
437324407	1	538	12935278	1	1072
437324407	1	538	40688919	1	1072
437324407	1	538	65271731	1	1072
437324407	1	538	73402448	1	1072
437324407	1	538	233352424	1	1072
437324407	1	538	256598776	1	1072
437324407	1	538	345985433	1	1072
437324407	1	538	171449091	1	1072
437324407	1	538	378354847	1	1072
437324407	1	538	204154750	1	1072
437324407	1	538	230312778	1	1072
437324407	1	538	72981076	1	1072
437324407	1	538	204321651	1	1072
437324407	1	538	393095876	1	1072
437324407	1	538	364114483	1	1072
437324407	1	538	189471204	1	1072
437324407	1	538	203866226	1	1072
437324407	1	538	391067788	1	1072
437324407	1	538	407597886	1	1072
437324407	1	538	29702306	1	1072
437324407	1	538	145712688	1	1072
437324407	1	538	247684532	1	1072
437324407	1	538	189270224	1	1072
437324407	1	538	436499283	1	1072
437324407	1	538	440521747	1	1072
437324407	1	538	58383190	1	1072
437324407	1	538	87681747	1	1072
437324407	1	538	29513841	1	1072
437324407	1	538	58576389	1	1072
437324407	1	538	218331057	1	1072
437324407	1	538	72924744	1	1072
437324407	1	538	189471315	1	1072
437324407	1	538	29514432	1	1072
437324407	1	538	247634880	1	1072
437324407	1	538	306552061	1	1072
437324407	1	538	262281244	1	1072
437324407	1	538	349708029	1	1072
437324407	1	538	87993039	1	1072
437324407	1	538	457876	1	1072
437324407	1	538	28901769	1	1072
437324407	1	538	305951121	1	1072
437324407	1	538	73167987	1	1072
437324407	1	538	146115889	1	1072
437324407	1	538	422501	1	1072
437324407	1	538	131419263	1	1072
437324407	1	538	174931654	1	1072
437324407	1	538	116850326	1	1072
437324407	1	538	44021201	1	1072
437324407	1	538	393116632	1	1072
437324407	1	538	43839754	1	1072
437324407	1	538	364033396	1	1072
437324407	1	538	334812940	1	1072
437324407	1	538	58586510	1	1072
437324407	1	538	218852919	1	1072
437324407	1	538	204014166	1	1072
437324407	1	538	58505298	1	1072
437324407	1	538	451105199	1	1244
437324407	1	538	72932305	1	1247
437324407	1	538	349357505	1	1247
437324407	1	538	349498031	1	1247
437324407	1	538	44268543	1	1247
437324407	1	538	391650812	1	1247
437324407	1	538	189307308	1	1247
437324407	1	538	174724159	1	1247
437324407	1	538	87855266	1	1247
437324407	1	538	276801771	1	1247
437324407	1	538	393042034	1	1247
437324407	1	538	87938095	1	1247
437324407	1	538	451146901	1	1247
437324407	1	538	247435957	1	1247
437324407	1	538	102116417	1	1247
437324407	1	538	232881884	1	1247
437324407	1	538	87598367	1	1247
437324407	1	538	349804506	1	1247
437324407	1	538	407557775	1	1247
437324407	1	538	189378954	1	1247
437324407	1	538	232940968	1	1247
437324407	1	538	145660679	1	1250
437324407	1	538	233408329	1	1250
437324407	1	538	613230	1	1250
437324407	1	538	68313418	1	1250
437324407	1	538	72952662	1	1250
437324407	1	538	102211118	1	1250
437324407	1	538	146042549	1	1250
437324407	1	538	189477065	1	1250
437324407	1	538	214534035	1	1250
437324407	1	538	275892364	1	1250
437324407	1	538	363851692	1	1250
437324407	1	538	262175589	1	1250
437324407	1	538	291121672	1	1250
437324407	1	538	320212041	1	1250
437324407	1	538	116690867	1	1250
437324407	1	538	349274811	1	1250
437324407	1	538	407765860	1	1250
437324407	1	538	146025315	1	1250
437324407	1	538	257781383	1	1250
437324407	1	538	416060452	1	1250
437324407	1	538	84530030	1	1250
437324407	1	538	283356773	1	1250
437324407	1	538	436051336	1	1250
437324407	1	538	247660140	1	1250
437324407	1	538	363906908	1	1250
437324407	1	538	116787540	1	1250
437324407	1	538	116677672	1	1250
437324407	1	538	14946443	1	1250
437324407	1	538	43839540	1	1250
437324407	1	538	29831312	1	1250
437324407	1	538	305377762	1	1250
437324407	1	538	413980737	1	1250
437324407	1	538	117085459	1	1250
437324407	1	538	254900121	1	1250
437324407	1	538	379376633	1	1250
437324407	1	538	276551495	1	1250
437324407	1	538	334839321	1	1250
437324407	1	538	174764366	1	1250
437324407	1	538	175106305	1	1250
437324407	1	538	222085	1	1250
437324407	1	538	218383584	1	1250
437324407	1	538	437543565	1	1250
437324407	1	538	364049670	1	1250
437324407	1	538	44364242	1	1250
437324407	1	538	291298428	1	1250
437324407	1	538	320489279	1	1250
437324407	1	538	37101944	1	1250
437324407	1	538	146069873	1	1250
437324407	1	538	305626437	1	1250
437324407	1	538	407412540	1	1250
437324407	1	538	102210094	1	1250
437324407	1	538	160693978	1	1250
437324407	1	538	320118937	1	1250
437324407	1	538	363810379	1	1250
437324407	1	538	131409241	1	1250
437324407	1	538	160576702	1	1250
437324407	1	538	196048959	1	1250
437324407	1	538	203841262	1	1250
437324407	1	538	407585147	1	1250
437324407	1	538	501168	1	1250
437324407	1	538	29551615	1	1250
437324407	1	538	59463630	1	1250
437324407	1	538	102357855	1	1250
437324407	1	538	276824222	1	1250
437324407	1	538	392849055	1	1250
437324407	1	538	407670644	1	1250
437324407	1	538	436915333	1	1250
437324407	1	538	451248408	1	1250
437324407	1	538	15276591	1	1250
437324407	1	538	347201996	1	1250
437324407	1	538	363969132	1	1250
437324407	1	538	87492585	1	1250
437324407	1	538	131245773	1	1250
437324407	1	538	189667272	1	1250
437324407	1	538	407816908	1	1250
437324407	1	538	14823135	1	1250
437324407	1	538	15199217	1	1250
437324407	1	538	233120043	1	1250
437324407	1	538	262040512	1	1250
437324407	1	538	262162537	1	1250
437324407	1	538	314888522	1	1250
437324407	1	538	375075577	1	1250
437324407	1	538	430921338	1	1250
437324407	1	538	436912441	1	1250
437324407	1	538	44131326	1	1250
437324407	1	538	116850763	1	1250
437324407	1	538	174926611	1	1250
437324407	1	538	436894357	1	1250
437324407	1	538	233056801	1	1250
437324407	1	538	15048474	1	1250
437324407	1	538	29868534	1	1250
437324407	1	538	73920739	1	1250
437324407	1	538	103004395	1	1250
437324407	1	538	189590610	1	1250
437324407	1	538	378867349	1	1250
437324407	1	538	393835447	1	1250
437324407	1	538	393835740	1	1250
437324407	1	538	393835834	1	1250
437324407	1	538	38017401	1	1250
437324407	1	538	291412016	1	1250
437324407	1	538	15071762	1	1250
437324407	1	538	218742370	1	1250
437324407	1	538	233878324	1	1250
437324407	1	538	276733588	1	1250
437324407	1	538	247450516	1	1250
437324407	1	538	393055783	1	1250
437324407	1	538	9050823	1	1250
437324407	1	538	131166715	1	1250
437324407	1	538	378711609	1	1250
437324407	1	538	451055598	1	1250
437324407	1	538	204336144	1	1250
437324407	1	538	145659351	1	1250
437324407	1	538	378538530	1	1250
437324407	1	538	175270666	1	1250
437324407	1	538	422476642	1	1250
437324407	1	538	73479621	1	1250
437324407	1	538	272315848	1	1250
437324407	1	538	320467839	1	1250
437324407	1	538	335044516	1	1250
437324407	1	538	218894779	1	1250
437324407	1	538	306144789	1	1250
437324407	1	538	29869147	1	1250
437324407	1	538	103004081	1	1250
437324407	1	538	161170339	1	1250
437324407	1	538	284043565	1	1250
437324407	1	538	335669239	1	1250
437324407	1	538	349783853	1	1250
437324407	1	538	451575052	1	1250
437324407	1	538	15067344	1	1250
437324407	1	538	145632651	1	1250
437324407	1	538	320347647	1	1250
437324407	1	538	334889214	1	1250
437324407	1	538	448970789	1	1250
437324407	1	538	451603911	1	1250
437324407	1	538	14974140	1	1250
437324407	1	538	161170233	1	1250
437324407	1	538	291601699	1	1250
437324407	1	538	247978394	1	1250
437324407	1	538	898178	1	1250
437324407	1	538	145968738	1	1250
437324407	1	538	131455620	1	1250
437324407	1	538	102261815	1	1250
437324407	1	538	349557821	1	1250
437324407	1	538	174811837	1	1250
437324407	1	538	58604721	1	1250
437324407	1	538	247830756	1	1250
437324407	1	538	422329790	1	1250
437324407	1	538	204660705	1	1250
437324407	1	538	321128310	1	1250
437324407	1	538	364439326	1	1250
437324407	1	538	117110913	1	1250
437324407	1	538	73685808	1	1250
437324407	1	538	190019102	1	1250
437324407	1	538	408143015	1	1250
437324407	1	538	978094	1	1250
437324407	1	538	59144215	1	1250
437324407	1	538	15519858	1	1250
437324407	1	538	174711102	1	1250
437324407	1	538	335435755	1	1250
437324407	1	538	436494713	1	1250
437324407	1	538	1213590	1	1250
437324407	1	538	305998288	1	1250
437324407	1	538	407764259	1	1253
437324407	1	538	189689966	1	1259
255753510	1	2671	292094855	1	2668
255753510	1	2671	255753510	1	2671
255753510	1	2671	184787864	1	2671
255753510	1	2671	44523655	1	2671
255753510	1	2671	175056165	1	2707
255753510	1	2671	277519781	1	2716
255753510	1	2671	329722987	1	2731
255753510	1	2671	161014675	1	2998
255753510	1	2671	146472641	1	2998
255753510	1	2671	146219985	1	3001
255753510	1	2671	408097565	1	3001
255753510	1	2671	189972821	1	3001
255753510	1	2671	15347895	1	3001
255753510	1	2671	30016459	1	3001
255753510	1	2671	175278865	1	3001
255753510	1	2671	335312788	1	3004
255753510	1	2671	306194957	1	3013
255753510	1	2671	349818720	1	3025
255753510	1	2671	335511359	1	3031
255753510	1	2671	131933519	1	3031
255753510	1	2671	350055443	1	3031
255753510	1	2671	30048681	1	3031
255753510	1	2671	146469383	1	3031
255753510	1	2671	378981378	1	3034
255753510	1	2671	314988269	1	3034
255753510	1	2671	408113571	1	3034
255753510	1	2671	29941345	1	3034
255753510	1	2671	189895687	1	3034
255753510	1	2671	190096110	1	3034
255753510	1	2671	378900377	1	3034
255753510	1	2671	821816	1	3034
255753510	1	2671	379045948	1	3034
255753510	1	2671	117111370	1	3034
255753510	1	2671	349929808	1	3034
255753510	1	2671	437304403	1	3034
255753510	1	2671	422680277	1	3034
255753510	1	2671	204761062	1	3034
255753510	1	2671	233847187	1	3034
255753510	1	2671	378848779	1	3034
255753510	1	2671	291610786	1	3034
255753510	1	2671	44453578	1	3034
255753510	1	2671	276775801	1	3040
255753510	1	2671	335389778	1	3040
255753510	1	2671	234642497	1	3067
255753510	1	2671	379014987	1	3067
255753510	1	2671	131754414	1	3070
255753510	1	2671	320864925	1	3112
255753510	1	2671	187589194	1	3247
255753510	1	2671	356144192	1	3247
255753510	1	2671	102738008	1	3250
255753510	1	2671	89036562	1	3250
189939284	1	3280	248706934	1	3259
189939284	1	3280	102689627	1	3262
189939284	1	3280	335532761	1	3262
189939284	1	3280	308664285	1	3265
189939284	1	3280	24228834	1	3268
189939284	1	3280	106869883	1	3274
189939284	1	3280	437194268	1	3277
189939284	1	3280	189939284	1	3280
189939284	1	3280	219200564	1	3280
189939284	1	3280	414406625	1	3280
189939284	1	3280	55750637	1	3280
189939284	1	3280	363447646	1	3280
189939284	1	3280	244149897	1	3280
189939284	1	3280	255600034	1	3280
189939284	1	3280	410461968	1	3286
189939284	1	3280	307998994	1	3286
189939284	1	3280	322017889	1	3286
189939284	1	3280	462338864	1	3286
189939284	1	3280	264512593	1	3286
189939284	1	3280	238596064	1	3286
189939284	1	3280	332394898	1	3295
189939284	1	3280	324968026	1	3298
189939284	1	3280	248992162	1	3298
189939284	1	3280	60021742	1	3298
189939284	1	3280	74534482	1	3298
189939284	1	3280	33465755	1	3304
189939284	1	3280	117278586	1	3436
 