271598	1	153	3.152E-35	6	20000	23657	478	139	0.636	3.146E-34	45	152	789	20000	20326	327	19952	20377
271598	1	153	3.152E-35	6	20000	23657	481	58	0.840	2.553E-08	151	182	789	20387	20479	93	20387	20479
271598	1	153	3.152E-35	6	20000	23657	514	58	0.424	3.464E-06	274	342	789	21653	21871	219	21560	21964
271598	1	153	3.152E-35	6	20000	23657	523	91	0.582	1.890E-18	426	502	789	22249	22482	234	22234	22488
271598	1	153	3.152E-35	6	20000	23657	527	79	0.683	2.048E-14	505	560	789	22556	22723	168	22517	22777
271598	1	153	3.152E-35	6	20000	23657	547	60	0.500	6.789E-08	723	781	789	23475	23657	183	23454	23678
29865450	1	186	3.669E-45	3	22790	23404	533	72	0.540	8.125E-12	82	145	303	22790	22990	201	22781	23038
29865450	1	186	3.669E-45	3	22790	23404	537	58	0.718	1.147E-07	137	174	303	23047	23160	114	23017	23175
29865450	1	186	3.669E-45	3	22790	23404	542	63	0.512	6.106E-09	175	237	303	23216	23404	189	23153	23407
44570309	1	329	3.290E-88	7	20387	23675	481	54	0.886	6.197E-07	104	131	705	20387	20470	84	20387	20479
44570309	1	329	3.290E-88	7	20387	23675	503	61	0.749	9.016E-09	131	168	705	21157	21270	114	21157	21297
44570309	1	329	3.290E-88	7	20387	23675	507	70	0.899	4.787E-12	173	208	705	21357	21464	108	21342	21488
44570309	1	329	3.290E-88	7	20387	23675	517	78	0.428	7.273E-14	280	378	705	21910	22182	273	21904	22185
44570309	1	329	3.290E-88	7	20387	23675	527	93	0.773	4.253E-19	457	513	705	22553	22723	171	22517	22777
44570309	1	329	3.290E-88	7	20387	23675	542	92	0.726	5.317E-19	575	634	705	23216	23398	183	23153	23407
44570309	1	329	3.290E-88	7	20387	23675	547	89	0.620	4.174E-18	632	702	705	23463	23675	213	23454	23678
58949717	1	353	1.961E-95	8	21157	23666	503	55	0.614	1.080E-06	85	127	690	21157	21285	129	21157	21297
58949717	1	353	1.961E-95	8	21157	23666	507	63	0.910	1.075E-09	129	160	690	21357	21452	96	21342	21488
58949717	1	353	1.961E-95	8	21157	23666	517	65	0.392	2.540E-09	241	331	690	21907	22182	276	21904	22185
58949717	1	353	1.961E-95	8	21157	23666	527	74	0.644	1.266E-12	410	465	690	22553	22720	168	22517	22777
58949717	1	353	1.961E-95	8	21157	23666	533	70	0.530	2.892E-11	469	532	690	22790	22990	201	22781	23038
58949717	1	353	1.961E-95	8	21157	23666	537	60	0.745	1.693E-08	524	561	690	23047	23160	114	23017	23175
58949717	1	353	1.961E-95	8	21157	23666	542	67	0.538	2.551E-10	562	624	690	23216	23404	189	23153	23407
58949717	1	353	1.961E-95	8	21157	23666	547	61	0.465	3.593E-08	620	687	690	23463	23666	204	23454	23678
98494608	1	141	1.291E-31	1	19976	20326	478	141	0.601	4.736E-35	42	160	175	19976	20326	351	19952	20377
102046758	1	138	1.033E-30	6	20009	23666	478	136	0.580	5.384E-33	33	149	780	20009	20365	357	19952	20377
102046758	1	138	1.033E-30	6	20009	23666	481	55	0.792	4.504E-07	137	168	780	20387	20479	93	20387	20479
102046758	1	138	1.033E-30	6	20009	23666	514	69	0.443	5.380E-10	260	339	780	21653	21901	249	21560	21964
102046758	1	138	1.033E-30	6	20009	23666	523	81	0.529	5.252E-15	415	491	780	22249	22482	234	22234	22488
102046758	1	138	1.033E-30	6	20009	23666	533	64	0.501	4.646E-09	549	613	780	22781	22963	183	22781	23038
102046758	1	138	1.033E-30	6	20009	23666	547	61	0.492	1.902E-08	714	776	780	23475	23666	192	23454	23678
102128950	1	433	1.622E-119	8	20006	23675	478	146	0.673	1.472E-36	0	106	745	20006	20326	321	19952	20377
102128950	1	433	1.622E-119	8	20006	23675	503	56	0.700	3.012E-07	132	169	745	21157	21270	114	21157	21297
102128950	1	433	1.622E-119	8	20006	23675	507	68	0.927	1.710E-11	174	207	745	21351	21452	102	21342	21488
102128950	1	433	1.622E-119	8	20006	23675	517	65	0.525	1.850E-09	320	382	745	22000	22185	186	21904	22185
102128950	1	433	1.622E-119	8	20006	23675	523	81	0.525	3.824E-15	383	459	745	22249	22485	237	22234	22488
102128950	1	433	1.622E-119	8	20006	23675	533	77	0.499	9.559E-14	520	596	745	22787	23026	240	22781	23038
102128950	1	433	1.622E-119	8	20006	23675	542	75	0.592	4.463E-13	614	676	745	23216	23404	189	23153	23407
102128950	1	433	1.622E-119	8	20006	23675	547	75	0.535	3.845E-13	672	741	745	23463	23675	213	23454	23678
114765825	1	332	4.113E-89	8	21157	23675	503	57	0.642	1.157E-07	174	216	782	21157	21285	129	21157	21297
114765825	1	332	4.113E-89	8	21157	23675	507	68	0.974	2.352E-11	218	249	782	21357	21452	96	21342	21488
114765825	1	332	4.113E-89	8	21157	23675	514	71	0.472	8.180E-11	269	345	782	21653	21889	237	21560	21964
114765825	1	332	4.113E-89	8	21157	23675	517	55	0.408	7.021E-06	354	420	782	21964	22182	219	21904	22185
114765825	1	332	4.113E-89	8	21157	23675	533	72	0.543	5.915E-12	560	623	782	22790	22990	201	22781	23038
114765825	1	332	4.113E-89	8	21157	23675	537	55	0.691	7.783E-07	615	652	782	23047	23160	114	23017	23175
114765825	1	332	4.113E-89	8	21157	23675	542	64	0.514	4.445E-09	653	715	782	23216	23404	189	23153	23407
114765825	1	332	4.113E-89	8	21157	23675	547	57	0.428	6.299E-07	711	781	782	23463	23675	213	23454	23678
131774036	1	1133	0.000E+00	12	20006	23675	478	188	0.762	2.296E-51	0	117	764	20006	20365	360	19952	20377
131774036	1	1133	0.000E+00	12	20006	23675	481	59	0.960	1.349E-08	105	132	764	20387	20470	84	20387	20479
131774036	1	1133	0.000E+00	12	20006	23675	503	68	0.734	2.118E-11	132	175	764	21157	21288	132	21157	21297
131774036	1	1133	0.000E+00	12	20006	23675	507	78	0.903	8.254E-15	174	213	764	21351	21470	120	21342	21488
131774036	1	1133	0.000E+00	12	20006	23675	511	44	1.000	1.915E-02	228	246	764	21525	21581	57	21525	21758
131774036	1	1133	0.000E+00	12	20006	23675	517	113	0.585	3.011E-26	304	401	764	21913	22185	273	21904	22185
131774036	1	1133	0.000E+00	12	20006	23675	523	139	0.849	1.641E-35	402	479	764	22249	22482	234	22234	22488
131774036	1	1133	0.000E+00	12	20006	23675	527	104	0.859	4.333E-23	481	537	764	22553	22723	171	22517	22777
131774036	1	1133	0.000E+00	12	20006	23675	533	114	0.781	1.092E-26	537	603	764	22781	22990	210	22781	23038
131774036	1	1133	0.000E+00	12	20006	23675	537	75	0.910	1.294E-13	595	632	764	23047	23160	114	23017	23175
131774036	1	1133	0.000E+00	12	20006	23675	542	119	0.888	2.325E-28	633	695	764	23216	23404	189	23153	23407
131774036	1	1133	0.000E+00	12	20006	23675	547	109	0.738	5.408E-25	691	761	764	23463	23675	213	23454	23678
146128102	1	371	7.481E-101	6	19982	22723	478	137	0.600	2.089E-33	38	151	788	19982	20326	345	19952	20377
146128102	1	371	7.481E-101	6	19982	22723	481	58	0.840	2.553E-08	150	181	788	20387	20479	93	20387	20479
146128102	1	371	7.481E-101	6	19982	22723	514	59	0.429	1.854E-06	273	341	788	21653	21871	219	21560	21964
146128102	1	371	7.481E-101	6	19982	22723	517	50	0.400	3.147E-04	357	423	788	21979	22182	204	21904	22185
146128102	1	371	7.481E-101	6	19982	22723	523	90	0.578	3.564E-18	425	501	788	22249	22482	234	22234	22488
146128102	1	371	7.481E-101	6	19982	22723	527	79	0.686	1.491E-14	504	559	788	22556	22723	168	22517	22777
160297355	1	357	1.226E-96	8	20003	23678	478	153	0.697	3.659E-39	45	151	875	20003	20326	324	19952	20377
160297355	1	357	1.226E-96	8	20003	23678	503	61	0.732	9.016E-09	176	214	875	21157	21273	117	21157	21297
160297355	1	357	1.226E-96	8	20003	23678	507	70	0.947	4.787E-12	218	251	875	21351	21452	102	21342	21488
160297355	1	357	1.226E-96	8	20003	23678	517	61	0.510	4.404E-08	365	425	875	22000	22182	183	21904	22185
160297355	1	357	1.226E-96	8	20003	23678	533	78	0.573	5.068E-14	564	628	875	22787	22990	204	22781	23038
160297355	1	357	1.226E-96	8	20003	23678	537	61	0.749	1.231E-08	620	657	875	23047	23160	114	23017	23175
160297355	1	357	1.226E-96	8	20003	23678	542	74	0.597	1.588E-12	658	718	875	23216	23398	183	23153	23407
160297355	1	357	1.226E-96	8	20003	23678	547	76	0.536	1.483E-13	716	787	875	23463	23678	216	23454	23678
160856086	1	1170	0.000E+00	11	19964	23678	478	216	0.787	4.218E-61	27	157	787	19964	20362	399	19952	20377
160856086	1	1170	0.000E+00	11	19964	23678	481	63	0.910	4.055E-10	146	177	787	20387	20479	93	20387	20479
160856086	1	1170	0.000E+00	11	19964	23678	503	71	0.761	2.281E-12	173	216	787	21157	21288	132	21157	21297
160856086	1	1170	0.000E+00	11	19964	23678	507	74	0.901	1.986E-13	215	252	787	21351	21464	114	21342	21488
160856086	1	1170	0.000E+00	11	19964	23678	511	44	1.000	1.915E-02	249	267	787	21525	21581	57	21525	21758
160856086	1	1170	0.000E+00	11	19964	23678	514	141	0.718	3.480E-35	268	363	787	21653	21931	279	21560	21964
160856086	1	1170	0.000E+00	11	19964	23678	523	143	0.868	9.502E-37	423	500	787	22249	22482	234	22234	22488
160856086	1	1170	0.000E+00	11	19964	23678	527	119	0.974	1.866E-28	502	558	787	22553	22723	171	22517	22777
160856086	1	1170	0.000E+00	11	19964	23678	533	130	0.980	2.505E-32	558	619	787	22781	22966	186	22781	23038
160856086	1	1170	0.000E+00	11	19964	23678	542	136	0.794	2.835E-34	638	719	787	23168	23404	237	23153	23407
160856086	1	1170	0.000E+00	11	19964	23678	547	117	0.778	6.954E-28	715	786	787	23463	23678	216	23454	23678
174757149	1	276	2.964E-72	6	19994	22990	478	138	0.622	8.107E-34	39	148	781	19994	20326	333	19952	20377
174757149	1	276	2.964E-72	6	19994	22990	481	53	0.868	1.614E-06	147	174	781	20387	20470	84	20387	20479
174757149	1	276	2.964E-72	6	19994	22990	517	49	0.393	8.139E-04	354	419	781	21979	22182	204	21904	22185
174757149	1	276	2.964E-72	6	19994	22990	523	81	0.525	3.824E-15	420	497	781	22246	22482	237	22234	22488
174757149	1	276	2.964E-72	6	19994	22990	527	78	0.674	5.305E-14	499	554	781	22553	22720	168	22517	22777
174757149	1	276	2.964E-72	6	19994	22990	533	66	0.564	9.499E-10	571	626	781	22817	22990	174	22781	23038
174783433	1	212	5.467E-53	7	20009	23669	478	137	0.644	1.524E-33	45	149	781	20009	20326	318	19952	20377
174783433	1	212	5.467E-53	7	20009	23669	481	53	0.868	1.614E-06	148	175	781	20387	20470	84	20387	20479
174783433	1	212	5.467E-53	7	20009	23669	514	61	0.369	3.882E-07	271	360	781	21653	21931	279	21560	21964
174783433	1	212	5.467E-53	7	20009	23669	527	81	0.698	4.193E-15	501	556	781	22553	22720	168	22517	22777
174783433	1	212	5.467E-53	7	20009	23669	537	57	0.713	1.579E-07	620	657	781	23047	23160	114	23017	23175
174783433	1	212	5.467E-53	7	20009	23669	542	53	0.442	2.358E-05	658	716	781	23216	23404	189	23153	23407
174783433	1	212	5.467E-53	7	20009	23669	547	61	0.484	2.614E-08	716	779	781	23475	23669	195	23454	23678
182930196	1	1581	0.000E+00	13	19961	23678	478	232	0.837	1.380E-66	23	153	784	19961	20359	399	19952	20377
182930196	1	1581	0.000E+00	13	19961	23678	481	64	1.000	2.949E-10	143	170	784	20387	20470	84	20387	20479
182930196	1	1581	0.000E+00	13	19961	23678	503	76	0.831	2.652E-14	170	212	784	21157	21285	129	21157	21297
182930196	1	1581	0.000E+00	13	19961	23678	507	76	0.951	2.945E-14	213	249	784	21354	21464	111	21342	21488
182930196	1	1581	0.000E+00	13	19961	23678	511	46	1.000	3.896E-03	246	264	784	21525	21581	57	21525	21758
182930196	1	1581	0.000E+00	13	19961	23678	514	154	0.890	1.038E-39	265	346	784	21653	21898	246	21560	21964
182930196	1	1581	0.000E+00	13	19961	23678	517	147	0.942	8.532E-38	345	417	784	21961	22179	219	21904	22185
182930196	1	1581	0.000E+00	13	19961	23678	523	165	0.976	2.621E-44	419	497	784	22246	22482	237	22234	22488
182930196	1	1581	0.000E+00	13	19961	23678	527	123	0.998	1.481E-29	499	555	784	22553	22723	171	22517	22777
182930196	1	1581	0.000E+00	13	19961	23678	533	136	1.000	2.169E-34	555	616	784	22781	22966	186	22781	23038
182930196	1	1581	0.000E+00	13	19961	23678	537	83	1.000	1.630E-16	616	653	784	23047	23160	114	23017	23175
182930196	1	1581	0.000E+00	13	19961	23678	542	133	0.982	3.570E-33	654	716	784	23216	23404	189	23153	23407
182930196	1	1581	0.000E+00	13	19961	23678	547	143	0.932	5.791E-37	712	783	784	23463	23678	216	23454	23678
189502112	1	359	3.064E-97	8	20000	23675	478	149	0.668	1.615E-37	40	149	789	20000	20326	327	19952	20377
189502112	1	359	3.064E-97	8	20000	23675	503	59	0.719	2.347E-08	175	213	789	21157	21273	117	21157	21297
189502112	1	359	3.064E-97	8	20000	23675	507	65	0.886	2.186E-10	217	250	789	21351	21452	102	21342	21488
189502112	1	359	3.064E-97	8	20000	23675	517	59	0.365	2.950E-07	333	424	789	21937	22182	246	21904	22185
189502112	1	359	3.064E-97	8	20000	23675	533	79	0.644	1.956E-14	563	621	789	22787	22966	180	22781	23038
189502112	1	359	3.064E-97	8	20000	23675	537	52	0.655	1.001E-05	621	657	789	23047	23160	114	23017	23175
189502112	1	359	3.064E-97	8	20000	23675	542	61	0.496	4.105E-08	658	720	789	23216	23404	189	23153	23407
189502112	1	359	3.064E-97	8	20000	23675	547	76	0.538	1.079E-13	716	787	789	23463	23675	213	23454	23678
189555289	1	341	8.033E-92	8	20003	23678	478	154	0.700	1.946E-39	45	151	905	20003	20326	324	19952	20377
189555289	1	341	8.033E-92	8	20003	23678	503	61	0.732	9.016E-09	176	214	905	21157	21273	117	21157	21297
189555289	1	341	8.033E-92	8	20003	23678	507	69	0.932	1.244E-11	218	251	905	21351	21452	102	21342	21488
189555289	1	341	8.033E-92	8	20003	23678	517	63	0.526	1.701E-08	365	424	905	22000	22179	180	21904	22185
189555289	1	341	8.033E-92	8	20003	23678	533	77	0.568	9.559E-14	572	636	905	22787	22990	204	22781	23038
189555289	1	341	8.033E-92	8	20003	23678	537	61	0.754	8.950E-09	628	665	905	23047	23160	114	23017	23175
189555289	1	341	8.033E-92	8	20003	23678	542	66	0.544	6.613E-10	666	726	905	23216	23398	183	23153	23407
189555289	1	341	8.033E-92	8	20003	23678	547	76	0.533	2.037E-13	724	795	905	23463	23678	216	23454	23678
218566668	1	159	4.924E-37	7	19979	23657	478	134	0.580	2.608E-32	34	150	790	19979	20326	348	19952	20377
218566668	1	159	4.924E-37	7	19979	23657	481	55	0.899	3.274E-07	149	176	790	20387	20470	84	20387	20479
218566668	1	159	4.924E-37	7	19979	23657	503	51	0.606	1.391E-05	176	213	790	21157	21279	123	21157	21297
218566668	1	159	4.924E-37	7	19979	23657	514	60	0.429	5.308E-07	268	340	790	21653	21877	225	21560	21964
218566668	1	159	4.924E-37	7	19979	23657	517	50	0.322	3.147E-04	328	419	790	21904	22182	279	21904	22185
218566668	1	159	4.924E-37	7	19979	23657	542	56	0.445	2.551E-06	657	722	790	23216	23404	189	23153	23407
218566668	1	159	4.924E-37	7	19979	23657	547	51	0.439	7.473E-05	722	781	790	23475	23657	183	23454	23678
218750404	1	149	5.042E-34	6	19985	23675	478	135	0.599	7.382E-33	27	140	787	19985	20326	342	19952	20377
218750404	1	149	5.042E-34	6	19985	23675	481	53	0.776	1.173E-06	139	170	787	20387	20479	93	20387	20479
218750404	1	149	5.042E-34	6	19985	23675	514	68	0.447	1.008E-09	262	339	787	21653	21895	243	21560	21964
218750404	1	149	5.042E-34	6	19985	23675	523	87	0.563	3.281E-17	420	496	787	22249	22482	234	22234	22488
218750404	1	149	5.042E-34	6	19985	23675	533	69	0.529	7.494E-11	554	619	787	22781	22966	186	22781	23038
218750404	1	149	5.042E-34	6	19985	23675	547	59	0.457	1.764E-07	720	784	787	23475	23675	201	23454	23678
247546083	1	397	1.115E-108	8	21157	23675	503	60	0.728	1.240E-08	135	173	888	21157	21273	117	21157	21297
247546083	1	397	1.115E-108	8	21157	23675	507	69	0.937	9.048E-12	177	210	888	21351	21452	102	21342	21488
247546083	1	397	1.115E-108	8	21157	23675	514	72	0.470	3.188E-11	230	308	888	21653	21895	243	21560	21964
247546083	1	397	1.115E-108	8	21157	23675	523	77	0.501	1.254E-13	386	463	888	22249	22485	237	22234	22488
247546083	1	397	1.115E-108	8	21157	23675	533	79	0.578	2.687E-14	524	589	888	22787	22990	204	22781	23038
247546083	1	397	1.115E-108	8	21157	23675	537	60	0.740	2.329E-08	581	618	888	23047	23160	114	23017	23175
247546083	1	397	1.115E-108	8	21157	23675	542	66	0.530	6.613E-10	619	681	888	23216	23404	189	23153	23407
247546083	1	397	1.115E-108	8	21157	23675	547	74	0.522	9.975E-13	677	748	888	23463	23675	213	23454	23678
248106925	1	1088	1.085E-316	12	20000	23666	478	175	0.781	1.446E-46	96	203	839	20000	20323	324	19952	20377
248106925	1	1088	1.085E-316	12	20000	23666	503	68	0.737	1.540E-11	225	268	839	21157	21288	132	21157	21297
248106925	1	1088	1.085E-316	12	20000	23666	507	68	0.917	3.234E-11	267	300	839	21351	21452	102	21342	21488
248106925	1	1088	1.085E-316	12	20000	23666	511	38	0.896	3.132E+00	301	319	839	21525	21581	57	21525	21758
248106925	1	1088	1.085E-316	12	20000	23666	514	97	0.606	7.776E-20	320	399	839	21653	21892	240	21560	21964
248106925	1	1088	1.085E-316	12	20000	23666	517	73	0.586	3.263E-12	415	476	839	22000	22185	186	21904	22185
248106925	1	1088	1.085E-316	12	20000	23666	523	126	0.778	5.663E-31	477	554	839	22249	22482	234	22234	22488
248106925	1	1088	1.085E-316	12	20000	23666	527	100	0.839	1.415E-21	556	611	839	22553	22720	168	22517	22777
248106925	1	1088	1.085E-316	12	20000	23666	533	112	0.890	7.309E-26	615	673	839	22790	22966	177	22781	23038
248106925	1	1088	1.085E-316	12	20000	23666	537	68	0.834	2.893E-11	673	710	839	23047	23160	114	23017	23175
248106925	1	1088	1.085E-316	12	20000	23666	542	103	0.686	1.019E-22	700	772	839	23204	23401	198	23153	23407
248106925	1	1088	1.085E-316	12	20000	23666	547	92	0.660	4.527E-19	769	836	839	23463	23666	204	23454	23678
284576320	1	410	1.361E-112	8	20003	23675	478	145	0.663	3.793E-36	6	112	780	20003	20326	324	19952	20377
284576320	1	410	1.361E-112	8	20003	23675	503	57	0.709	1.591E-07	138	175	780	21157	21270	114	21157	21297
284576320	1	410	1.361E-112	8	20003	23675	507	69	0.932	1.244E-11	180	213	780	21351	21452	102	21342	21488
284576320	1	410	1.361E-112	8	20003	23675	514	77	0.492	1.005E-12	233	312	780	21653	21895	243	21560	21964
284576320	1	410	1.361E-112	8	20003	23675	523	84	0.530	4.150E-16	387	465	780	22243	22485	243	22234	22488
284576320	1	410	1.361E-112	8	20003	23675	533	86	0.577	6.483E-17	526	600	780	22787	22990	204	22781	23038
284576320	1	410	1.361E-112	8	20003	23675	537	62	0.763	4.731E-09	592	629	780	23047	23160	114	23017	23175
284576320	1	410	1.361E-112	8	20003	23675	547	86	0.603	3.850E-17	708	778	780	23463	23675	213	23454	23678
306097647	1	53	3.995E-05	1	23475	23666	547	53	0.437	1.520E-05	43	105	109	23475	23666	192	23454	23678
306320307	1	118	1.083E-24	2	23282	23594	542	60	0.724	1.064E-07	27	64	159	23282	23398	117	23153	23407
306320307	1	118	1.083E-24	2	23282	23594	547	60	0.657	4.939E-08	62	105	159	23463	23594	132	23454	23678
335014608	1	344	1.004E-92	8	20006	23160	478	144	0.606	5.200E-36	45	163	794	20006	20365	360	19952	20377
335014608	1	344	1.004E-92	8	20006	23160	481	49	0.813	2.858E-05	151	178	794	20387	20470	84	20387	20479
335014608	1	344	1.004E-92	8	20006	23160	503	56	0.626	4.145E-07	178	219	794	21157	21285	129	21157	21297
335014608	1	344	1.004E-92	8	20006	23160	507	57	0.819	2.431E-07	221	252	794	21357	21452	96	21342	21488
335014608	1	344	1.004E-92	8	20006	23160	511	34	0.804	7.576E+01	253	271	794	21525	21581	57	21525	21758
335014608	1	344	1.004E-92	8	20006	23160	514	63	0.418	8.116E-08	272	350	794	21653	21895	243	21560	21964
335014608	1	344	1.004E-92	8	20006	23160	523	83	0.538	5.700E-16	429	506	794	22249	22485	237	22234	22488
335014608	1	344	1.004E-92	8	20006	23160	537	61	0.776	6.507E-09	631	667	794	23050	23160	111	23017	23175
335533173	1	853	5.991E-246	11	20003	23675	478	192	0.847	1.837E-52	32	139	779	20003	20326	324	19952	20377
335533173	1	853	5.991E-246	11	20003	23675	481	55	0.803	2.380E-07	138	169	779	20387	20479	93	20387	20479
335533173	1	853	5.991E-246	11	20003	23675	503	63	0.711	1.332E-09	165	206	779	21157	21282	126	21157	21297
335533173	1	853	5.991E-246	11	20003	23675	507	72	0.977	7.091E-13	207	240	779	21351	21452	102	21342	21488
335533173	1	853	5.991E-246	11	20003	23675	511	36	0.840	2.119E+01	241	259	779	21525	21581	57	21525	21758
335533173	1	853	5.991E-246	11	20003	23675	514	103	0.642	9.412E-22	260	338	779	21653	21889	237	21560	21964
335533173	1	853	5.991E-246	11	20003	23675	527	96	0.803	1.786E-20	494	550	779	22553	22723	171	22517	22777
335533173	1	853	5.991E-246	11	20003	23675	533	115	0.783	7.957E-27	550	619	779	22781	22990	210	22781	23038
335533173	1	853	5.991E-246	11	20003	23675	537	74	0.906	1.778E-13	611	648	779	23047	23160	114	23017	23175
335533173	1	853	5.991E-246	11	20003	23675	542	105	0.795	1.522E-23	649	711	779	23216	23404	189	23153	23407
335533173	1	853	5.991E-246	11	20003	23675	547	97	0.670	5.332E-21	707	777	779	23463	23675	213	23454	23678
364106583	1	316	2.695E-84	7	20003	23678	478	155	0.703	1.035E-39	53	159	898	20003	20326	324	19952	20377
364106583	1	316	2.695E-84	7	20003	23678	503	59	0.645	3.228E-08	185	228	898	21157	21288	132	21157	21297
364106583	1	316	2.695E-84	7	20003	23678	507	66	0.901	8.406E-11	227	260	898	21351	21452	102	21342	21488
364106583	1	316	2.695E-84	7	20003	23678	527	84	0.733	3.316E-16	515	569	898	22556	22720	165	22517	22777
364106583	1	316	2.695E-84	7	20003	23678	533	85	0.539	2.305E-16	572	648	898	22787	23026	240	22781	23038
364106583	1	316	2.695E-84	7	20003	23678	542	78	0.627	4.840E-14	666	726	898	23216	23398	183	23153	23407
364106583	1	316	2.695E-84	7	20003	23678	547	82	0.571	1.265E-15	724	795	898	23463	23678	216	23454	23678
374138689	1	791	2.763E-227	10	20000	23678	478	172	0.764	1.318E-45	31	139	778	20000	20326	327	19952	20377
374138689	1	791	2.763E-227	10	20000	23678	481	53	0.771	1.614E-06	138	169	778	20387	20479	93	20387	20479
374138689	1	791	2.763E-227	10	20000	23678	503	57	0.647	2.189E-07	165	206	778	21157	21282	126	21157	21297
374138689	1	791	2.763E-227	10	20000	23678	517	75	0.424	9.183E-13	319	414	778	21919	22182	264	21904	22185
374138689	1	791	2.763E-227	10	20000	23678	523	105	0.655	1.522E-23	416	494	778	22249	22485	237	22234	22488
374138689	1	791	2.763E-227	10	20000	23678	527	87	0.755	3.602E-17	495	549	778	22553	22717	165	22517	22777
374138689	1	791	2.763E-227	10	20000	23678	533	95	0.767	6.056E-20	554	610	778	22790	22966	177	22781	23038
374138689	1	791	2.763E-227	10	20000	23678	537	66	0.816	1.034E-10	610	647	778	23047	23160	114	23017	23175
374138689	1	791	2.763E-227	10	20000	23678	542	97	0.741	8.622E-21	648	710	778	23216	23404	189	23153	23407
374138689	1	791	2.763E-227	10	20000	23678	547	94	0.643	6.746E-20	706	777	778	23463	23678	216	23454	23678
406922822	1	236	3.259E-60	7	19982	23666	478	139	0.607	4.313E-34	32	145	787	19982	20326	345	19952	20377
406922822	1	236	3.259E-60	7	19982	23666	481	47	0.685	2.678E-04	144	175	787	20387	20479	93	20387	20479
406922822	1	236	3.259E-60	7	19982	23666	517	54	0.423	1.817E-05	352	418	787	21979	22182	204	21904	22185
406922822	1	236	3.259E-60	7	19982	23666	523	85	0.550	2.201E-16	420	496	787	22249	22482	234	22234	22488
406922822	1	236	3.259E-60	7	19982	23666	527	80	0.702	7.908E-15	499	553	787	22556	22720	165	22517	22777
406922822	1	236	3.259E-60	7	19982	23666	537	60	0.745	1.693E-08	618	655	787	23047	23160	114	23017	23175
406922822	1	236	3.259E-60	7	19982	23666	547	63	0.503	5.328E-09	714	776	787	23475	23666	192	23454	23678
407620472	1	234	1.303E-59	7	19982	23666	478	136	0.599	2.864E-33	32	145	787	19982	20326	345	19952	20377
407620472	1	234	1.303E-59	7	19982	23666	481	47	0.685	2.678E-04	144	175	787	20387	20479	93	20387	20479
407620472	1	234	1.303E-59	7	19982	23666	517	57	0.445	1.048E-06	352	418	787	21979	22182	204	21904	22185
407620472	1	234	1.303E-59	7	19982	23666	523	87	0.563	3.281E-17	420	496	787	22249	22482	234	22234	22488
407620472	1	234	1.303E-59	7	19982	23666	527	81	0.712	3.054E-15	499	553	787	22556	22720	165	22517	22777
407620472	1	234	1.303E-59	7	19982	23666	537	57	0.709	2.172E-07	618	655	787	23047	23160	114	23017	23175
407620472	1	234	1.303E-59	7	19982	23666	547	61	0.489	2.614E-08	714	776	787	23475	23666	192	23454	23678
407663112	1	629	1.615E-178	10	20006	23404	478	136	0.631	2.864E-33	175	282	921	20006	20326	321	19952	20377
407663112	1	629	1.615E-178	10	20006	23404	481	47	0.770	2.678E-04	281	308	921	20387	20470	84	20387	20479
407663112	1	629	1.615E-178	10	20006	23404	503	54	0.623	1.486E-06	308	349	921	21157	21282	126	21157	21297
407663112	1	629	1.615E-178	10	20006	23404	507	63	0.851	2.034E-09	350	383	921	21351	21452	102	21342	21488
407663112	1	629	1.615E-178	10	20006	23404	514	64	0.436	1.695E-08	403	480	921	21653	21889	237	21560	21964
407663112	1	629	1.615E-178	10	20006	23404	517	69	0.486	7.768E-11	485	558	921	21973	22185	213	21904	22185
407663112	1	629	1.615E-178	10	20006	23404	523	86	0.527	6.188E-17	554	635	921	22234	22485	252	22234	22488
407663112	1	629	1.615E-178	10	20006	23404	533	74	0.549	1.210E-12	696	762	921	22787	22990	204	22781	23038
407663112	1	629	1.615E-178	10	20006	23404	537	49	0.693	1.776E-04	759	791	921	23062	23160	99	23017	23175
407663112	1	629	1.615E-178	10	20006	23404	542	63	0.509	8.388E-09	792	854	921	23216	23404	189	23153	23407
436511337	1	171	1.202E-40	2	22249	22720	523	86	0.557	8.498E-17	5	81	243	22249	22482	234	22234	22488
436511337	1	171	1.202E-40	2	22249	22720	527	84	0.719	4.554E-16	83	138	243	22553	22720	168	22517	22777
451008425	1	360	1.532E-97	7	20009	23160	478	134	0.631	1.902E-32	37	141	898	20009	20326	318	19952	20377
451008425	1	360	1.532E-97	7	20009	23160	481	49	0.723	2.858E-05	140	171	898	20387	20479	93	20387	20479
451008425	1	360	1.532E-97	7	20009	23160	514	63	0.412	5.934E-08	263	343	898	21653	21901	249	21560	21964
451008425	1	360	1.532E-97	7	20009	23160	517	44	0.361	4.991E-02	348	414	898	21979	22182	204	21904	22185
451008425	1	360	1.532E-97	7	20009	23160	523	88	0.558	1.267E-17	415	493	898	22246	22485	240	22234	22488
451008425	1	360	1.532E-97	7	20009	23160	527	78	0.687	3.863E-14	495	549	898	22556	22720	165	22517	22777
451008425	1	360	1.532E-97	7	20009	23160	537	55	0.682	1.474E-06	614	651	898	23047	23160	114	23017	23175
451082026	1	56	4.994E-06	1	21348	21449	507	56	0.766	4.602E-07	8	41	42	21348	21449	102	21342	21488
451192520	1	160	2.462E-37	4	22553	23666	527	79	0.686	1.491E-14	65	120	357	22553	22720	168	22517	22777
451192520	1	160	2.462E-37	4	22553	23666	533	59	0.442	1.528E-07	127	197	357	22781	22990	210	22781	23038
451192520	1	160	2.462E-37	4	22553	23666	537	55	0.707	7.783E-07	189	225	357	23047	23157	111	23017	23175
451192520	1	160	2.462E-37	4	22553	23666	547	43	0.384	4.382E-02	291	350	357	23484	23666	183	23454	23678
451306843	1	403	1.742E-110	9	19979	23675	478	141	0.613	4.736E-35	53	168	857	19979	20326	348	19952	20377
451306843	1	403	1.742E-110	9	19979	23675	481	40	0.589	8.531E-02	167	198	857	20387	20479	93	20387	20479
451306843	1	403	1.742E-110	9	19979	23675	503	62	0.745	3.464E-09	194	232	857	21157	21273	117	21157	21297
451306843	1	403	1.742E-110	9	19979	23675	507	69	0.937	9.048E-12	236	269	857	21351	21452	102	21342	21488
451306843	1	403	1.742E-110	9	19979	23675	514	82	0.532	1.229E-14	289	366	857	21653	21889	237	21560	21964
451306843	1	403	1.742E-110	9	19979	23675	533	81	0.690	2.916E-15	637	693	857	22820	22990	171	22781	23038
451306843	1	403	1.742E-110	9	19979	23675	537	64	0.789	6.992E-10	685	722	857	23047	23160	114	23017	23175
451306843	1	403	1.742E-110	9	19979	23675	542	76	0.585	1.722E-13	723	787	857	23216	23398	183	23153	23407
451306843	1	403	1.742E-110	9	19979	23675	547	83	0.584	4.880E-16	785	855	857	23463	23675	213	23454	23678
451339223	1	371	7.481E-101	6	19982	22723	478	137	0.600	2.089E-33	38	151	788	19982	20326	345	19952	20377
451339223	1	371	7.481E-101	6	19982	22723	481	58	0.840	2.553E-08	150	181	788	20387	20479	93	20387	20479
451339223	1	371	7.481E-101	6	19982	22723	514	59	0.429	1.854E-06	273	341	788	21653	21871	219	21560	21964
451339223	1	371	7.481E-101	6	19982	22723	517	50	0.400	3.147E-04	357	423	788	21979	22182	204	21904	22185
451339223	1	371	7.481E-101	6	19982	22723	523	90	0.578	3.564E-18	425	501	788	22249	22482	234	22234	22488
451339223	1	371	7.481E-101	6	19982	22723	527	79	0.686	1.491E-14	504	559	788	22556	22723	168	22517	22777
451576855	1	152	6.303E-35	5	20003	23404	478	139	0.640	4.313E-34	37	144	777	20003	20323	321	19952	20377
451576855	1	152	6.303E-35	5	20003	23404	514	68	0.368	1.379E-09	239	341	777	21575	21889	315	21560	21964
451576855	1	152	6.303E-35	5	20003	23404	517	57	0.420	1.439E-06	350	416	777	21964	22182	219	21904	22185
451576855	1	152	6.303E-35	5	20003	23404	533	72	0.459	5.915E-12	555	634	777	22790	23038	249	22781	23038
451576855	1	152	6.303E-35	5	20003	23404	542	63	0.509	8.388E-09	648	710	777	23216	23404	189	23153	23407
451917124	1	426	2.076E-117	6	21916	23678	517	89	0.487	1.018E-17	96	191	556	21916	22179	264	21904	22185
451917124	1	426	2.076E-117	6	21916	23678	527	80	0.702	7.908E-15	272	326	556	22556	22720	165	22517	22777
451917124	1	426	2.076E-117	6	21916	23678	533	108	0.761	1.737E-24	329	396	556	22787	22990	204	22781	23038
451917124	1	426	2.076E-117	6	21916	23678	537	70	0.873	8.097E-12	388	424	556	23047	23157	111	23017	23175
451917124	1	426	2.076E-117	6	21916	23678	542	91	0.699	1.376E-18	426	488	556	23216	23404	189	23153	23407
451917124	1	426	2.076E-117	6	21916	23678	547	76	0.533	2.037E-13	484	555	556	23463	23678	216	23454	23678
 