71169376	1	30998	71169376	1	30998
71169376	1	30998	44523080	1	30998
71169376	1	30998	11495259	1	32408
71169376	1	30998	173247078	1	32408
71169376	1	30998	11615812	1	32408
71169376	1	30998	814503	1	32408
71169376	1	30998	345597674	1	32411
71169376	1	30998	429842881	1	32411
71169376	1	30998	419035837	1	32411
71169376	1	30998	125958365	1	32414
71169376	1	30998	376438938	1	32414
71169376	1	30998	25452475	1	32414
71169376	1	30998	146666491	1	32414
71169376	1	30998	86133174	1	32414
71169376	1	30998	204675398	1	32414
71169376	1	30998	277316031	1	32414
71169376	1	30998	110749836	1	32417
71169376	1	30998	262978209	1	32417
71169376	1	30998	175269862	1	32417
71169376	1	30998	301521033	1	32417
71169376	1	30998	190058680	1	32417
71169376	1	30998	433161716	1	32417
71169376	1	30998	41939094	1	32420
71169376	1	30998	291844180	1	32420
71169376	1	30998	219277933	1	32420
71169376	1	30998	146428266	1	32420
71169376	1	30998	215299871	1	32420
71169376	1	30998	262751232	1	32423
71169376	1	30998	26404998	1	32426
71169376	1	30998	59417542	1	32426
71169376	1	30998	408094546	1	32426
71169376	1	30998	335625766	1	32426
71169376	1	30998	389343085	1	32426
71169376	1	30998	437259672	1	32426
71169376	1	30998	284529395	1	32426
71169376	1	30998	393520587	1	32426
71169376	1	30998	154886210	1	32429
71169376	1	30998	160941671	1	32429
71169376	1	30998	283809192	1	32429
71169376	1	30998	102813522	1	32432
71169376	1	30998	161223520	1	32441
71169376	1	30998	217902737	1	32447
71169376	1	30998	96211628	1	32447
71169376	1	30998	350022923	1	32447
71169376	1	30998	248507110	1	32447
71169376	1	30998	40915017	1	32447
71169376	1	30998	44607701	1	32447
71169376	1	30998	117317744	1	32447
71169376	1	30998	464138073	1	32447
71169376	1	30998	185839735	1	32447
71169376	1	30998	349768580	1	32447
71169376	1	30998	446931174	1	32447
71169376	1	30998	190165278	1	32447
71169376	1	30998	422828818	1	32447
71169376	1	30998	110107348	1	32447
71169376	1	30998	12589935	1	32447
71169376	1	30998	233878075	1	32450
71169376	1	30998	271026679	1	32450
71169376	1	30998	196825567	1	32450
71169376	1	30998	432083736	1	32450
71169376	1	30998	379295593	1	32450
71169376	1	30998	346867586	1	32453
71169376	1	30998	158719711	1	32453
71169376	1	30998	243137883	1	32453
71169376	1	30998	329339499	1	32453
71169376	1	30998	29897084	1	32453
71169376	1	30998	393511661	1	32456
71169376	1	30998	393436810	1	32459
71169376	1	30998	372327557	1	32459
71169376	1	30998	211569051	1	32459
71169376	1	30998	379149491	1	32459
71169376	1	30998	170758207	1	32459
71169376	1	30998	218989252	1	32459
71169376	1	30998	297860172	1	32459
71169376	1	30998	379092125	1	32459
71169376	1	30998	248489829	1	32459
71169376	1	30998	277458959	1	32459
71169376	1	30998	320717494	1	32459
71169376	1	30998	364350523	1	32459
71169376	1	30998	364835864	1	32459
71169376	1	30998	434537148	1	32459
71169376	1	30998	357679773	1	32459
71169376	1	30998	181498483	1	32459
71169376	1	30998	175751982	1	32459
71169376	1	30998	306395326	1	32459
71169376	1	30998	269050372	1	32459
71169376	1	30998	305094012	1	32459
71169376	1	30998	358953151	1	32459
71169376	1	30998	59259095	1	32459
71169376	1	30998	73921311	1	32459
71169376	1	30998	451884236	1	32459
71169376	1	30998	95197381	1	32459
71169376	1	30998	277464801	1	32459
71169376	1	30998	320868770	1	32459
71169376	1	30998	127910834	1	32459
71169376	1	30998	73525107	1	32459
71169376	1	30998	291715629	1	32459
71169376	1	30998	312861901	1	32459
71169376	1	30998	15528407	1	32459
71169376	1	30998	66713494	1	32459
71169376	1	30998	131691091	1	32459
71169376	1	30998	320902837	1	32459
71169376	1	30998	52221304	1	32459
71169376	1	30998	66645586	1	32459
71169376	1	30998	69508731	1	32459
71169376	1	30998	230604526	1	32459
71169376	1	30998	313883703	1	32459
71169376	1	30998	350165193	1	32459
71169376	1	30998	7518131	1	32459
71169376	1	30998	131804129	1	32459
71169376	1	30998	262760170	1	32459
71169376	1	30998	450346315	1	32459
71169376	1	30998	102965324	1	32459
71169376	1	30998	248073821	1	32459
71169376	1	30998	131694156	1	32459
71169376	1	30998	297709018	1	32459
71169376	1	30998	184045062	1	32459
71169376	1	30998	28599483	1	32459
71169376	1	30998	277060939	1	32459
71169376	1	30998	306394615	1	32459
71169376	1	30998	335686442	1	32459
71169376	1	30998	204739946	1	32459
71169376	1	30998	24584006	1	32459
71169376	1	30998	393610195	1	32459
71169376	1	30998	67031015	1	32459
71169376	1	30998	196888916	1	32459
71169376	1	30998	175518411	1	32459
71169376	1	30998	184424336	1	32459
71169376	1	30998	405005918	1	32459
71169376	1	30998	103053811	1	32459
71169376	1	30998	255158596	1	32459
71169376	1	30998	146239320	1	32459
71169376	1	30998	815089	1	32459
71169376	1	30998	88236938	1	32459
71169376	1	30998	241431780	1	32459
71169376	1	30998	320901931	1	32459
71169376	1	30998	417636849	1	32459
71169376	1	30998	11878895	1	32459
71169376	1	30998	59341108	1	32459
71169376	1	30998	190214917	1	32459
71169376	1	30998	146410252	1	32465
71169376	1	30998	210459541	1	32468
71169376	1	30998	56450802	1	32468
71169376	1	30998	461255197	1	32468
71169376	1	30998	283893865	1	32468
71169376	1	30998	37741008	1	32471
71169376	1	30998	57603193	1	32471
71169376	1	30998	73922187	1	32471
71169376	1	30998	65368223	1	32477
71169376	1	30998	291730070	1	32489
71169376	1	30998	117230363	1	32501
71169376	1	30998	59032016	1	32531
71169376	1	30998	64488409	1	32615
71169376	1	30998	257520949	1	32710
71169376	1	30998	204785572	1	32716
71169376	1	30998	262954051	1	32719
71169376	1	30998	408466757	1	32725
71169376	1	30998	452092515	1	32725
71169376	1	30998	24785235	1	32737
71169376	1	30998	452022986	1	32767
71169376	1	30998	288668669	1	32767
71169376	1	30998	277520685	1	32767
71169376	1	30998	460470193	1	32773
71169376	1	30998	291618672	1	32773
71169376	1	30998	320701531	1	32773
71169376	1	30998	415472347	1	32773
71169376	1	30998	30369454	1	32773
71169376	1	30998	277106926	1	32773
71169376	1	30998	15385027	1	32773
71169376	1	30998	59010160	1	32773
71169376	1	30998	226015382	1	32773
71169376	1	30998	447360396	1	32773
71169376	1	30998	146713980	1	32773
71169376	1	30998	102908762	1	32773
71169376	1	30998	451747509	1	32773
71169376	1	30998	73619128	1	32779
449136404	1	36893	449136404	1	36893
449136404	1	36893	146314995	1	36893
449136404	1	36893	341973930	1	36893
449136404	1	36893	73783884	1	36893
449136404	1	36893	50798498	1	36893
449136404	1	36893	117409423	1	36893
449136404	1	36893	53049014	1	36893
449136404	1	36893	44522875	1	36893
449136404	1	36893	227126097	1	36893
449136404	1	36893	364484549	1	36893
449136404	1	36893	189987126	1	36893
449136404	1	36893	59112490	1	36893
449136404	1	36893	227655806	1	36893
449136404	1	36893	1076069	1	36893
449136404	1	36893	6860939	1	36893
449136404	1	36893	408240295	1	36893
449136404	1	36893	41173663	1	36893
449136404	1	36893	255832123	1	36893
449136404	1	36893	451865564	1	36893
449136404	1	36893	126748636	1	36893
449136404	1	36893	350073825	1	36893
449136404	1	36893	421602605	1	36893
449136404	1	36893	84381394	1	36893
449136404	1	36893	40523039	1	36893
449136404	1	36893	225715941	1	36893
449136404	1	36893	73784371	1	36893
449136404	1	36893	262825240	1	36893
449136404	1	36893	437324167	1	36893
449136404	1	36893	335533339	1	36893
449136404	1	36893	393698911	1	36893
449136404	1	36893	240220093	1	36893
449136404	1	36893	131950942	1	36893
449136404	1	36893	44701353	1	36893
449136404	1	36893	109383309	1	36893
449136404	1	36893	59112334	1	36893
449136404	1	36893	450191418	1	36896
449136404	1	36893	15618424	1	36896
449136404	1	36893	335533252	1	36899
449136404	1	36893	458727562	1	36905
449136404	1	36893	217290415	1	36905
449136404	1	36893	350074679	1	36905
449136404	1	36893	313462720	1	36905
449136404	1	36893	201471180	1	36908
449136404	1	36893	255637196	1	36908
449136404	1	36893	306449081	1	36908
449136404	1	36893	55708488	1	36911
449136404	1	36893	212350315	1	36911
449136404	1	36893	364616527	1	36911
449136404	1	36893	216923194	1	36911
449136404	1	36893	233566085	1	36914
449136404	1	36893	306319314	1	36929
449136404	1	36893	146360769	1	36941
449136404	1	36893	378980349	1	36944
449136404	1	36893	320861431	1	36944
449136404	1	36893	73654845	1	36956
449136404	1	36893	13907183	1	36959
449136404	1	36893	146492586	1	37125
449136404	1	36893	298763442	1	37125
449136404	1	36893	437324262	1	37125
449136404	1	36893	199985766	1	37125
449136404	1	36893	357771976	1	37125
449136404	1	36893	335533457	1	37125
449136404	1	36893	303104294	1	37125
449136404	1	36893	364615390	1	37125
449136404	1	36893	364667540	1	37125
449136404	1	36893	175575297	1	37125
449136404	1	36893	59294126	1	37125
449136404	1	36893	59243400	1	37125
449136404	1	36893	379208935	1	37125
449136404	1	36893	219251882	1	37128
449136404	1	36893	345715019	1	37152
449136404	1	36893	291777108	1	37170
449136404	1	36893	161033394	1	37374
449136404	1	36893	219200429	1	37389
449136404	1	36893	190169045	1	37392
449136404	1	36893	1076420	1	38193
449136404	1	36893	204529019	1	38205
449136404	1	36893	272429761	1	38241
449136404	1	36893	30028002	1	38400
449136404	1	36893	260285766	1	38412
449136404	1	36893	363170081	1	38593
449136404	1	36893	59293251	1	38605
449136404	1	36893	161084383	1	38605
449136404	1	36893	404100499	1	38818
449136404	1	36893	219200399	1	38839
449136404	1	36893	161033423	1	38935
449136404	1	36893	277367150	1	38944
449136404	1	36893	190167977	1	39335
449136404	1	36893	146658093	1	39365
449136404	1	36893	44436721	1	39368
449136404	1	36893	49433227	1	39626
375325941	1	40901	375325941	1	40901
375325941	1	40901	170219281	1	40901
375325941	1	40901	1173876	1	40919
375325941	1	40901	320789259	1	40919
375325941	1	40901	59080300	1	42474
375325941	1	40901	195551641	1	42477
375325941	1	40901	146431457	1	42730
375325941	1	40901	364746706	1	42730
117446021	-1	8431	291947964	-1	8413
117446021	-1	8431	306282971	-1	8416
117446021	-1	8431	59076965	-1	8416
117446021	-1	8431	320825247	-1	8416
117446021	-1	8431	407950305	-1	8416
117446021	-1	8431	58952738	-1	8416
117446021	-1	8431	44536043	-1	8416
117446021	-1	8431	248008354	-1	8416
117446021	-1	8431	422569274	-1	8425
117446021	-1	8431	175731211	-1	8425
117446021	-1	8431	190274447	-1	8425
117446021	-1	8431	272668566	-1	8428
117446021	-1	8431	146343143	-1	8428
117446021	-1	8431	190169117	-1	8428
117446021	-1	8431	102718638	-1	8428
117446021	-1	8431	131803218	-1	8428
117446021	-1	8431	88378145	-1	8428
117446021	-1	8431	161160470	-1	8428
117446021	-1	8431	117231567	-1	8428
117446021	-1	8431	117446021	-1	8431
117446021	-1	8431	161072679	-1	8431
117446021	-1	8431	102565476	-1	8434
117446021	-1	8431	88051297	-1	8443
117446021	-1	8431	262862364	-1	8446
117446021	-1	8431	146531316	-1	8446
117446021	-1	8431	277404586	-1	8446
117446021	-1	8431	248007895	-1	8446
117446021	-1	8431	117446454	-1	8446
117446021	-1	8431	277403286	-1	8452
117446021	-1	8431	393738774	-1	8455
117446021	-1	8431	30196534	-1	8455
117446021	-1	8431	88364984	-1	8455
117446021	-1	8431	161073143	-1	8455
117446021	-1	8431	204404824	-1	8455
117446021	-1	8431	102905002	-1	8455
117446021	-1	8431	364655790	-1	8455
117446021	-1	8431	306487853	-1	8455
117446021	-1	8431	59281758	-1	8455
117446021	-1	8431	146530514	-1	8455
117446021	-1	8431	161072855	-1	8455
117446021	-1	8431	233778775	-1	8455
117446021	-1	8431	30199157	-1	8455
117446021	-1	8431	321030669	-1	8455
117446021	-1	8431	15657779	-1	8455
117446021	-1	8431	146528842	-1	8455
117446021	-1	8431	393736053	-1	8455
117446021	-1	8431	30197690	-1	8455
117446021	-1	8431	44738547	-1	8455
117446021	-1	8431	248320114	-1	8455
117446021	-1	8431	393737148	-1	8455
117446021	-1	8431	233780803	-1	8455
117446021	-1	8431	15655640	-1	8455
117446021	-1	8431	73821945	-1	8455
117446021	-1	8431	102906525	-1	8455
117446021	-1	8431	146529411	-1	8455
117446021	-1	8431	437360884	-1	8455
117446021	-1	8431	451904336	-1	8455
117446021	-1	8431	175613801	-1	8455
117446021	-1	8431	277403823	-1	8455
117446021	-1	8431	44738598	-1	8455
117446021	-1	8431	44740246	-1	8455
117446021	-1	8431	73824331	-1	8455
117446021	-1	8431	146531622	-1	8455
117446021	-1	8431	306486787	-1	8455
117446021	-1	8431	379195292	-1	8455
117446021	-1	8431	379196775	-1	8455
117446021	-1	8431	1115106	-1	8455
117446021	-1	8431	262864470	-1	8455
117446021	-1	8431	408279843	-1	8455
117446021	-1	8431	335356421	-1	8455
117446021	-1	8431	131987548	-1	8455
117446021	-1	8431	102906345	-1	8455
117446021	-1	8431	161071334	-1	8455
117446021	-1	8431	306487893	-1	8458
117446021	-1	8431	219237952	-1	8458
117446021	-1	8431	1115802	-1	8458
117446021	-1	8431	335571259	-1	8458
186211594	-1	15971	125785695	-1	15959
186211594	-1	15971	186211594	-1	15971
186211594	-1	15971	127102967	-1	15971
186211594	-1	15971	10105634	-1	15971
186211594	-1	15971	375899003	-1	15971
186211594	-1	15971	298200112	-1	15971
186211594	-1	15971	124496017	-1	15971
186211594	-1	15971	400360338	-1	15977
186211594	-1	15971	393869055	-1	16152
186211594	-1	15971	80913135	-1	16155
186211594	-1	15971	349936301	-1	16158
186211594	-1	15971	57359811	-1	16161
186211594	-1	15971	259238035	-1	16161
186211594	-1	15971	229220271	-1	16161
186211594	-1	15971	81749334	-1	16161
186211594	-1	15971	146344054	-1	16161
186211594	-1	15971	302479395	-1	16329
186211594	-1	15971	374564450	-1	16347
186211594	-1	15971	386402355	-1	16359
186211594	-1	15971	127531909	-1	16359
391650812	-1	27489	29869147	-1	20000
391650812	-1	27489	84530030	-1	20000
391650812	-1	27489	416060452	-1	20000
391650812	-1	27489	257781383	-1	20000
391650812	-1	27489	306586653	-1	20000
391650812	-1	27489	276677665	-1	20000
391650812	-1	27489	407551167	-1	20000
391650812	-1	27489	189477065	-1	20000
391650812	-1	27489	436051336	-1	20000
391650812	-1	27489	305930434	-1	20000
391650812	-1	27489	291601699	-1	20000
391650812	-1	27489	451575052	-1	20000
391650812	-1	27489	335669239	-1	20000
391650812	-1	27489	145660679	-1	20000
391650812	-1	27489	364428234	-1	20000
391650812	-1	27489	362382482	-1	20000
391650812	-1	27489	437543565	-1	20000
391650812	-1	27489	349708029	-1	20000
391650812	-1	27489	407510295	-1	20000
391650812	-1	27489	203966184	-1	20000
391650812	-1	27489	73167987	-1	20000
391650812	-1	27489	58559946	-1	20000
391650812	-1	27489	270371824	-1	20000
391650812	-1	27489	276824222	-1	20000
391650812	-1	27489	146069873	-1	20000
391650812	-1	27489	189605326	-1	20000
391650812	-1	27489	407844335	-1	20000
391650812	-1	27489	422310890	-1	20000
391650812	-1	27489	72981076	-1	20003
391650812	-1	27489	305658652	-1	20003
391650812	-1	27489	58576389	-1	20003
391650812	-1	27489	218331057	-1	20003
391650812	-1	27489	320118937	-1	20003
391650812	-1	27489	436558224	-1	20003
391650812	-1	27489	29776453	-1	20003
391650812	-1	27489	407670644	-1	20003
391650812	-1	27489	160213135	-1	20003
391650812	-1	27489	254900121	-1	20003
391650812	-1	27489	291321523	-1	20003
391650812	-1	27489	29702306	-1	20003
391650812	-1	27489	233120043	-1	20003
391650812	-1	27489	314888522	-1	20003
391650812	-1	27489	174724159	-1	20003
391650812	-1	27489	378711609	-1	20009
391650812	-1	27489	335402870	-1	20237
391650812	-1	27489	29779517	-1	20237
391650812	-1	27489	15229754	-1	20237
391650812	-1	27489	189689966	-1	20237
391650812	-1	27489	391650812	-1	27489
391650812	-1	27489	301576561	-1	27489
391650812	-1	27489	145656192	-1	27489
391650812	-1	27489	8371349	-1	27489
391650812	-1	27489	320569319	-1	27489
391650812	-1	27489	230312778	-1	27489
391650812	-1	27489	378354847	-1	27489
391650812	-1	27489	73888654	-1	27489
391650812	-1	27489	306552061	-1	27489
391650812	-1	27489	161170339	-1	27489
391650812	-1	27489	378867349	-1	27489
391650812	-1	27489	73920739	-1	27489
391650812	-1	27489	103004081	-1	27489
391650812	-1	27489	103004395	-1	27489
391650812	-1	27489	349783853	-1	27489
391650812	-1	27489	393835447	-1	27489
391650812	-1	27489	161170233	-1	27489
391650812	-1	27489	393835834	-1	27489
391650812	-1	27489	204336144	-1	27489
391650812	-1	27489	233878324	-1	27489
391650812	-1	27489	393835740	-1	27489
391650812	-1	27489	218894779	-1	27489
391650812	-1	27489	306144789	-1	27489
391650812	-1	27489	38017401	-1	27489
391650812	-1	27489	613230	-1	27489
391650812	-1	27489	68313418	-1	27489
391650812	-1	27489	72952662	-1	27489
391650812	-1	27489	214534035	-1	27489
391650812	-1	27489	275892364	-1	27489
391650812	-1	27489	363851692	-1	27489
391650812	-1	27489	436470505	-1	27489
391650812	-1	27489	451445978	-1	27489
391650812	-1	27489	117085459	-1	27489
391650812	-1	27489	393380609	-1	27489
391650812	-1	27489	87638501	-1	27489
391650812	-1	27489	102211118	-1	27489
391650812	-1	27489	262175589	-1	27489
391650812	-1	27489	291121672	-1	27489
391650812	-1	27489	407480346	-1	27489
391650812	-1	27489	146025315	-1	27489
391650812	-1	27489	276803390	-1	27489
391650812	-1	27489	379376633	-1	27489
391650812	-1	27489	403616787	-1	27489
391650812	-1	27489	145972856	-1	27489
391650812	-1	27489	291332362	-1	27489
391650812	-1	27489	451194386	-1	27489
391650812	-1	27489	115019434	-1	27489
391650812	-1	27489	218383584	-1	27489
391650812	-1	27489	262098310	-1	27489
391650812	-1	27489	364049670	-1	27489
391650812	-1	27489	116787540	-1	27489
391650812	-1	27489	116624233	-1	27489
391650812	-1	27489	233033128	-1	27489
391650812	-1	27489	400363080	-1	27489
391650812	-1	27489	29514432	-1	27489
391650812	-1	27489	58621586	-1	27489
117413651	-1	27492	407957778	-1	27489
117413651	-1	27492	73732358	-1	27489
117413651	-1	27492	116762099	-1	27489
117413651	-1	27492	117413651	-1	27492
117413651	-1	27492	451869999	-1	27492
391650812	-1	27489	96411637	-1	27492
391650812	-1	27489	430443642	-1	27492
391650812	-1	27489	400960745	-1	27492
391650812	-1	27489	330936163	-1	27492
391650812	-1	27489	247698582	-1	27492
391650812	-1	27489	214044593	-1	27492
391650812	-1	27489	364351706	-1	27492
391650812	-1	27489	820082	-1	27492
391650812	-1	27489	44447300	-1	27492
391650812	-1	27489	59100552	-1	27492
391650812	-1	27489	262685527	-1	27492
391650812	-1	27489	393556926	-1	27492
391650812	-1	27489	233457356	-1	27492
391650812	-1	27489	233600686	-1	27492
391650812	-1	27489	29868534	-1	27492
391650812	-1	27489	131082726	-1	27492
391650812	-1	27489	334694323	-1	27492
391650812	-1	27489	87681829	-1	27492
391650812	-1	27489	306048265	-1	27492
391650812	-1	27489	436769733	-1	27492
391650812	-1	27489	44364242	-1	27492
391650812	-1	27489	15179856	-1	27492
391650812	-1	27489	320489279	-1	27492
391650812	-1	27489	196048959	-1	27492
391650812	-1	27489	28901769	-1	27492
391650812	-1	27489	440521747	-1	27492
391650812	-1	27489	364114483	-1	27492
391650812	-1	27489	204154750	-1	27492
391650812	-1	27489	305871205	-1	27492
391650812	-1	27489	202802534	-1	27492
391650812	-1	27489	391067788	-1	27492
391650812	-1	27489	12935278	-1	27492
391650812	-1	27489	40688919	-1	27492
391650812	-1	27489	65271731	-1	27492
391650812	-1	27489	256598776	-1	27492
391650812	-1	27489	297784725	-1	27492
391650812	-1	27489	345985433	-1	27492
391650812	-1	27489	704314	-1	27492
391650812	-1	27489	171449091	-1	27492
391650812	-1	27489	276733588	-1	27492
391650812	-1	27489	407412540	-1	27492
391650812	-1	27489	29400140	-1	27492
391650812	-1	27489	422242881	-1	27492
391650812	-1	27489	422395823	-1	27492
391650812	-1	27489	291412016	-1	27492
391650812	-1	27489	58383190	-1	27492
391650812	-1	27489	87681747	-1	27492
391650812	-1	27489	363969132	-1	27492
391650812	-1	27489	189471315	-1	27492
391650812	-1	27489	72921382	-1	27492
391650812	-1	27489	451262557	-1	27492
391650812	-1	27489	102344825	-1	27492
391650812	-1	27489	43839540	-1	27492
391650812	-1	27489	189471204	-1	27492
391650812	-1	27489	407597886	-1	27492
391650812	-1	27489	145712688	-1	27492
391650812	-1	27489	451218298	-1	27492
391650812	-1	27489	378578772	-1	27492
391650812	-1	27489	451328049	-1	27492
117413651	-1	27492	315911244	-1	27492
117413651	-1	27492	204641094	-1	27492
391650812	-1	27489	189307308	-1	27725
391650812	-1	27489	116769187	-1	27881
391650812	-1	27489	204660705	-1	27881
391650812	-1	27489	321128310	-1	27881
391650812	-1	27489	364439326	-1	27887
391650812	-1	27489	272315848	-1	27887
391650812	-1	27489	898178	-1	27887
391650812	-1	27489	363988550	-1	27887
391650812	-1	27489	334812940	-1	27887
391650812	-1	27489	73229281	-1	27887
391650812	-1	27489	58475746	-1	27887
391650812	-1	27489	58505298	-1	27887
391650812	-1	27489	335344175	-1	27887
391650812	-1	27489	978094	-1	27887
391650812	-1	27489	59144215	-1	27887
391650812	-1	27489	174839058	-1	27887
391650812	-1	27489	73733851	-1	27887
391650812	-1	27489	174811837	-1	27887
391650812	-1	27489	190019102	-1	27887
391650812	-1	27489	350022308	-1	27887
391650812	-1	27489	408143015	-1	27887
391650812	-1	27489	73461784	-1	27887
391650812	-1	27489	73685808	-1	27887
391650812	-1	27489	131763455	-1	27887
391650812	-1	27489	334879219	-1	27887
391650812	-1	27489	117110913	-1	27887
391650812	-1	27489	218852919	-1	27887
391650812	-1	27489	58586510	-1	27887
391650812	-1	27489	174832030	-1	27887
391650812	-1	27489	262667985	-1	27887
391650812	-1	27489	364033396	-1	27887
391650812	-1	27489	393116632	-1	27887
391650812	-1	27489	1213590	-1	27887
391650812	-1	27489	43839754	-1	27887
391650812	-1	27489	349389368	-1	27887
391650812	-1	27489	451378275	-1	27887
391650812	-1	27489	422329790	-1	27887
391650812	-1	27489	131367557	-1	27890
391650812	-1	27489	305998288	-1	27890
 