24042873	1	2340	24042873	1	2340
24042873	1	2340	246572447	1	2340
24042873	1	2340	15407832	1	2527
24042873	1	2340	355415189	1	2530
24042873	1	2340	428535267	1	2533
24042873	1	2340	258956481	1	2533
24042873	1	2340	146312434	1	2548
24042873	1	2340	175437157	1	2548
24042873	1	2340	219144709	1	2548
24042873	1	2340	73937794	1	2611
24042873	1	2340	436854306	1	2626
24042873	1	2340	204777809	1	2632
24042873	1	2340	85401719	1	2644
24042873	1	2340	384710712	1	2644
24042873	1	2340	439169006	1	2644
24042873	1	2340	247574477	1	2647
24042873	1	2340	407679968	1	2647
24042873	1	2340	276851303	1	2647
24042873	1	2340	421968778	1	2647
24042873	1	2340	44306539	1	2647
24042873	1	2340	332549517	1	2647
24042873	1	2340	365231887	1	2650
24042873	1	2340	409030309	1	2656
24042873	1	2340	355627706	1	2659
24042873	1	2340	45648647	1	2659
24042873	1	2340	316916044	1	2659
24042873	1	2340	132038752	1	2662
24042873	1	2340	460794341	1	2662
24042873	1	2340	311992681	1	2662
24042873	1	2340	93683527	1	2662
24042873	1	2340	262868001	1	2668
24042873	1	2340	167879722	1	2668
24042873	1	2340	15697109	1	2671
24042873	1	2340	360412742	1	2671
24042873	1	2340	100264389	1	2671
24042873	1	2340	253626143	1	2674
24042873	1	2340	88108852	1	2674
24042873	1	2340	277882172	1	2674
24042873	1	2340	161549626	1	2674
24042873	1	2340	117797820	1	2674
24042873	1	2340	30549535	1	2674
24042873	1	2340	118052252	1	2674
24042873	1	2340	277755215	1	2674
24042873	1	2340	321691083	1	2674
24042873	1	2340	16007700	1	2674
24042873	1	2340	140958105	1	2674
24042873	1	2340	205302370	1	2674
24042873	1	2340	234146223	1	2674
24042873	1	2340	89212122	1	2674
24042873	1	2340	195408279	1	2677
24042873	1	2340	326405843	1	2677
24042873	1	2340	369907450	1	2677
24042873	1	2340	144861633	1	2677
24042873	1	2340	356403565	1	2677
24042873	1	2340	259128351	1	2677
24042873	1	2340	259927921	1	2677
24042873	1	2340	286993342	1	2677
24042873	1	2340	273744509	1	2677
24042873	1	2340	118397894	1	2677
24042873	1	2340	181248705	1	2680
24042873	1	2340	248928311	1	2680
24042873	1	2340	437715172	1	2680
24042873	1	2340	1963307	1	2680
24042873	1	2340	176079702	1	2680
24042873	1	2340	219705655	1	2680
24042873	1	2340	449505738	1	2683
24042873	1	2340	103567296	1	2683
24042873	1	2340	370288194	1	2686
24042873	1	2340	297580535	1	2686
24042873	1	2340	35822695	1	2686
24042873	1	2340	23090307	1	2686
24042873	1	2340	332310154	1	2686
24042873	1	2340	370190772	1	2686
24042873	1	2340	310852042	1	2686
24042873	1	2340	340882547	1	2689
24042873	1	2340	270411886	1	2689
24042873	1	2340	11208806	1	2689
24042873	1	2340	30206237	1	2689
24042873	1	2340	240645872	1	2689
24042873	1	2340	464320706	1	2689
24042873	1	2340	1051057	1	2689
24042873	1	2340	311794261	1	2692
24042873	1	2340	21226003	1	2692
24042873	1	2340	125212770	1	2692
24042873	1	2340	29925302	1	2692
24042873	1	2340	291684069	1	2692
24042873	1	2340	277134776	1	2692
24042873	1	2340	435812827	1	2692
24042873	1	2340	413596016	1	2692
24042873	1	2340	6654491	1	2695
24042873	1	2340	21031052	1	2695
24042873	1	2340	93740461	1	2695
24042873	1	2340	137365928	1	2695
24042873	1	2340	166619554	1	2695
24042873	1	2340	417153567	1	2695
24042873	1	2340	141834638	1	2695
24042873	1	2340	246657294	1	2695
24042873	1	2340	399295666	1	2695
24042873	1	2340	153215662	1	2695
24042873	1	2340	363337349	1	2695
24042873	1	2340	129743321	1	2695
24042873	1	2340	313086294	1	2695
24042873	1	2340	285705674	1	2695
24042873	1	2340	27140549	1	2695
24042873	1	2340	99163835	1	2695
24042873	1	2340	401753568	1	2695
24042873	1	2340	197573429	1	2695
24042873	1	2340	173945809	1	2695
24042873	1	2340	369973742	1	2695
24042873	1	2340	463737270	1	2695
24042873	1	2340	59025006	1	2695
24042873	1	2340	224491174	1	2695
24042873	1	2340	74603586	1	2698
24042873	1	2340	423664877	1	2698
24042873	1	2340	321390466	1	2698
24042873	1	2340	277853415	1	2698
24042873	1	2340	320137682	1	2698
24042873	1	2340	103729122	1	2710
24042873	1	2340	266009750	1	2710
24042873	1	2340	344605040	1	2710
24042873	1	2340	452595867	1	2710
24042873	1	2340	45483786	1	2710
24042873	1	2340	215835544	1	2710
24042873	1	2340	45084857	1	2710
24042873	1	2340	335948542	1	2710
24042873	1	2340	225636185	1	2710
24042873	1	2340	38080461	1	2710
24042873	1	2340	379595287	1	2710
24042873	1	2340	161614026	1	2710
24042873	1	2340	132499805	1	2710
24042873	1	2340	408681449	1	2716
24042873	1	2340	167274902	1	2719
24042873	1	2340	270870125	1	2719
24042873	1	2340	120138186	1	2719
24042873	1	2340	291850228	1	2731
24042873	1	2340	404970731	1	2770
24042873	1	2340	22280072	1	2785
419941384	1	12746	419941384	1	12746
419941384	1	12746	334049347	1	12746
419941384	1	12746	117232168	1	13234
348401258	1	19248	11142989	1	19245
348401258	1	19248	117457407	1	19248
348401258	1	19248	348401258	1	19248
348401258	1	19248	291610786	1	19248
348401258	1	19248	175278865	1	19248
348401258	1	19248	437196049	1	19248
348401258	1	19248	334434260	1	19254
348401258	1	19248	71928502	1	19254
348401258	1	19248	227894257	1	19254
348401258	1	19248	15766299	1	19254
348401258	1	19248	233571354	1	19254
348401258	1	19248	433589045	1	19260
348401258	1	19248	379015393	1	19263
348401258	1	19248	349823474	1	19263
348401258	1	19248	393448084	1	19263
348401258	1	19248	422643207	1	19263
348401258	1	19248	233629234	1	19263
348401258	1	19248	15319926	1	19263
348401258	1	19248	30048681	1	19263
348401258	1	19248	314762870	1	19269
348401258	1	19248	329782281	1	19269
348401258	1	19248	379019166	1	19272
348401258	1	19248	248170537	1	19275
348401258	1	19248	58971231	1	19275
348401258	1	19248	372666863	1	19275
348401258	1	19248	175434039	1	19275
348401258	1	19248	379045948	1	19275
348401258	1	19248	335277739	1	19281
348401258	1	19248	277412077	1	19281
348401258	1	19248	234642497	1	19302
348401258	1	19248	189846311	1	19305
348401258	1	19248	131678806	1	19305
348401258	1	19248	146475064	1	19305
348401258	1	19248	233720697	1	19305
348401258	1	19248	936173	1	19311
348401258	1	19248	277224137	1	19320
348401258	1	19248	292094855	1	19329
348401258	1	19248	263350785	1	19329
348401258	1	19248	248809207	1	19338
183124229	1	19820	131652741	1	19607
183124229	1	19820	146352790	1	19607
183124229	1	19820	131639499	1	19613
183124229	1	19820	407988056	1	19619
183124229	1	19820	437059660	1	19622
183124229	1	19820	437324407	1	19625
183124229	1	19820	189895687	1	19625
183124229	1	19820	437487410	1	19625
183124229	1	19820	146469128	1	19631
183124229	1	19820	117127374	1	19631
183124229	1	19820	218915505	1	19631
183124229	1	19820	335429343	1	19631
183124229	1	19820	408098921	1	19634
183124229	1	19820	379311058	1	19634
183124229	1	19820	422680277	1	19634
183124229	1	19820	117239531	1	19640
183124229	1	19820	364361421	1	19640
183124229	1	19820	408096103	1	19640
183124229	1	19820	320735390	1	19640
183124229	1	19820	378893520	1	19640
183124229	1	19820	184926251	1	19640
183124229	1	19820	420705775	1	19640
183124229	1	19820	30049550	1	19640
183124229	1	19820	131839113	1	19640
183124229	1	19820	379044179	1	19640
183124229	1	19820	248172776	1	19640
183124229	1	19820	407980946	1	19640
183124229	1	19820	44559725	1	19640
183124229	1	19820	59100105	1	19640
183124229	1	19820	349930739	1	19640
183124229	1	19820	73673673	1	19640
183124229	1	19820	393587117	1	19640
183124229	1	19820	204360678	1	19640
183124229	1	19820	102755622	1	19640
183124229	1	19820	190096110	1	19640
183124229	1	19820	204761062	1	19640
183124229	1	19820	233847187	1	19640
183124229	1	19820	393589421	1	19640
183124229	1	19820	117136877	1	19640
183124229	1	19820	73520879	1	19640
183124229	1	19820	335419798	1	19658
183124229	1	19820	306428346	1	19667
183124229	1	19820	306153569	1	19667
183124229	1	19820	73641242	1	19685
183124229	1	19820	146382187	1	19694
183124229	1	19820	291798260	1	19694
183124229	1	19820	131811902	1	19718
183124229	1	19820	146473942	1	19754
183124229	1	19820	183124229	1	19820
160857451	1	20095	704314	1	20095
160857451	1	20095	430443642	1	20095
160857451	1	20095	87681829	1	20095
160857451	1	20095	436769733	1	20095
160857451	1	20095	145874576	1	20095
160857451	1	20095	334694323	1	20095
160857451	1	20095	73339029	1	20095
160857451	1	20095	291321523	1	20095
160857451	1	20095	29779517	1	20095
160857451	1	20095	15229754	1	20095
160857451	1	20095	451233946	1	20095
160857451	1	20095	262194244	1	20095
160857451	1	20095	29400140	1	20095
160857451	1	20095	291180144	1	20095
160857451	1	20095	160857451	1	20095
160857451	1	20095	301576561	1	20095
160857451	1	20095	335402870	1	20095
160857451	1	20095	270371824	1	20095
160857451	1	20095	407664876	1	20095
160857451	1	20095	291571639	1	20095
160857451	1	20095	407602232	1	20095
160857451	1	20095	276851491	1	20095
160857451	1	20095	58377414	1	20095
160857451	1	20095	155486585	1	20095
160857451	1	20095	233033128	1	20095
160857451	1	20095	276803390	1	20095
160857451	1	20095	73145220	1	20095
160857451	1	20095	305377762	1	20095
160857451	1	20095	413980737	1	20095
160857451	1	20095	15286918	1	20095
160857451	1	20095	110991163	1	20095
160857451	1	20095	102472171	1	20095
160857451	1	20095	370354440	1	20095
160857451	1	20095	145972856	1	20095
160857451	1	20095	403616787	1	20095
160857451	1	20095	233131961	1	20095
160857451	1	20095	174839058	1	20095
160857451	1	20095	349389368	1	20095
160857451	1	20095	87513701	1	20095
160857451	1	20095	349748152	1	20095
160857451	1	20095	334879219	1	20095
160857451	1	20095	363988550	1	20095
160857451	1	20095	73229281	1	20095
160857451	1	20095	306048265	1	20098
160857451	1	20095	305871205	1	20098
160857451	1	20095	131082726	1	20098
160857451	1	20095	391067788	1	20098
160857451	1	20095	202802534	1	20098
160857451	1	20095	297784725	1	20098
160857451	1	20095	12935278	1	20098
160857451	1	20095	40688919	1	20098
160857451	1	20095	65271731	1	20098
160857451	1	20095	204154750	1	20098
160857451	1	20095	256598776	1	20098
160857451	1	20095	345985433	1	20098
160857451	1	20095	171449091	1	20098
160857451	1	20095	203866226	1	20098
160857451	1	20095	58576389	1	20098
160857451	1	20095	218331057	1	20098
160857451	1	20095	145712688	1	20098
160857451	1	20095	189471204	1	20098
160857451	1	20095	407597886	1	20098
160857451	1	20095	247634880	1	20098
160857451	1	20095	29513841	1	20098
160857451	1	20095	363969132	1	20098
160857451	1	20095	58383190	1	20098
160857451	1	20095	87681747	1	20098
160857451	1	20095	232912095	1	20098
160857451	1	20095	72924744	1	20098
160857451	1	20095	189471315	1	20098
160857451	1	20095	72921382	1	20098
160857451	1	20095	378354847	1	20098
160857451	1	20095	230312778	1	20098
160857451	1	20095	102493970	1	20098
160857451	1	20095	305658652	1	20098
160857451	1	20095	362382482	1	20098
160857451	1	20095	29702306	1	20098
160857451	1	20095	189270224	1	20098
160857451	1	20095	392906310	1	20098
160857451	1	20095	407551167	1	20098
160857451	1	20095	234171	1	20098
160857451	1	20095	247684532	1	20098
160857451	1	20095	364114483	1	20098
160857451	1	20095	291332362	1	20098
160857451	1	20095	131428678	1	20098
160857451	1	20095	451161919	1	20098
160857451	1	20095	29514432	1	20098
160857451	1	20095	393055783	1	20098
160857451	1	20095	28901769	1	20098
160857451	1	20095	440521747	1	20098
160857451	1	20095	214044593	1	20098
160857451	1	20095	174931654	1	20098
160857451	1	20095	14974140	1	20098
160857451	1	20095	276587044	1	20098
160857451	1	20095	262321367	1	20098
160857451	1	20095	457876	1	20098
160857451	1	20095	87993039	1	20098
160857451	1	20095	349708029	1	20098
160857451	1	20095	262281244	1	20098
160857451	1	20095	436499283	1	20098
160857451	1	20095	203966184	1	20098
160857451	1	20095	73167987	1	20098
160857451	1	20095	451492189	1	20098
160857451	1	20095	305951121	1	20098
160857451	1	20095	204014166	1	20098
160857451	1	20095	334812940	1	20098
160857451	1	20095	58505298	1	20098
160857451	1	20095	58586510	1	20098
160857451	1	20095	218852919	1	20098
160857451	1	20095	232881884	1	20279
160857451	1	20095	391650812	1	20279
160857451	1	20095	174724159	1	20279
160857451	1	20095	189307308	1	20279
160857451	1	20095	393439517	1	20279
160857451	1	20095	222085	1	20282
160857451	1	20095	305626437	1	20282
160857451	1	20095	196048959	1	20282
160857451	1	20095	501168	1	20282
160857451	1	20095	451248408	1	20282
160857451	1	20095	334839321	1	20282
160857451	1	20095	320489279	1	20282
160857451	1	20095	44364242	1	20282
160857451	1	20095	320118937	1	20282
160857451	1	20095	363810379	1	20282
160857451	1	20095	436854187	1	20282
160857451	1	20095	407670644	1	20282
160857451	1	20095	131245773	1	20282
160857451	1	20095	131409241	1	20282
160857451	1	20095	430921338	1	20282
160857451	1	20095	96411637	1	20282
160857451	1	20095	349557821	1	20282
160857451	1	20095	175106305	1	20282
160857451	1	20095	291298428	1	20282
160857451	1	20095	37101944	1	20282
160857451	1	20095	102357855	1	20282
160857451	1	20095	160693978	1	20282
160857451	1	20095	392849055	1	20282
160857451	1	20095	436915333	1	20282
160857451	1	20095	407816908	1	20282
160857451	1	20095	451055598	1	20282
160857451	1	20095	145660679	1	20282
160857451	1	20095	379376633	1	20282
160857451	1	20095	233408329	1	20282
160857451	1	20095	276551495	1	20282
160857451	1	20095	218383584	1	20282
160857451	1	20095	407412540	1	20282
160857451	1	20095	437543565	1	20282
160857451	1	20095	276824222	1	20282
160857451	1	20095	257781383	1	20282
160857451	1	20095	363906908	1	20282
160857451	1	20095	416060452	1	20282
160857451	1	20095	84530030	1	20282
160857451	1	20095	283356773	1	20282
160857451	1	20095	363851692	1	20282
160857451	1	20095	306144789	1	20282
160857451	1	20095	29868534	1	20282
160857451	1	20095	103004395	1	20282
160857451	1	20095	407765860	1	20282
160857451	1	20095	103004081	1	20282
160857451	1	20095	436051336	1	20282
160857451	1	20095	451603911	1	20282
160857451	1	20095	58475746	1	20282
160857451	1	20095	174811837	1	20282
160857451	1	20095	436494713	1	20282
160857451	1	20095	102036600	1	20282
160857451	1	20095	233193979	1	20282
255753510	1	24340	255753510	1	24340
255753510	1	24340	184787864	1	24340
255753510	1	24340	44523655	1	24340
255753510	1	24340	15490752	1	24379
255753510	1	24340	277519781	1	24385
255753510	1	24340	349818720	1	24394
255753510	1	24340	364345086	1	24394
255753510	1	24340	408344357	1	24463
255753510	1	24340	314988269	1	24673
255753510	1	24340	88136013	1	24673
255753510	1	24340	408050029	1	24673
255753510	1	24340	451671604	1	24673
255753510	1	24340	29968599	1	24673
255753510	1	24340	335511359	1	24679
255753510	1	24340	306194957	1	24685
255753510	1	24340	161014675	1	24691
255753510	1	24340	146472641	1	24691
255753510	1	24340	30350091	1	24694
255753510	1	24340	15598130	1	24694
255753510	1	24340	204639154	1	24694
255753510	1	24340	320971490	1	24697
255753510	1	24340	30136540	1	24697
255753510	1	24340	146219985	1	24697
255753510	1	24340	408097565	1	24697
255753510	1	24340	277254193	1	24697
255753510	1	24340	189972821	1	24697
255753510	1	24340	15347895	1	24697
255753510	1	24340	146469383	1	24697
255753510	1	24340	30016459	1	24697
255753510	1	24340	378981378	1	24700
255753510	1	24340	408113571	1	24700
255753510	1	24340	29941345	1	24700
255753510	1	24340	204545098	1	24700
255753510	1	24340	378900377	1	24700
255753510	1	24340	821816	1	24700
255753510	1	24340	117111370	1	24700
255753510	1	24340	349929808	1	24700
255753510	1	24340	437304403	1	24700
255753510	1	24340	378848779	1	24700
255753510	1	24340	44453578	1	24700
255753510	1	24340	276775801	1	24706
255753510	1	24340	335389778	1	24706
255753510	1	24340	306279768	1	24733
255753510	1	24340	379014987	1	24733
255753510	1	24340	320864925	1	24778
255753510	1	24340	320727767	1	24778
255753510	1	24340	187589194	1	24913
255753510	1	24340	356144192	1	24913
255753510	1	24340	102738008	1	24916
255753510	1	24340	5068605	1	24916
255753510	1	24340	326008209	1	24916
255753510	1	24340	397695124	1	24922
255753510	1	24340	335532761	1	24928
255753510	1	24340	102689627	1	24928
255753510	1	24340	437194268	1	24934
255753510	1	24340	308322537	1	24937
255753510	1	24340	121411162	1	24937
255753510	1	24340	150795930	1	24937
255753510	1	24340	34153368	1	24937
255753510	1	24340	179567099	1	24937
255753510	1	24340	339529403	1	24937
255753510	1	24340	368802681	1	24937
255753510	1	24340	77776004	1	24940
255753510	1	24340	106869883	1	24940
255753510	1	24340	189939284	1	24946
255753510	1	24340	219200564	1	24946
255753510	1	24340	414406625	1	24946
255753510	1	24340	255600034	1	24946
255753510	1	24340	55750637	1	24946
255753510	1	24340	244149897	1	24946
255753510	1	24340	24228834	1	24946
255753510	1	24340	363447646	1	24946
255753510	1	24340	307998994	1	24952
255753510	1	24340	410461968	1	24952
255753510	1	24340	322017889	1	24952
255753510	1	24340	462338864	1	24952
255753510	1	24340	264512593	1	24952
255753510	1	24340	238596064	1	24952
255753510	1	24340	332394898	1	24961
255753510	1	24340	324968026	1	24964
255753510	1	24340	33465755	1	25081
255753510	1	24340	117278586	1	25099
255753510	1	24340	20654815	1	25361
255753510	1	24340	448128290	1	25566
255753510	1	24340	321589840	1	25611
255753510	1	24340	136817995	1	25659
422496768	1	29471	102766208	1	29450
422496768	1	29471	102765925	1	29450
422496768	1	29471	422496768	1	29471
422496768	1	29471	102646788	1	29471
422496768	1	29471	102651829	1	29471
422496768	1	29471	190253265	1	29471
422496768	1	29471	29940177	1	29480
422496768	1	29471	248065994	1	29480
422496768	1	29471	161170979	1	29480
422496768	1	29471	88106180	1	29480
422496768	1	29471	102648290	1	29480
422496768	1	29471	219336807	1	29480
422496768	1	29471	335249024	1	29480
422496768	1	29471	451646379	1	29480
422496768	1	29471	277502778	1	29480
422496768	1	29471	301916508	1	29501
422496768	1	29471	248064813	1	29504
422496768	1	29471	29940035	1	29504
359376108	1	42683	359376108	1	42683
359376108	1	42683	67932074	1	42683
359376108	1	42683	146593045	1	43428
422496768	-1	29059	102766208	-1	29053
422496768	-1	29059	102765925	-1	29053
422496768	-1	29059	422496768	-1	29059
422496768	-1	29059	102646788	-1	29059
422496768	-1	29059	102651829	-1	29059
422496768	-1	29059	190253265	-1	29080
422496768	-1	29059	29940177	-1	29080
422496768	-1	29059	161170979	-1	29080
422496768	-1	29059	88106180	-1	29080
422496768	-1	29059	102648290	-1	29080
422496768	-1	29059	335249024	-1	29080
422496768	-1	29059	451646379	-1	29080
422496768	-1	29059	248065994	-1	29080
422496768	-1	29059	277502778	-1	29080
422496768	-1	29059	219336807	-1	29080
422496768	-1	29059	301916508	-1	29080
422496768	-1	29059	248064813	-1	29080
422496768	-1	29059	29940035	-1	29080
71284213	-1	35126	161084232	-1	35108
71284213	-1	35126	219981043	-1	35111
71284213	-1	35126	394204104	-1	35117
71284213	-1	35126	103372262	-1	35117
71284213	-1	35126	321723720	-1	35120
71284213	-1	35126	365143871	-1	35123
71284213	-1	35126	394228025	-1	35123
71284213	-1	35126	336060680	-1	35123
71284213	-1	35126	408769279	-1	35123
71284213	-1	35126	365144225	-1	35123
71284213	-1	35126	263353749	-1	35123
71284213	-1	35126	71284213	-1	35126
71284213	-1	35126	218429980	-1	35126
71284213	-1	35126	359482650	-1	35126
71284213	-1	35126	160501551	-1	35126
71284213	-1	35126	373591708	-1	35126
71284213	-1	35126	160501025	-1	35126
71284213	-1	35126	349300827	-1	35126
71284213	-1	35126	393168684	-1	35126
71284213	-1	35126	175198533	-1	35126
71284213	-1	35126	451865216	-1	35129
71284213	-1	35126	123743352	-1	35129
71284213	-1	35126	291241816	-1	35138
71284213	-1	35126	408774	-1	35138
71284213	-1	35126	154183829	-1	35138
71284213	-1	35126	373326113	-1	35138
71284213	-1	35126	181349276	-1	35138
71284213	-1	35126	99892218	-1	35138
71284213	-1	35126	230690938	-1	35138
71284213	-1	35126	278159606	-1	35138
71284213	-1	35126	349696310	-1	35141
71284213	-1	35126	176238835	-1	35141
71284213	-1	35126	73248250	-1	35141
71284213	-1	35126	204482531	-1	35141
71284213	-1	35126	58507140	-1	35141
71284213	-1	35126	74312719	-1	35144
71284213	-1	35126	1605392	-1	35144
71284213	-1	35126	422605637	-1	35147
71284213	-1	35126	379209348	-1	35147
71284213	-1	35126	262875640	-1	35147
71284213	-1	35126	291908317	-1	35147
71284213	-1	35126	218998833	-1	35147
71284213	-1	35126	361585841	-1	35147
71284213	-1	35126	73037015	-1	35147
71284213	-1	35126	277188438	-1	35147
71284213	-1	35126	335356532	-1	35147
71284213	-1	35126	436597192	-1	35147
71284213	-1	35126	116839178	-1	35147
71284213	-1	35126	335583204	-1	35147
71284213	-1	35126	408938737	-1	35147
71284213	-1	35126	306449574	-1	35150
71284213	-1	35126	131108904	-1	35150
71284213	-1	35126	350074648	-1	35150
71284213	-1	35126	88326282	-1	35150
71284213	-1	35126	14848833	-1	35150
71284213	-1	35126	306997147	-1	35150
71284213	-1	35126	102690304	-1	35150
71284213	-1	35126	15440112	-1	35150
71284213	-1	35126	88149724	-1	35150
71284213	-1	35126	234150746	-1	35150
71284213	-1	35126	452393580	-1	35150
71284213	-1	35126	394657815	-1	35150
71284213	-1	35126	307407164	-1	35150
71284213	-1	35126	263482658	-1	35150
71284213	-1	35126	59901238	-1	35150
71284213	-1	35126	452728347	-1	35150
71284213	-1	35126	394244483	-1	35150
71284213	-1	35126	117937354	-1	35150
71284213	-1	35126	176307837	-1	35150
71284213	-1	35126	234607	-1	35150
71284213	-1	35126	14775719	-1	35150
71284213	-1	35126	305608283	-1	35150
71284213	-1	35126	87754389	-1	35150
71284213	-1	35126	58677074	-1	35150
71284213	-1	35126	28081580	-1	35150
71284213	-1	35126	147130067	-1	35150
71284213	-1	35126	399760528	-1	35150
71284213	-1	35126	408625398	-1	35150
71284213	-1	35126	103506345	-1	35150
71284213	-1	35126	145921019	-1	35150
71284213	-1	35126	278003342	-1	35150
71284213	-1	35126	423419895	-1	35150
71284213	-1	35126	349504002	-1	35150
71284213	-1	35126	350603180	-1	35150
71284213	-1	35126	171897678	-1	35150
71284213	-1	35126	10691106	-1	35150
71284213	-1	35126	116982800	-1	35150
71284213	-1	35126	132001228	-1	35150
71284213	-1	35126	103533126	-1	35150
71284213	-1	35126	378492873	-1	35150
71284213	-1	35126	363812461	-1	35153
71284213	-1	35126	43858094	-1	35153
71284213	-1	35126	407380834	-1	35153
71284213	-1	35126	291064779	-1	35153
71284213	-1	35126	422712378	-1	35153
71284213	-1	35126	287480247	-1	35153
71284213	-1	35126	406671372	-1	35153
71284213	-1	35126	407397053	-1	35153
71284213	-1	35126	320789207	-1	35153
71284213	-1	35126	334727053	-1	35153
71284213	-1	35126	175481472	-1	35153
71284213	-1	35126	44231032	-1	35153
71284213	-1	35126	306511422	-1	35153
71284213	-1	35126	176144987	-1	35153
71284213	-1	35126	292477672	-1	35153
71284213	-1	35126	394268562	-1	35153
71284213	-1	35126	43858003	-1	35153
71284213	-1	35126	291066587	-1	35153
71284213	-1	35126	87752509	-1	35153
71284213	-1	35126	58401320	-1	35153
71284213	-1	35126	145649454	-1	35153
71284213	-1	35126	364045602	-1	35153
71284213	-1	35126	451023119	-1	35153
71284213	-1	35126	87483302	-1	35153
71284213	-1	35126	232898857	-1	35153
71284213	-1	35126	421938732	-1	35153
71284213	-1	35126	349231901	-1	35153
71284213	-1	35126	378315869	-1	35153
71284213	-1	35126	247441635	-1	35153
71284213	-1	35126	276524038	-1	35153
71284213	-1	35126	87135167	-1	35153
71284213	-1	35126	434913951	-1	35153
71284213	-1	35126	204126938	-1	35153
71284213	-1	35126	335637488	-1	35153
71284213	-1	35126	417620800	-1	35153
71284213	-1	35126	276522810	-1	35153
71284213	-1	35126	89280549	-1	35153
71284213	-1	35126	277520110	-1	35153
71284213	-1	35126	116879406	-1	35153
71284213	-1	35126	276523248	-1	35153
71284213	-1	35126	131383368	-1	35153
71284213	-1	35126	102538063	-1	35153
71284213	-1	35126	291106222	-1	35153
71284213	-1	35126	334964413	-1	35153
71284213	-1	35126	218665244	-1	35153
71284213	-1	35126	291375542	-1	35153
71284213	-1	35126	14774283	-1	35153
71284213	-1	35126	559690	-1	35153
71284213	-1	35126	451127161	-1	35153
71284213	-1	35126	190168030	-1	35153
71284213	-1	35126	247816824	-1	35153
71284213	-1	35126	175008203	-1	35153
71284213	-1	35126	175004581	-1	35153
71284213	-1	35126	189548999	-1	35153
71284213	-1	35126	262299703	-1	35153
71284213	-1	35126	407684566	-1	35153
71284213	-1	35126	276799633	-1	35153
71284213	-1	35126	190116606	-1	35156
71284213	-1	35126	393522505	-1	35156
71284213	-1	35126	451689772	-1	35156
71284213	-1	35126	58437238	-1	35156
71284213	-1	35126	30160298	-1	35156
71284213	-1	35126	219200375	-1	35156
71284213	-1	35126	15617533	-1	35156
71284213	-1	35126	379158006	-1	35156
71284213	-1	35126	277366016	-1	35156
71284213	-1	35126	185669203	-1	35156
71284213	-1	35126	73213955	-1	35156
71284213	-1	35126	363772485	-1	35156
71284213	-1	35126	44888160	-1	35156
71284213	-1	35126	74227317	-1	35156
71284213	-1	35126	147239551	-1	35156
71284213	-1	35126	45481711	-1	35156
71284213	-1	35126	102134047	-1	35156
71284213	-1	35126	131212703	-1	35156
71284213	-1	35126	45663418	-1	35156
71284213	-1	35126	277418835	-1	35156
71284213	-1	35126	378354180	-1	35156
71284213	-1	35126	103021394	-1	35156
71284213	-1	35126	422251141	-1	35156
71284213	-1	35126	305668679	-1	35156
71284213	-1	35126	205274605	-1	35156
71284213	-1	35126	318772142	-1	35156
71284213	-1	35126	116672951	-1	35156
71284213	-1	35126	422045852	-1	35156
71284213	-1	35126	29840231	-1	35156
71284213	-1	35126	343637113	-1	35156
71284213	-1	35126	131380446	-1	35156
71284213	-1	35126	58776793	-1	35156
71284213	-1	35126	351019371	-1	35156
71284213	-1	35126	220179702	-1	35156
71284213	-1	35126	394678459	-1	35156
71284213	-1	35126	363878623	-1	35156
71284213	-1	35126	277418744	-1	35156
71284213	-1	35126	504146	-1	35156
71284213	-1	35126	393125859	-1	35156
71284213	-1	35126	345995481	-1	35156
71284213	-1	35126	423223927	-1	35156
71284213	-1	35126	160387012	-1	35156
71284213	-1	35126	301128761	-1	35156
71284213	-1	35126	256903712	-1	35156
71284213	-1	35126	246460694	-1	35156
71284213	-1	35126	116837510	-1	35156
71284213	-1	35126	97023527	-1	35156
71284213	-1	35126	262160365	-1	35156
71284213	-1	35126	334964412	-1	35156
71284213	-1	35126	188675992	-1	35156
71284213	-1	35126	247712571	-1	35156
71284213	-1	35126	364805779	-1	35156
71284213	-1	35126	176554262	-1	35156
71284213	-1	35126	436636946	-1	35156
71284213	-1	35126	29473108	-1	35156
71284213	-1	35126	378702079	-1	35156
71284213	-1	35126	320457983	-1	35156
71284213	-1	35126	320525009	-1	35156
71284213	-1	35126	314526347	-1	35156
71284213	-1	35126	451294560	-1	35156
71284213	-1	35126	364763503	-1	35156
71284213	-1	35126	189701276	-1	35156
71284213	-1	35126	58400952	-1	35159
71284213	-1	35126	72942680	-1	35159
71284213	-1	35126	14776591	-1	35159
71284213	-1	35126	218358235	-1	35159
71284213	-1	35126	88323059	-1	35159
71284213	-1	35126	451024023	-1	35159
71284213	-1	35126	218356436	-1	35159
71284213	-1	35126	451860671	-1	35159
71284213	-1	35126	88321702	-1	35159
71284213	-1	35126	392895377	-1	35159
71284213	-1	35126	131150690	-1	35159
71284213	-1	35126	377064565	-1	35159
71284213	-1	35126	232898050	-1	35159
71284213	-1	35126	131109205	-1	35159
71284213	-1	35126	1646341	-1	35159
71284213	-1	35126	232898786	-1	35159
71284213	-1	35126	213503359	-1	35159
71284213	-1	35126	218722218	-1	35159
71284213	-1	35126	321393701	-1	35159
71284213	-1	35126	247441043	-1	35159
71284213	-1	35126	161938180	-1	35159
71284213	-1	35126	225809161	-1	35159
71284213	-1	35126	318844266	-1	35159
71284213	-1	35126	205437797	-1	35159
71284213	-1	35126	87759416	-1	35159
71284213	-1	35126	305884163	-1	35159
71284213	-1	35126	44129632	-1	35159
71284213	-1	35126	291389007	-1	35159
71284213	-1	35126	291336507	-1	35159
71284213	-1	35126	25635948	-1	35159
71284213	-1	35126	423225995	-1	35159
71284213	-1	35126	460213424	-1	35159
71284213	-1	35126	103646932	-1	35159
71284213	-1	35126	291904585	-1	35159
71284213	-1	35126	29315992	-1	35162
71284213	-1	35126	378353731	-1	35162
71284213	-1	35126	247711536	-1	35162
71284213	-1	35126	451022887	-1	35162
71284213	-1	35126	131107886	-1	35162
71284213	-1	35126	160191217	-1	35162
71284213	-1	35126	232940742	-1	35162
71284213	-1	35126	73211356	-1	35162
71284213	-1	35126	392892855	-1	35162
71284213	-1	35126	29560990	-1	35162
71284213	-1	35126	400465347	-1	35162
71284213	-1	35126	102302140	-1	35162
71284213	-1	35126	407641847	-1	35162
71284213	-1	35126	247440379	-1	35162
71284213	-1	35126	273585	-1	35162
71284213	-1	35126	286326598	-1	35162
71284213	-1	35126	320150192	-1	35162
71284213	-1	35126	189732131	-1	35162
71284213	-1	35126	218600705	-1	35162
71284213	-1	35126	145974785	-1	35162
71284213	-1	35126	58436568	-1	35162
71284213	-1	35126	116872555	-1	35162
71284213	-1	35126	256178989	-1	35162
71284213	-1	35126	262258514	-1	35162
71284213	-1	35126	232940106	-1	35162
71284213	-1	35126	146174093	-1	35162
71284213	-1	35126	218358629	-1	35162
71284213	-1	35126	218478850	-1	35162
71284213	-1	35126	87643443	-1	35162
71284213	-1	35126	116639402	-1	35162
71284213	-1	35126	276523703	-1	35162
71284213	-1	35126	334690271	-1	35162
71284213	-1	35126	270580639	-1	35162
71284213	-1	35126	430002927	-1	35162
71284213	-1	35126	276800160	-1	35162
71284213	-1	35126	233925043	-1	35162
71284213	-1	35126	44165234	-1	35162
71284213	-1	35126	102026227	-1	35162
71284213	-1	35126	145688006	-1	35162
71284213	-1	35126	247907694	-1	35162
71284213	-1	35126	451308767	-1	35162
71284213	-1	35126	175016422	-1	35162
71284213	-1	35126	87761357	-1	35162
71284213	-1	35126	29316680	-1	35165
71284213	-1	35126	29316533	-1	35165
71284213	-1	35126	334690171	-1	35165
71284213	-1	35126	378315107	-1	35165
71284213	-1	35126	364048002	-1	35165
71284213	-1	35126	390493506	-1	35168
71284213	-1	35126	415846308	-1	35168
71284213	-1	35126	421938867	-1	35168
71284213	-1	35126	247757934	-1	35177
71284213	-1	35126	407705181	-1	35183
71284213	-1	35126	14927851	-1	35183
71284213	-1	35126	72982306	-1	35183
71284213	-1	35126	189274437	-1	35186
71284213	-1	35126	378313966	-1	35186
71284213	-1	35126	131145992	-1	35189
71284213	-1	35126	334730597	-1	35189
71284213	-1	35126	393164271	-1	35189
71284213	-1	35126	276796654	-1	35222
71284213	-1	35126	426547306	-1	35240
71284213	-1	35126	204480658	-1	35246
71284213	-1	35126	161263040	-1	35249
71284213	-1	35126	276700546	-1	35255
71284213	-1	35126	218533742	-1	35255
71284213	-1	35126	364042797	-1	35273
71284213	-1	35126	378314609	-1	35279
71284213	-1	35126	142215621	-1	35294
71284213	-1	35126	145692438	-1	35297
71284213	-1	35126	14776271	-1	35303
71284213	-1	35126	42051395	-1	35306
71284213	-1	35126	408240807	-1	35327
71284213	-1	35126	73253247	-1	35336
71284213	-1	35126	272375	-1	35339
71284213	-1	35126	43899830	-1	35345
71284213	-1	35126	73095489	-1	35375
71284213	-1	35126	72940833	-1	35375
71284213	-1	35126	131380109	-1	35426
71284213	-1	35126	458490599	-1	35483
71284213	-1	35126	320991653	-1	35483
71284213	-1	35126	203857042	-1	35501
71284213	-1	35126	203857771	-1	35501
71284213	-1	35126	160428829	-1	35522
71284213	-1	35126	72978427	-1	35525
71284213	-1	35126	349274250	-1	35525
71284213	-1	35126	102065226	-1	35525
71284213	-1	35126	291904376	-1	35528
71284213	-1	35126	232900324	-1	35537
71284213	-1	35126	343295414	-1	35555
71284213	-1	35126	276699983	-1	35564
71284213	-1	35126	393887330	-1	35567
71284213	-1	35126	247440699	-1	35570
335554420	-1	35804	272913817	-1	35648
335554420	-1	35804	349272938	-1	35657
335554420	-1	35804	203819471	-1	35657
335554420	-1	35804	131109146	-1	35708
335554420	-1	35804	219047908	-1	35711
335554420	-1	35804	161130550	-1	35714
335554420	-1	35804	1136480	-1	35714
335554420	-1	35804	262820788	-1	35723
335554420	-1	35804	72942874	-1	35723
335554420	-1	35804	204708953	-1	35723
335554420	-1	35804	335725726	-1	35729
335554420	-1	35804	349274615	-1	35732
335554420	-1	35804	335554420	-1	35804
335554420	-1	35804	364667958	-1	35840
335554420	-1	35804	349231987	-1	35849
117232311	-1	36249	350228027	-1	36246
117232311	-1	36249	117232311	-1	36249
117232311	-1	36249	44524475	-1	36249
117232311	-1	36249	451689535	-1	36249
117232311	-1	36249	258801066	-1	36249
117232311	-1	36249	88148485	-1	36249
117232311	-1	36249	175398988	-1	36249
117232311	-1	36249	189940422	-1	36252
117232311	-1	36249	72979633	-1	36252
117232311	-1	36249	204480460	-1	36252
117232311	-1	36249	29982410	-1	36255
117232311	-1	36249	277189198	-1	36255
117232311	-1	36249	204480680	-1	36258
117232311	-1	36249	87720647	-1	36258
117232311	-1	36249	191001163	-1	36258
117232311	-1	36249	249211028	-1	36261
117232311	-1	36249	117906653	-1	36261
117232311	-1	36249	218999503	-1	36273
117232311	-1	36249	44499195	-1	36273
117232311	-1	36249	349896335	-1	36276
117232311	-1	36249	189940593	-1	36276
117232311	-1	36249	320148477	-1	36279
117232311	-1	36249	146314721	-1	36282
117232311	-1	36249	247439753	-1	36282
117232311	-1	36249	131773736	-1	36282
117232311	-1	36249	378316055	-1	36285
117232311	-1	36249	349231884	-1	36285
117232311	-1	36249	349232340	-1	36288
117232311	-1	36249	15045956	-1	36291
117232311	-1	36249	14816513	-1	36297
117232311	-1	36249	334959810	-1	36297
117232311	-1	36249	409183030	-1	36297
117232311	-1	36249	152056185	-1	36297
117232311	-1	36249	253656713	-1	36297
117232311	-1	36249	442968882	-1	36297
117232311	-1	36249	355667678	-1	36297
117232311	-1	36249	146290844	-1	36297
117232311	-1	36249	275944906	-1	36297
117232311	-1	36249	364440219	-1	36297
117232311	-1	36249	291103826	-1	36300
117232311	-1	36249	320189674	-1	36300
117232311	-1	36249	363810203	-1	36300
117232311	-1	36249	262025094	-1	36300
117232311	-1	36249	145693010	-1	36300
117232311	-1	36249	14815954	-1	36300
117232311	-1	36249	145720279	-1	36300
117232311	-1	36249	116637148	-1	36300
117232311	-1	36249	73014900	-1	36300
117232311	-1	36249	276891515	-1	36300
117232311	-1	36249	203858825	-1	36300
117232311	-1	36249	307097210	-1	36300
117232311	-1	36249	174771720	-1	36300
117232311	-1	36249	175003700	-1	36300
117232311	-1	36249	58442209	-1	36303
117232311	-1	36249	102341232	-1	36303
117232311	-1	36249	249262745	-1	36303
117232311	-1	36249	1913518	-1	36303
117232311	-1	36249	174771626	-1	36306
117232311	-1	36249	249237773	-1	36309
117232311	-1	36249	116606915	-1	36309
117232311	-1	36249	407411396	-1	36312
117232311	-1	36249	160250637	-1	36312
117232311	-1	36249	175163566	-1	36312
117232311	-1	36249	421998900	-1	36312
117232311	-1	36249	117904649	-1	36315
117232311	-1	36249	60179915	-1	36318
117232311	-1	36249	321487511	-1	36321
117232311	-1	36249	349271967	-1	36324
117232311	-1	36249	276694635	-1	36330
117232311	-1	36249	378588101	-1	36348
117232311	-1	36249	175397048	-1	36390
117232311	-1	36249	407518409	-1	36390
117232311	-1	36249	393096563	-1	36411
117232311	-1	36249	174771467	-1	36420
117232311	-1	36249	349269405	-1	36429
117232311	-1	36249	404820522	-1	36432
117232311	-1	36249	166392705	-1	36435
117232311	-1	36249	379061517	-1	36444
117232311	-1	36249	334730326	-1	36453
117232311	-1	36249	176381031	-1	36453
117232311	-1	36249	58670801	-1	36456
117232311	-1	36249	44524372	-1	36468
117232311	-1	36249	377137211	-1	36480
117232311	-1	36249	111338029	-1	36480
117232311	-1	36249	145852711	-1	36480
117232311	-1	36249	233224329	-1	36486
117232311	-1	36249	274070	-1	36504
117232311	-1	36249	436525573	-1	36600
117232311	-1	36249	399891463	-1	36612
117232311	-1	36249	232879439	-1	36618
117232311	-1	36249	306272314	-1	36630
117232311	-1	36249	73606088	-1	36642
117232311	-1	36249	437147872	-1	36675
117232311	-1	36249	248107023	-1	36711
117232311	-1	36249	248105136	-1	36747
 