202749735	1	3800	393552875	1	3785
202749735	1	3800	146242353	1	3791
202749735	1	3800	66076533	1	3797
202749735	1	3800	233886528	1	3797
202749735	1	3800	217924735	1	3797
202749735	1	3800	413802131	1	3797
202749735	1	3800	55877819	1	3797
202749735	1	3800	125040709	1	3797
202749735	1	3800	306728700	1	3797
202749735	1	3800	392271576	1	3797
202749735	1	3800	175383844	1	3797
202749735	1	3800	254613556	1	3797
202749735	1	3800	422932736	1	3797
202749735	1	3800	248111916	1	3797
202749735	1	3800	140186176	1	3797
202749735	1	3800	335357310	1	3797
202749735	1	3800	277171123	1	3797
202749735	1	3800	202749735	1	3800
202749735	1	3800	27430613	1	3800
202749735	1	3800	189971207	1	3800
202749735	1	3800	219419790	1	3800
202749735	1	3800	262615388	1	3800
202749735	1	3800	291843396	1	3800
202749735	1	3800	131827186	1	3800
202749735	1	3800	404070274	1	3800
202749735	1	3800	378980925	1	3800
202749735	1	3800	210464377	1	3800
202749735	1	3800	59381738	1	3800
202749735	1	3800	24066801	1	3800
202749735	1	3800	128719880	1	3800
202749735	1	3800	248104708	1	3800
202749735	1	3800	362745631	1	3800
202749735	1	3800	73726579	1	3800
202749735	1	3800	291988665	1	3800
202749735	1	3800	88411644	1	3800
202749735	1	3800	243814680	1	3800
202749735	1	3800	103041254	1	3800
202749735	1	3800	422786956	1	3800
202749735	1	3800	175624862	1	3800
202749735	1	3800	291820016	1	3800
202749735	1	3800	59153352	1	3800
202749735	1	3800	346135450	1	3800
202749735	1	3800	320793117	1	3800
202749735	1	3800	386161522	1	3800
202749735	1	3800	102602760	1	3800
202749735	1	3800	114450672	1	3800
202749735	1	3800	364325310	1	3800
202749735	1	3800	184413176	1	3800
202749735	1	3800	446854420	1	3800
202749735	1	3800	248380995	1	3800
202749735	1	3800	449682626	1	3800
202749735	1	3800	8106692	1	3800
202749735	1	3800	219298705	1	3800
202749735	1	3800	227681335	1	3800
202749735	1	3800	9134089	1	3800
202749735	1	3800	320921124	1	3800
202749735	1	3800	379087594	1	3800
202749735	1	3800	300494152	1	3800
202749735	1	3800	81644355	1	3800
202749735	1	3800	356185160	1	3800
202749735	1	3800	138443583	1	3800
202749735	1	3800	169045432	1	3800
202749735	1	3800	401708531	1	3800
202749735	1	3800	15825103	1	3800
202749735	1	3800	25845819	1	3800
202749735	1	3800	321007944	1	3800
202749735	1	3800	174443855	1	3800
202749735	1	3800	129161057	1	3800
202749735	1	3800	277244602	1	3800
202749735	1	3800	304438378	1	3800
202749735	1	3800	154161862	1	3800
202749735	1	3800	204676008	1	3800
202749735	1	3800	244613294	1	3800
202749735	1	3800	393644005	1	3800
202749735	1	3800	88479127	1	3800
202749735	1	3800	277355087	1	3800
202749735	1	3800	27896646	1	3800
202749735	1	3800	437015957	1	3800
202749735	1	3800	460943653	1	3800
202749735	1	3800	142406815	1	3800
202749735	1	3800	168172060	1	3800
202749735	1	3800	277097622	1	3800
202749735	1	3800	301158534	1	3800
202749735	1	3800	335416423	1	3800
202749735	1	3800	272013754	1	3800
202749735	1	3800	372317842	1	3800
202749735	1	3800	284906111	1	3800
202749735	1	3800	173328128	1	3800
202749735	1	3800	186655544	1	3800
202749735	1	3800	277128933	1	3800
202749735	1	3800	171896171	1	3800
202749735	1	3800	315003743	1	3803
202749735	1	3800	204702544	1	3806
202749735	1	3800	364479321	1	3806
202749735	1	3800	186638339	1	3806
202749735	1	3800	379226197	1	3806
202749735	1	3800	51005986	1	3806
202749735	1	3800	102714983	1	3806
202749735	1	3800	379363346	1	3913
202749735	1	3800	215769436	1	3913
202749735	1	3800	161158916	1	3913
202749735	1	3800	88136856	1	3913
202749735	1	3800	342815666	1	3913
202749735	1	3800	434371627	1	3913
202749735	1	3800	44581595	1	3913
202749735	1	3800	169155048	1	3913
202749735	1	3800	42690850	1	3913
202749735	1	3800	444742032	1	3913
202749735	1	3800	372077563	1	3913
202749735	1	3800	262549645	1	3913
202749735	1	3800	233466696	1	3913
202749735	1	3800	189842099	1	3913
202749735	1	3800	204510803	1	3913
202749735	1	3800	299218431	1	3913
202749735	1	3800	202152070	1	3913
202749735	1	3800	313948342	1	3913
202749735	1	3800	432764737	1	3913
202749735	1	3800	212215244	1	3913
202749735	1	3800	1074485	1	3913
202749735	1	3800	364587011	1	3913
202749735	1	3800	103011411	1	3913
202749735	1	3800	407999546	1	3913
202749735	1	3800	286678906	1	3940
202749735	1	3800	1214560	1	3940
202749735	1	3800	328851304	1	3940
202749735	1	3800	67789179	1	3943
202749735	1	3800	27577298	1	3943
202749735	1	3800	306277384	1	3943
202749735	1	3800	58040863	1	3943
202749735	1	3800	59121837	1	3943
202749735	1	3800	320922899	1	3943
202749735	1	3800	373149605	1	3943
202749735	1	3800	175578196	1	3943
202749735	1	3800	443300277	1	3943
202749735	1	3800	360875195	1	3943
202749735	1	3800	88230758	1	3943
202749735	1	3800	277338995	1	3943
202749735	1	3800	437065626	1	3943
202749735	1	3800	44929294	1	3949
202749735	1	3800	244499706	1	3952
202749735	1	3800	219083914	1	3952
202749735	1	3800	447397901	1	3952
202749735	1	3800	348872317	1	3952
202749735	1	3800	69568296	1	3952
202749735	1	3800	379067716	1	3952
202749735	1	3800	204886854	1	3952
202749735	1	3800	432056601	1	3952
202749735	1	3800	289624634	1	3952
202749735	1	3800	342914098	1	3952
202749735	1	3800	287560269	1	3952
202749735	1	3800	462928476	1	3952
202749735	1	3800	117637621	1	3952
202749735	1	3800	183645885	1	3952
202749735	1	3800	321217169	1	3952
202749735	1	3800	422556455	1	3952
202749735	1	3800	219183978	1	3952
202749735	1	3800	335438814	1	3952
202749735	1	3800	451591704	1	3952
202749735	1	3800	127254071	1	3952
202749735	1	3800	73498008	1	3952
202749735	1	3800	214075367	1	3952
202749735	1	3800	464095437	1	3952
202749735	1	3800	349942583	1	3952
202749735	1	3800	393889152	1	3952
202749735	1	3800	463548877	1	3952
202749735	1	3800	393890859	1	3952
202749735	1	3800	211775300	1	3952
202749735	1	3800	44852953	1	3952
202749735	1	3800	212138627	1	3952
202749735	1	3800	269056588	1	3952
202749735	1	3800	393495739	1	3952
202749735	1	3800	97063002	1	3952
202749735	1	3800	407100243	1	3952
202749735	1	3800	357333728	1	3952
202749735	1	3800	29055988	1	3952
202749735	1	3800	130838904	1	3952
202749735	1	3800	130671149	1	3952
202749735	1	3800	407983033	1	3952
202749735	1	3800	161237431	1	3952
202749735	1	3800	241478714	1	3952
202749735	1	3800	350300197	1	3952
202749735	1	3800	313046261	1	3952
202749735	1	3800	85866116	1	3952
202749735	1	3800	364814998	1	3952
202749735	1	3800	321119793	1	3952
202749735	1	3800	288616313	1	3952
202749735	1	3800	69301026	1	3952
202749735	1	3800	123879758	1	3952
202749735	1	3800	357504068	1	3952
202749735	1	3800	335459092	1	3952
202749735	1	3800	390894837	1	3952
202749735	1	3800	154983713	1	3952
202749735	1	3800	175542855	1	3952
202749735	1	3800	364548433	1	3952
202749735	1	3800	375942990	1	3952
202749735	1	3800	72180245	1	3952
202749735	1	3800	146593034	1	3952
202749735	1	3800	461933939	1	3952
202749735	1	3800	408258348	1	3952
202749735	1	3800	429316927	1	3952
202749735	1	3800	418194194	1	3952
202749735	1	3800	40424758	1	3952
202749735	1	3800	421375234	1	3952
202749735	1	3800	254075073	1	3952
202749735	1	3800	161114090	1	3952
202749735	1	3800	204494413	1	3952
202749735	1	3800	73589079	1	3952
202749735	1	3800	248230503	1	3952
202749735	1	3800	327061105	1	3952
202749735	1	3800	160835696	1	3952
202749735	1	3800	272968319	1	3952
202749735	1	3800	329734536	1	3952
202749735	1	3800	372904138	1	3952
202749735	1	3800	393789347	1	3952
202749735	1	3800	184148472	1	3952
202749735	1	3800	277492531	1	3952
202749735	1	3800	277526054	1	3952
202749735	1	3800	306396762	1	3952
202749735	1	3800	393735215	1	3952
202749735	1	3800	306389999	1	3952
202749735	1	3800	15390041	1	3952
202749735	1	3800	109391871	1	3952
202749735	1	3800	203221260	1	3952
202749735	1	3800	364510955	1	3952
202749735	1	3800	437367787	1	3952
202749735	1	3800	175732659	1	3952
202749735	1	3800	26510049	1	3952
202749735	1	3800	204400951	1	3952
202749735	1	3800	364663861	1	3952
202749735	1	3800	146366724	1	3952
202749735	1	3800	11848798	1	3952
202749735	1	3800	88448025	1	3952
202749735	1	3800	88198427	1	3952
202749735	1	3800	44457073	1	3952
202749735	1	3800	117345695	1	3952
202749735	1	3800	172316031	1	3952
202749735	1	3800	88322611	1	3952
202749735	1	3800	422616600	1	3952
202749735	1	3800	390598656	1	3952
202749735	1	3800	432281990	1	3952
202749735	1	3800	451782434	1	3952
202749735	1	3800	80546597	1	3952
202749735	1	3800	175508577	1	3952
202749735	1	3800	314103573	1	3952
202749735	1	3800	88312976	1	3952
202749735	1	3800	42094987	1	3952
202749735	1	3800	458228165	1	3952
202749735	1	3800	146528238	1	3988
202749735	1	3800	117148388	1	4484
202749735	1	3800	58960753	1	4496
202749735	1	3800	159346893	1	4496
202749735	1	3800	333176278	1	4496
202749735	1	3800	196511067	1	4496
202749735	1	3800	59175405	1	4496
202749735	1	3800	321095900	1	4496
202749735	1	3800	93615306	1	4496
202749735	1	3800	93843721	1	4496
202749735	1	3800	457318236	1	4496
202749735	1	3800	239351469	1	4496
202749735	1	3800	35676987	1	4496
202749735	1	3800	64692923	1	4496
202749735	1	3800	239734831	1	4496
202749735	1	3800	452099348	1	4496
202749735	1	3800	108573028	1	4496
202749735	1	3800	428876182	1	4496
202749735	1	3800	445081756	1	4496
202749735	1	3800	175928257	1	4496
202749735	1	3800	274334063	1	4496
202749735	1	3800	357735285	1	4496
202749735	1	3800	414258481	1	4496
202749735	1	3800	891874	1	4496
202749735	1	3800	88174914	1	4496
202749735	1	3800	186382112	1	4535
202749735	1	3800	161181291	1	7371
202749735	1	3800	437659953	1	7371
202749735	1	3800	161308482	1	7371
202749735	1	3800	175916562	1	7371
202749735	1	3800	364954436	1	7371
202749735	1	3800	423026531	1	7371
202749735	1	3800	103138815	1	7371
202749735	1	3800	437572629	1	7371
202749735	1	3800	277605661	1	7371
202749735	1	3800	30392344	1	7371
202749735	1	3800	44934761	1	7371
202749735	1	3800	393973575	1	7371
202749735	1	3800	292224157	1	7371
202749735	1	3800	166207257	1	7371
202749735	1	3800	248631126	1	7371
202749735	1	3800	330332654	1	7380
202749735	1	3800	73608335	1	7407
202749735	1	3800	108192561	1	7407
202749735	1	3800	195442387	1	7407
202749735	1	3800	203553034	1	7407
202749735	1	3800	211017475	1	7407
202749735	1	3800	405348595	1	7407
202749735	1	3800	433871359	1	7407
202749735	1	3800	53472662	1	7407
202749735	1	3800	123195842	1	7407
202749735	1	3800	139614557	1	7407
202749735	1	3800	219470114	1	7407
202749735	1	3800	256171233	1	7407
202749735	1	3800	275894671	1	7407
202749735	1	3800	284159735	1	7407
202749735	1	3800	313804917	1	7407
202749735	1	3800	333407742	1	7407
202749735	1	3800	8307514	1	7407
202749735	1	3800	173535600	1	7407
202749735	1	3800	314634117	1	7407
202749735	1	3800	432955014	1	7407
202749735	1	3800	297746096	1	7407
202749735	1	3800	346787817	1	7407
202749735	1	3800	394020056	1	7407
202749735	1	3800	8357173	1	7407
202749735	1	3800	15954257	1	7407
202749735	1	3800	79141340	1	7407
202749735	1	3800	88569418	1	7407
202749735	1	3800	173742215	1	7407
202749735	1	3800	224993475	1	7407
202749735	1	3800	229899664	1	7407
202749735	1	3800	321239104	1	7407
202749735	1	3800	30484051	1	7407
202749735	1	3800	93635865	1	7407
202749735	1	3800	112059422	1	7407
202749735	1	3800	228254312	1	7407
202749735	1	3800	234090238	1	7407
202749735	1	3800	241747860	1	7407
202749735	1	3800	277644646	1	7407
202749735	1	3800	288749848	1	7407
202749735	1	3800	321264423	1	7407
202749735	1	3800	437608225	1	7407
202749735	1	3800	30456773	1	7407
202749735	1	3800	82551595	1	7407
202749735	1	3800	88557742	1	7407
202749735	1	3800	93493819	1	7407
202749735	1	3800	122890315	1	7407
202749735	1	3800	209826895	1	7407
202749735	1	3800	292181865	1	7407
202749735	1	3800	316017905	1	7407
202749735	1	3800	420835912	1	7407
202749735	1	3800	44942165	1	7407
202749735	1	3800	103109621	1	7407
202749735	1	3800	200906534	1	7407
202749735	1	3800	304117311	1	7407
202749735	1	3800	335790066	1	7407
202749735	1	3800	379471664	1	7407
202749735	1	3800	432477314	1	7407
202749735	1	3800	1342850	1	7407
202749735	1	3800	82589030	1	7407
202749735	1	3800	99596403	1	7407
202749735	1	3800	301445848	1	7407
202749735	1	3800	375063219	1	7407
202749735	1	3800	132298063	1	7407
202749735	1	3800	379421820	1	7407
202749735	1	3800	463750716	1	7407
202749735	1	3800	6249350	1	7407
202749735	1	3800	197032691	1	7407
202749735	1	3800	929217	1	7407
202749735	1	3800	160886174	1	7407
202749735	1	3800	364467566	1	7407
202749735	1	3800	160884340	1	7407
202749735	1	3800	335383487	1	7407
146315884	1	24898	146315884	1	24898
146315884	1	24898	183731047	1	26759
146315884	1	24898	59065909	1	26870
374750197	1	29201	73684868	1	29060
374750197	1	29201	117560058	1	29075
374750197	1	29201	171022536	1	29108
374750197	1	29201	212232069	1	29108
374750197	1	29201	211321183	1	29114
374750197	1	29201	217452688	1	29114
374750197	1	29201	117309917	1	29126
374750197	1	29201	345070159	1	29132
374750197	1	29201	190048660	1	29132
374750197	1	29201	204588329	1	29132
374750197	1	29201	1102557	1	29132
374750197	1	29201	140869820	1	29138
374750197	1	29201	68916292	1	29138
374750197	1	29201	313658709	1	29138
374750197	1	29201	277370562	1	29138
374750197	1	29201	364547102	1	29138
374750197	1	29201	190175930	1	29138
374750197	1	29201	41779161	1	29138
374750197	1	29201	131855768	1	29141
374750197	1	29201	58962765	1	29144
374750197	1	29201	146423622	1	29144
374750197	1	29201	131737058	1	29144
374750197	1	29201	408110277	1	29144
374750197	1	29201	81006953	1	29147
374750197	1	29201	124334635	1	29147
374750197	1	29201	277366260	1	29147
374750197	1	29201	344173933	1	29147
374750197	1	29201	131951213	1	29147
374750197	1	29201	86857982	1	29147
374750197	1	29201	212438428	1	29147
374750197	1	29201	8128133	1	29147
374750197	1	29201	226359978	1	29147
374750197	1	29201	301077214	1	29147
374750197	1	29201	7592253	1	29147
374750197	1	29201	154228054	1	29147
374750197	1	29201	97525750	1	29150
374750197	1	29201	122732348	1	29150
374750197	1	29201	99821994	1	29150
374750197	1	29201	171049759	1	29150
374750197	1	29201	117412526	1	29153
374750197	1	29201	326932099	1	29153
374750197	1	29201	175577294	1	29153
374750197	1	29201	73978377	1	29156
374750197	1	29201	288138556	1	29156
374750197	1	29201	329070944	1	29159
374750197	1	29201	260917068	1	29159
374750197	1	29201	379178705	1	29159
374750197	1	29201	418839619	1	29159
374750197	1	29201	437370458	1	29159
374750197	1	29201	141325791	1	29159
374750197	1	29201	415578660	1	29162
374750197	1	29201	21904474	1	29162
374750197	1	29201	460386665	1	29162
374750197	1	29201	189969771	1	29162
374750197	1	29201	174227984	1	29165
374750197	1	29201	242999868	1	29165
374750197	1	29201	263052874	1	29165
374750197	1	29201	379386211	1	29165
374750197	1	29201	196607319	1	29165
374750197	1	29201	228474920	1	29165
374750197	1	29201	355619588	1	29165
374750197	1	29201	24523414	1	29165
374750197	1	29201	73805131	1	29165
374750197	1	29201	286361817	1	29165
374750197	1	29201	461357390	1	29165
374750197	1	29201	145050107	1	29165
374750197	1	29201	350100318	1	29165
374750197	1	29201	231356748	1	29165
374750197	1	29201	464925169	1	29165
374750197	1	29201	335557939	1	29165
374750197	1	29201	132179374	1	29165
374750197	1	29201	434930550	1	29168
374750197	1	29201	335707672	1	29168
374750197	1	29201	400925197	1	29168
374750197	1	29201	108713747	1	29168
374750197	1	29201	362515847	1	29168
374750197	1	29201	30161715	1	29168
374750197	1	29201	364659409	1	29171
374750197	1	29201	335677357	1	29171
374750197	1	29201	88281182	1	29171
374750197	1	29201	315096720	1	29171
374750197	1	29201	219131961	1	29174
374750197	1	29201	6706027	1	29174
374750197	1	29201	204660970	1	29177
374750197	1	29201	364545562	1	29177
374750197	1	29201	44823832	1	29177
374750197	1	29201	372611079	1	29177
374750197	1	29201	83764993	1	29177
374750197	1	29201	316570737	1	29177
374750197	1	29201	262825474	1	29177
374750197	1	29201	73504914	1	29180
374750197	1	29201	154231776	1	29180
374750197	1	29201	1173325	1	29180
374750197	1	29201	24234983	1	29183
374750197	1	29201	65609958	1	29183
374750197	1	29201	443144731	1	29183
374750197	1	29201	102588626	1	29186
374750197	1	29201	56120445	1	29189
374750197	1	29201	335655485	1	29189
374750197	1	29201	189904126	1	29189
374750197	1	29201	447206567	1	29189
374750197	1	29201	291933560	1	29189
374750197	1	29201	262581303	1	29192
374750197	1	29201	364371869	1	29192
374750197	1	29201	274014791	1	29192
374750197	1	29201	434315333	1	29192
374750197	1	29201	248282903	1	29192
374750197	1	29201	404018314	1	29192
374750197	1	29201	41008078	1	29192
374750197	1	29201	153417562	1	29192
374750197	1	29201	102867645	1	29192
374750197	1	29201	28323424	1	29192
374750197	1	29201	433859111	1	29192
374750197	1	29201	146213406	1	29198
374750197	1	29201	36195777	1	29198
374750197	1	29201	57850393	1	29198
374750197	1	29201	198663471	1	29198
374750197	1	29201	219359279	1	29198
374750197	1	29201	72040370	1	29198
374750197	1	29201	8401044	1	29198
374750197	1	29201	127468081	1	29198
374750197	1	29201	131738227	1	29201
374750197	1	29201	378945094	1	29201
374750197	1	29201	65844058	1	29201
374750197	1	29201	371915870	1	29201
374750197	1	29201	88470630	1	29201
374750197	1	29201	7246129	1	29201
374750197	1	29201	262546123	1	29201
374750197	1	29201	102624553	1	29201
374750197	1	29201	374750197	1	29201
374750197	1	29201	146388400	1	29201
374750197	1	29201	142117022	1	29201
374750197	1	29201	376392367	1	29201
374750197	1	29201	15620972	1	29201
374750197	1	29201	399476784	1	29201
374750197	1	29201	81381112	1	29201
374750197	1	29201	37539133	1	29201
374750197	1	29201	391379673	1	29201
374750197	1	29201	198432865	1	29201
374750197	1	29201	277152897	1	29201
374750197	1	29201	461886083	1	29201
374750197	1	29201	88344757	1	29201
374750197	1	29201	15405537	1	29201
374750197	1	29201	160790644	1	29201
374750197	1	29201	254380271	1	29201
374750197	1	29201	6476003	1	29204
374750197	1	29201	359144735	1	29204
374750197	1	29201	44869668	1	29204
374750197	1	29201	233912458	1	29204
374750197	1	29201	306620962	1	29204
374750197	1	29201	393869408	1	29204
374750197	1	29201	379328071	1	29204
374750197	1	29201	347018183	1	29204
374750197	1	29201	73757235	1	29204
374750197	1	29201	190088813	1	29204
374750197	1	29201	42931494	1	29204
374750197	1	29201	335703094	1	29204
374750197	1	29201	362583144	1	29204
374750197	1	29201	406659368	1	29204
374750197	1	29201	302353654	1	29204
374750197	1	29201	364788512	1	29204
374750197	1	29201	108397135	1	29207
374750197	1	29201	214624606	1	29207
374750197	1	29201	244629485	1	29207
374750197	1	29201	51091013	1	29207
374750197	1	29201	316405748	1	29207
374750197	1	29201	151787028	1	29207
374750197	1	29201	451911790	1	29207
374750197	1	29201	95083244	1	29207
374750197	1	29201	297232042	1	29207
374750197	1	29201	413664040	1	29207
374750197	1	29201	401717036	1	29210
374750197	1	29201	389120852	1	29210
374750197	1	29201	141932211	1	29213
374750197	1	29201	271200686	1	29213
374750197	1	29201	372677688	1	29213
374750197	1	29201	30304201	1	29213
374750197	1	29201	321050753	1	29213
374750197	1	29201	233528805	1	29213
374750197	1	29201	88268292	1	29213
374750197	1	29201	58963001	1	29213
374750197	1	29201	21096638	1	29213
374750197	1	29201	798204	1	29213
374750197	1	29201	173044443	1	29213
374750197	1	29201	422569069	1	29216
374750197	1	29201	300910033	1	29216
374750197	1	29201	54827666	1	29216
374750197	1	29201	356432816	1	29216
374750197	1	29201	431537336	1	29216
374750197	1	29201	257121336	1	29216
374750197	1	29201	146278365	1	29216
374750197	1	29201	299453814	1	29216
374750197	1	29201	38807589	1	29216
374750197	1	29201	129218638	1	29216
374750197	1	29201	980607	1	29216
374750197	1	29201	312454091	1	29216
374750197	1	29201	38182730	1	29216
374750197	1	29201	240925920	1	29216
374750197	1	29201	268127376	1	29216
374750197	1	29201	175475918	1	29216
374750197	1	29201	451867641	1	29216
374750197	1	29201	422610741	1	29216
374750197	1	29201	306235892	1	29219
374750197	1	29201	59183541	1	29219
374750197	1	29201	161259266	1	29219
374750197	1	29201	316484189	1	29219
374750197	1	29201	259101764	1	29222
374750197	1	29201	364371629	1	29222
374750197	1	29201	437328163	1	29222
374750197	1	29201	81296110	1	29222
374750197	1	29201	30126794	1	29222
374750197	1	29201	245868321	1	29222
374750197	1	29201	73977978	1	29222
374750197	1	29201	442722625	1	29222
374750197	1	29201	335360824	1	29222
374750197	1	29201	277243565	1	29222
374750197	1	29201	314220822	1	29222
374750197	1	29201	55909938	1	29222
374750197	1	29201	241735794	1	29222
374750197	1	29201	428295016	1	29222
374750197	1	29201	321186175	1	29222
374750197	1	29201	93782048	1	29222
374750197	1	29201	190262857	1	29222
374750197	1	29201	50829451	1	29222
374750197	1	29201	378986198	1	29222
374750197	1	29201	370128365	1	29222
374750197	1	29201	30209963	1	29222
374750197	1	29201	146551868	1	29222
374750197	1	29201	15677053	1	29222
374750197	1	29201	1050437	1	29222
374750197	1	29201	298167732	1	29222
374750197	1	29201	464711624	1	29222
374750197	1	29201	437193206	1	29222
374750197	1	29201	306557058	1	29222
374750197	1	29201	15470070	1	29222
374750197	1	29201	161086174	1	29222
374750197	1	29201	422841091	1	29222
374750197	1	29201	457775363	1	29231
374750197	1	29201	30305488	1	29231
374750197	1	29201	306235144	1	29231
374750197	1	29201	350005287	1	29231
374750197	1	29201	73657772	1	29231
374750197	1	29201	306321962	1	29231
374750197	1	29201	422655287	1	29231
374750197	1	29201	463293883	1	29231
374750197	1	29201	393892076	1	29231
374750197	1	29201	320778151	1	29231
374750197	1	29201	185517246	1	29231
374750197	1	29201	422503994	1	29231
374750197	1	29201	256856601	1	29231
374750197	1	29201	257145717	1	29231
374750197	1	29201	413564031	1	29231
374750197	1	29201	182597379	1	29231
374750197	1	29201	243216274	1	29231
374750197	1	29201	461227088	1	29231
374750197	1	29201	349860049	1	29231
374750197	1	29201	151816752	1	29231
374750197	1	29201	52026793	1	29231
374750197	1	29201	341160088	1	29231
374750197	1	29201	287005688	1	29231
374750197	1	29201	277322836	1	29231
374750197	1	29201	388743199	1	29231
374750197	1	29201	277324816	1	29231
374750197	1	29201	428264973	1	29231
374750197	1	29201	73788701	1	29231
374750197	1	29201	393702635	1	29231
374750197	1	29201	344589582	1	29231
374750197	1	29201	346740615	1	29231
374750197	1	29201	40410767	1	29231
374750197	1	29201	299077390	1	29231
374750197	1	29201	117314368	1	29231
374750197	1	29201	175578635	1	29231
374750197	1	29201	422785498	1	29231
374750197	1	29201	204590552	1	29231
374750197	1	29201	248286007	1	29231
374750197	1	29201	86927076	1	29231
374750197	1	29201	262525021	1	29231
374750197	1	29201	126078069	1	29231
374750197	1	29201	399121379	1	29231
374750197	1	29201	69892737	1	29231
374750197	1	29201	289639738	1	29231
374750197	1	29201	274434802	1	29231
374750197	1	29201	175362915	1	29231
374750197	1	29201	186889263	1	29231
374750197	1	29201	117453362	1	29231
374750197	1	29201	95086646	1	29231
374750197	1	29201	332736508	1	29231
374750197	1	29201	229511507	1	29231
374750197	1	29201	59301805	1	29231
374750197	1	29201	219040307	1	29231
374750197	1	29201	213715369	1	29231
374750197	1	29201	8137163	1	29231
374750197	1	29201	30116677	1	29231
374750197	1	29201	291778647	1	29231
374750197	1	29201	422651335	1	29231
374750197	1	29201	1136059	1	29231
374750197	1	29201	59401720	1	29231
374750197	1	29201	393868801	1	29231
374750197	1	29201	142929599	1	29231
374750197	1	29201	451587016	1	29231
374750197	1	29201	152198056	1	29231
374750197	1	29201	341882832	1	29231
374750197	1	29201	10075662	1	29231
374750197	1	29201	290052155	1	29231
374750197	1	29201	408141104	1	29231
374750197	1	29201	219394201	1	29231
374750197	1	29201	170802200	1	29231
374750197	1	29201	158131208	1	29231
374750197	1	29201	175634369	1	29231
374750197	1	29201	262781032	1	29231
374750197	1	29201	257193669	1	29231
374750197	1	29201	212110084	1	29231
374750197	1	29201	306451977	1	29231
374750197	1	29201	334019580	1	29231
374750197	1	29201	140127542	1	29231
374750197	1	29201	405214068	1	29231
374750197	1	29201	364616140	1	29231
374750197	1	29201	72571704	1	29231
374750197	1	29201	386289836	1	29231
374750197	1	29201	343344488	1	29231
374750197	1	29201	437516594	1	29231
374750197	1	29201	390653081	1	29231
374750197	1	29201	306451323	1	29231
374750197	1	29201	146539031	1	29231
374750197	1	29201	190285799	1	29231
374750197	1	29201	50684470	1	29231
374750197	1	29201	408412170	1	29231
374750197	1	29201	320896499	1	29231
374750197	1	29201	88229945	1	29231
374750197	1	29201	349799607	1	29231
374750197	1	29201	350196587	1	29231
374750197	1	29201	463826266	1	29234
374750197	1	29201	213768931	1	29234
374750197	1	29201	304095391	1	29234
374750197	1	29201	243083175	1	29234
374750197	1	29201	300522724	1	29258
374750197	1	29201	408286042	1	29258
374750197	1	29201	256959758	1	29261
374750197	1	29201	277514074	1	29261
374750197	1	29201	73742705	1	29261
374750197	1	29201	219424889	1	29264
374750197	1	29201	399001971	1	29267
374750197	1	29201	428487793	1	29267
374750197	1	29201	463893491	1	29267
374750197	1	29201	59147336	1	29267
374750197	1	29201	190048286	1	29267
374750197	1	29201	422841732	1	29267
374750197	1	29201	175505462	1	29267
374750197	1	29201	460722248	1	29267
374750197	1	29201	233744708	1	29267
374750197	1	29201	335464143	1	29267
374750197	1	29201	422784691	1	29267
374750197	1	29201	117400796	1	29270
374750197	1	29201	44845447	1	29270
374750197	1	29201	219130958	1	29270
374750197	1	29201	15610572	1	29270
374750197	1	29201	393687430	1	29270
374750197	1	29201	12993199	1	29273
374750197	1	29201	318631064	1	29273
374750197	1	29201	408207463	1	29276
374750197	1	29201	406782891	1	29276
374750197	1	29201	100264318	1	29276
374750197	1	29201	272922133	1	29276
374750197	1	29201	161092592	1	29276
374750197	1	29201	73805256	1	29276
374750197	1	29201	103024849	1	29276
374750197	1	29201	56336396	1	29276
374750197	1	29201	379124807	1	29294
374750197	1	29201	204379881	1	29300
374750197	1	29201	321117853	1	29300
374750197	1	29201	393757856	1	29303
374750197	1	29201	175578213	1	29303
374750197	1	29201	379209640	1	29303
374750197	1	29201	277558607	1	29306
374750197	1	29201	277493790	1	29306
374750197	1	29201	364810735	1	29306
374750197	1	29201	53333415	1	29306
374750197	1	29201	183948473	1	29306
374750197	1	29201	291863451	1	29306
374750197	1	29201	15573848	1	29306
374750197	1	29201	1227518	1	29306
374750197	1	29201	419913518	1	29309
374750197	1	29201	131893009	1	29309
374750197	1	29201	110039321	1	29309
374750197	1	29201	95725624	1	29309
374750197	1	29201	404318230	1	29309
374750197	1	29201	94851497	1	29309
374750197	1	29201	88347330	1	29309
374750197	1	29201	350095574	1	29309
374750197	1	29201	428237097	1	29315
374750197	1	29201	117375949	1	29318
374750197	1	29201	213442518	1	29318
374750197	1	29201	167817396	1	29318
374750197	1	29201	347537159	1	29318
374750197	1	29201	248510980	1	29321
374750197	1	29201	171286591	1	29321
374750197	1	29201	200020842	1	29321
374750197	1	29201	277088297	1	29324
374750197	1	29201	215053481	1	29324
374750197	1	29201	458254010	1	29324
374750197	1	29201	254054817	1	29324
374750197	1	29201	377446828	1	29324
374750197	1	29201	245334985	1	29324
374750197	1	29201	268738703	1	29324
374750197	1	29201	447739862	1	29324
374750197	1	29201	39276821	1	29324
374750197	1	29201	248070974	1	29324
374750197	1	29201	342211441	1	29324
374750197	1	29201	102825038	1	29324
374750197	1	29201	262781651	1	29324
374750197	1	29201	167805671	1	29324
374750197	1	29201	123860522	1	29324
374750197	1	29201	437109402	1	29324
374750197	1	29201	158993431	1	29324
374750197	1	29201	112165348	1	29330
374750197	1	29201	1304463	1	29330
374750197	1	29201	88284306	1	29336
374750197	1	29201	114421290	1	29369
374750197	1	29201	306181527	1	29375
374750197	1	29201	143384653	1	29375
374750197	1	29201	218971684	1	29375
374750197	1	29201	285677633	1	29375
374750197	1	29201	59071287	1	29375
374750197	1	29201	131999745	1	29375
374750197	1	29201	444061101	1	29375
374750197	1	29201	112345497	1	29375
374750197	1	29201	160886038	1	29375
374750197	1	29201	451867364	1	29375
374750197	1	29201	374579278	1	29375
374750197	1	29201	334144558	1	29375
374750197	1	29201	132122903	1	29375
374750197	1	29201	30314841	1	29375
374750197	1	29201	186045692	1	29402
374750197	1	29201	444438777	1	29417
374750197	1	29201	376150385	1	29435
374750197	1	29201	131736449	1	29441
374750197	1	29201	364675131	1	29444
374750197	1	29201	184731766	1	29447
374750197	1	29201	282879562	1	29450
374750197	1	29201	312730210	1	29453
374750197	1	29201	50405349	1	29453
374750197	1	29201	73516519	1	29453
374750197	1	29201	189850441	1	29453
374750197	1	29201	94889246	1	29456
374750197	1	29201	457395104	1	29459
374750197	1	29201	389145137	1	29471
374750197	1	29201	414443137	1	29471
374750197	1	29201	297923141	1	29471
374750197	1	29201	422799963	1	29471
374750197	1	29201	154843152	1	29471
374750197	1	29201	458811397	1	29471
374750197	1	29201	160821435	1	29474
374750197	1	29201	73954605	1	29483
374750197	1	29201	248215158	1	29483
374750197	1	29201	379159155	1	29486
374750197	1	29201	364774222	1	29510
374750197	1	29201	414977977	1	29510
374750197	1	29201	219104693	1	29519
374750197	1	29201	98866132	1	29522
374750197	1	29201	292077768	1	29552
374750197	1	29201	218022428	1	29558
374750197	1	29201	347404506	1	29561
374750197	1	29201	219351646	1	29561
374750197	1	29201	389156280	1	29561
374750197	1	29201	115039783	1	29561
374750197	1	29201	85919070	1	29561
374750197	1	29201	348517576	1	29561
374750197	1	29201	215965629	1	29561
374750197	1	29201	219359587	1	29561
374750197	1	29201	187389711	1	29567
374750197	1	29201	271154476	1	29567
374750197	1	29201	29988268	1	29570
374750197	1	29201	348972635	1	29576
374750197	1	29201	451796715	1	29582
374750197	1	29201	364444602	1	29594
374750197	1	29201	146494918	1	29636
374750197	1	29201	73786515	1	29648
374750197	1	29201	199492969	1	29651
374750197	1	29201	190084135	1	29654
374750197	1	29201	88319578	1	29666
374750197	1	29201	417612966	1	29708
374750197	1	29201	248271440	1	29738
374750197	1	29201	263002362	1	29744
335571050	1	37465	393423757	1	37456
335571050	1	37465	335571050	1	37465
335571050	1	37465	102905856	1	37465
335571050	1	37465	190153829	1	37465
335571050	1	37465	350112569	1	37465
335571050	1	37465	321028976	1	37465
335571050	1	37465	190155013	1	37471
335571050	1	37465	393403970	1	37474
335571050	1	37465	30199013	1	37477
60205527	-1	7421	60205527	-1	7421
329299542	-1	8226	329299542	-1	8226
329299542	-1	8226	443927914	-1	8226
329299542	-1	8226	59066114	-1	8226
329299542	-1	8226	314996019	-1	8226
329299542	-1	8226	405486349	-1	8226
329299542	-1	8226	348930643	-1	8229
329299542	-1	8226	41373057	-1	8229
329299542	-1	8226	44852718	-1	8229
329299542	-1	8226	103018869	-1	8229
329299542	-1	8226	289099848	-1	8229
329299542	-1	8226	434388872	-1	8229
329299542	-1	8226	432721422	-1	8229
329299542	-1	8226	59263399	-1	8229
329299542	-1	8226	204679799	-1	8229
329299542	-1	8226	68305862	-1	8229
329299542	-1	8226	125599433	-1	8229
329299542	-1	8226	111090071	-1	8229
329299542	-1	8226	391828498	-1	8229
329299542	-1	8226	156224847	-1	8229
329299542	-1	8226	244697094	-1	8229
329299542	-1	8226	248090180	-1	8232
329299542	-1	8226	23954589	-1	8232
329299542	-1	8226	88228236	-1	8232
329299542	-1	8226	131772896	-1	8232
329299542	-1	8226	393829073	-1	8232
329299542	-1	8226	190243734	-1	8232
329299542	-1	8226	210821552	-1	8232
329299542	-1	8226	359443679	-1	8232
329299542	-1	8226	393558942	-1	8232
329299542	-1	8226	462076290	-1	8232
329299542	-1	8226	15547833	-1	8232
329299542	-1	8226	129365649	-1	8232
329299542	-1	8226	248342388	-1	8232
329299542	-1	8226	124477092	-1	8232
329299542	-1	8226	146704132	-1	8232
329299542	-1	8226	291966912	-1	8232
329299542	-1	8226	144362795	-1	8232
329299542	-1	8226	212965164	-1	8232
329299542	-1	8226	144661231	-1	8232
329299542	-1	8226	388677210	-1	8232
329299542	-1	8226	199045883	-1	8238
329299542	-1	8226	84251305	-1	8238
329299542	-1	8226	102618962	-1	8238
329299542	-1	8226	188390909	-1	8238
329299542	-1	8226	460911220	-1	8238
329299542	-1	8226	140193607	-1	8241
329299542	-1	8226	306223116	-1	8241
329299542	-1	8226	59189849	-1	8247
329299542	-1	8226	392432201	-1	8247
329299542	-1	8226	451914169	-1	8247
329299542	-1	8226	95489257	-1	8247
329299542	-1	8226	228883196	-1	8247
329299542	-1	8226	393604666	-1	8247
329299542	-1	8226	157284717	-1	8247
329299542	-1	8226	195861957	-1	8247
329299542	-1	8226	422498571	-1	8247
329299542	-1	8226	364806569	-1	8247
329299542	-1	8226	211661580	-1	8247
329299542	-1	8226	277447666	-1	8247
329299542	-1	8226	182046174	-1	8247
329299542	-1	8226	247104338	-1	8247
329299542	-1	8226	291817192	-1	8247
329299542	-1	8226	26301080	-1	8247
329299542	-1	8226	70229315	-1	8247
329299542	-1	8226	29961583	-1	8247
329299542	-1	8226	43006509	-1	8247
329299542	-1	8226	155072019	-1	8247
329299542	-1	8226	306224462	-1	8247
329299542	-1	8226	246126626	-1	8247
329299542	-1	8226	257245872	-1	8247
329299542	-1	8226	257919086	-1	8247
329299542	-1	8226	290803859	-1	8247
329299542	-1	8226	422685053	-1	8247
329299542	-1	8226	458267094	-1	8247
329299542	-1	8226	385619703	-1	8247
329299542	-1	8226	124013614	-1	8247
329299542	-1	8226	216520821	-1	8247
329299542	-1	8226	432740679	-1	8247
329299542	-1	8226	131848119	-1	8247
329299542	-1	8226	183937850	-1	8247
329299542	-1	8226	391534718	-1	8247
329299542	-1	8226	94079338	-1	8247
329299542	-1	8226	54423533	-1	8247
329299542	-1	8226	84806069	-1	8250
329299542	-1	8226	225987471	-1	8250
329299542	-1	8226	352923442	-1	8256
329299542	-1	8226	69336578	-1	8256
329299542	-1	8226	169274544	-1	8256
329299542	-1	8226	370721528	-1	8256
329299542	-1	8226	304201599	-1	8259
329299542	-1	8226	246503129	-1	8259
329299542	-1	8226	41563240	-1	8259
329299542	-1	8226	130477122	-1	8259
329299542	-1	8226	240991690	-1	8259
329299542	-1	8226	329652089	-1	8259
329299542	-1	8226	359739864	-1	8259
329299542	-1	8226	59432641	-1	8271
329299542	-1	8226	247976890	-1	8271
329299542	-1	8226	376922933	-1	8271
329299542	-1	8226	358112099	-1	8271
329299542	-1	8226	52322770	-1	8271
329299542	-1	8226	37962955	-1	8271
329299542	-1	8226	219074033	-1	8271
329299542	-1	8226	101387559	-1	8271
329299542	-1	8226	299040240	-1	8271
329299542	-1	8226	146715761	-1	8271
329299542	-1	8226	462336719	-1	8271
329299542	-1	8226	11822061	-1	8271
329299542	-1	8226	59169002	-1	8271
329299542	-1	8226	233802343	-1	8271
329299542	-1	8226	261288818	-1	8271
329299542	-1	8226	408084638	-1	8271
329299542	-1	8226	461509982	-1	8271
329299542	-1	8226	82782150	-1	8271
329299542	-1	8226	344595272	-1	8271
329299542	-1	8226	22334470	-1	8271
329299542	-1	8226	407932986	-1	8271
329299542	-1	8226	157509853	-1	8271
329299542	-1	8226	421308417	-1	8271
329299542	-1	8226	245351023	-1	8271
329299542	-1	8226	445847749	-1	8271
329299542	-1	8226	346846930	-1	8271
329299542	-1	8226	281342625	-1	8271
329299542	-1	8226	65330006	-1	8271
329299542	-1	8226	420285558	-1	8271
329299542	-1	8226	183341366	-1	8274
329299542	-1	8226	159731284	-1	8274
329299542	-1	8226	73643669	-1	8277
405902186	-1	19952	372352640	-1	19952
405902186	-1	19952	405902186	-1	19952
405902186	-1	19952	175575441	-1	19952
405902186	-1	19952	6943913	-1	19952
405902186	-1	19952	202004466	-1	19952
405902186	-1	19952	421412688	-1	19952
405902186	-1	19952	275243670	-1	19952
405902186	-1	19952	263428305	-1	19952
405902186	-1	19952	365220693	-1	19952
405902186	-1	19952	216431670	-1	19952
405902186	-1	19952	156906734	-1	19952
405902186	-1	19952	162016104	-1	19952
405902186	-1	19952	263806475	-1	19952
405902186	-1	19952	394660259	-1	19952
405902186	-1	19952	7021028	-1	19952
405902186	-1	19952	249212413	-1	19952
405902186	-1	19952	452294686	-1	19952
405902186	-1	19952	234660397	-1	19952
405902186	-1	19952	301126313	-1	19952
405902186	-1	19952	263386803	-1	19952
405902186	-1	19952	292550460	-1	19952
405902186	-1	19952	394407496	-1	19952
405902186	-1	19952	249046549	-1	19952
405902186	-1	19952	45533230	-1	19952
405902186	-1	19952	59739704	-1	19952
405902186	-1	19952	103735881	-1	19952
405902186	-1	19952	234136394	-1	19952
405902186	-1	19952	117884213	-1	19952
405902186	-1	19952	129477979	-1	19952
405902186	-1	19952	394461720	-1	19952
405902186	-1	19952	147201788	-1	19952
405902186	-1	19952	452587980	-1	19952
405902186	-1	19952	379750167	-1	19952
405902186	-1	19952	117856850	-1	19952
405902186	-1	19952	394134177	-1	19952
405902186	-1	19952	409099481	-1	19952
405902186	-1	19952	263682706	-1	19952
405902186	-1	19952	146315750	-1	19955
405902186	-1	19952	373879599	-1	19955
405902186	-1	19952	60043567	-1	19955
405902186	-1	19952	147432643	-1	19955
405902186	-1	19952	307251557	-1	19955
405902186	-1	19952	172765966	-1	19955
405902186	-1	19952	357727902	-1	19955
405902186	-1	19952	365139791	-1	19955
405902186	-1	19952	409042770	-1	19955
405902186	-1	19952	205427007	-1	19955
405902186	-1	19952	74344132	-1	19955
405902186	-1	19952	380055378	-1	19955
405902186	-1	19952	74631625	-1	19955
405902186	-1	19952	74717554	-1	19955
405902186	-1	19952	452355617	-1	19955
405902186	-1	19952	409146636	-1	19955
405902186	-1	19952	423598513	-1	19955
405902186	-1	19952	161804960	-1	19955
405902186	-1	19952	176393184	-1	19955
405902186	-1	19952	205085763	-1	19955
405902186	-1	19952	423410860	-1	19955
405902186	-1	19952	438139184	-1	19955
405902186	-1	19952	365092438	-1	19955
405902186	-1	19952	263241263	-1	19955
405902186	-1	19952	1919823	-1	19955
405902186	-1	19952	118246785	-1	19955
405902186	-1	19952	74180310	-1	19955
405902186	-1	19952	147264972	-1	19955
405902186	-1	19952	292318972	-1	19955
405902186	-1	19952	307412639	-1	19955
405902186	-1	19952	463959399	-1	19955
405902186	-1	19952	394614944	-1	19955
405902186	-1	19952	132728686	-1	19955
405902186	-1	19952	161554701	-1	19955
405902186	-1	19952	16139630	-1	19955
405902186	-1	19952	103390380	-1	19955
405902186	-1	19952	336053568	-1	19955
405902186	-1	19952	452386152	-1	19955
405902186	-1	19952	234263964	-1	19955
405902186	-1	19952	248805963	-1	19955
405902186	-1	19952	437894529	-1	19955
405902186	-1	19952	88730015	-1	19955
405902186	-1	19952	423367270	-1	19955
405902186	-1	19952	45442020	-1	19955
405902186	-1	19952	278148125	-1	19955
405902186	-1	19952	74377969	-1	19955
405902186	-1	19952	408657102	-1	19955
405902186	-1	19952	59658036	-1	19955
405902186	-1	19952	220162159	-1	19955
405902186	-1	19952	103648340	-1	19955
405902186	-1	19952	1892998	-1	19955
405902186	-1	19952	219940014	-1	19955
405902186	-1	19952	230042090	-1	19955
405902186	-1	19952	45415127	-1	19955
405902186	-1	19952	408897692	-1	19955
405902186	-1	19952	249038925	-1	19955
405902186	-1	19952	438219788	-1	19955
405902186	-1	19952	394217655	-1	19955
405902186	-1	19952	45422842	-1	19955
405902186	-1	19952	176006397	-1	19955
405902186	-1	19952	103589193	-1	19955
405902186	-1	19952	321782544	-1	19955
405902186	-1	19952	190652207	-1	19955
405902186	-1	19952	190918651	-1	19955
405902186	-1	19952	365502206	-1	19955
405902186	-1	19952	307128189	-1	19955
405902186	-1	19952	1535667	-1	19955
405902186	-1	19952	103547714	-1	19955
405902186	-1	19952	350817604	-1	19955
405902186	-1	19952	30895913	-1	19955
405902186	-1	19952	103759651	-1	19955
405902186	-1	19952	146957349	-1	19955
405902186	-1	19952	234379540	-1	19955
405902186	-1	19952	240698562	-1	19955
405902186	-1	19952	249013521	-1	19955
405902186	-1	19952	350697414	-1	19955
405902186	-1	19952	379683157	-1	19955
405902186	-1	19952	389801521	-1	19955
405902186	-1	19952	147439907	-1	19955
405902186	-1	19952	190576529	-1	19955
405902186	-1	19952	336176405	-1	19955
405902186	-1	19952	437900086	-1	19955
405902186	-1	19952	452529829	-1	19955
405902186	-1	19952	8813819	-1	19955
405902186	-1	19952	118372845	-1	19955
405902186	-1	19952	161836043	-1	19955
405902186	-1	19952	205302276	-1	19955
405902186	-1	19952	261581563	-1	19955
405902186	-1	19952	409143755	-1	19955
405902186	-1	19952	248807982	-1	19955
405902186	-1	19952	307093583	-1	19955
405902186	-1	19952	314232992	-1	19955
405902186	-1	19952	321532854	-1	19955
405902186	-1	19952	365596739	-1	19955
405902186	-1	19952	423642917	-1	19955
405902186	-1	19952	45529224	-1	19955
405902186	-1	19952	147283803	-1	19955
405902186	-1	19952	190857830	-1	19955
405902186	-1	19952	176306348	-1	19955
405902186	-1	19952	350532761	-1	19955
405902186	-1	19952	389063758	-1	19955
405902186	-1	19952	403171127	-1	19955
405902186	-1	19952	219992064	-1	19955
405902186	-1	19952	263566074	-1	19955
405902186	-1	19952	333235874	-1	19955
405902186	-1	19952	350595105	-1	19955
405902186	-1	19952	25543218	-1	19955
405902186	-1	19952	30941633	-1	19955
405902186	-1	19952	45339916	-1	19955
405902186	-1	19952	138302736	-1	19955
405902186	-1	19952	161703007	-1	19955
405902186	-1	19952	336514781	-1	19955
405902186	-1	19952	365109117	-1	19955
405902186	-1	19952	379907999	-1	19955
405902186	-1	19952	394219831	-1	19955
405902186	-1	19952	423748899	-1	19955
405902186	-1	19952	53803084	-1	19955
405902186	-1	19952	103823497	-1	19955
405902186	-1	19952	141271180	-1	19955
405902186	-1	19952	190795434	-1	19955
405902186	-1	19952	205388762	-1	19955
405902186	-1	19952	74619009	-1	19955
405902186	-1	19952	138173051	-1	19955
405902186	-1	19952	234411413	-1	19955
405902186	-1	19952	278103405	-1	19955
405902186	-1	19952	336219793	-1	19955
405902186	-1	19952	365468863	-1	19955
405902186	-1	19952	205312830	-1	19955
405902186	-1	19952	100149869	-1	19955
405902186	-1	19952	161575061	-1	19955
405902186	-1	19952	285885252	-1	19955
405902186	-1	19952	16360323	-1	19955
405902186	-1	19952	219908350	-1	19955
405902186	-1	19952	219955378	-1	19955
405902186	-1	19952	292638627	-1	19955
405902186	-1	19952	336182757	-1	19955
405902186	-1	19952	103328080	-1	19955
405902186	-1	19952	176239237	-1	19955
405902186	-1	19952	205614082	-1	19955
405902186	-1	19952	234134033	-1	19955
405902186	-1	19952	303176083	-1	19955
405902186	-1	19952	336091835	-1	19955
405902186	-1	19952	336406894	-1	19955
405902186	-1	19952	360445180	-1	19955
405902186	-1	19952	98000880	-1	19955
405902186	-1	19952	103393220	-1	19955
405902186	-1	19952	263682694	-1	19955
405902186	-1	19952	307308671	-1	19955
405902186	-1	19952	234380603	-1	19955
405902186	-1	19952	16322578	-1	19955
405902186	-1	19952	42998479	-1	19955
405902186	-1	19952	74181524	-1	19955
405902186	-1	19952	74749988	-1	19955
405902186	-1	19952	30758623	-1	19955
405902186	-1	19952	103824754	-1	19955
405902186	-1	19952	132680671	-1	19955
405902186	-1	19952	249013204	-1	19955
405902186	-1	19952	321781346	-1	19955
405902186	-1	19952	16477948	-1	19955
405902186	-1	19952	292359011	-1	19955
405902186	-1	19952	292433068	-1	19955
405902186	-1	19952	30619769	-1	19955
405902186	-1	19952	278314763	-1	19955
405902186	-1	19952	438011194	-1	19955
405902186	-1	19952	176429885	-1	19955
405902186	-1	19952	255248528	-1	19955
405902186	-1	19952	437038675	-1	19955
405902186	-1	19952	446658266	-1	19955
405902186	-1	19952	278193997	-1	19955
405902186	-1	19952	332283203	-1	19955
405902186	-1	19952	219603872	-1	19955
405902186	-1	19952	335246765	-1	19955
405902186	-1	19952	255192724	-1	19955
405902186	-1	19952	307098380	-1	19955
405902186	-1	19952	321701942	-1	19955
405902186	-1	19952	437875970	-1	19955
405902186	-1	19952	59836760	-1	19955
405902186	-1	19952	214867233	-1	19955
405902186	-1	19952	59997600	-1	19955
405902186	-1	19952	103589584	-1	19955
405902186	-1	19952	216014312	-1	19955
405902186	-1	19952	220165568	-1	19955
405902186	-1	19952	243075389	-1	19955
405902186	-1	19952	132435977	-1	19955
405902186	-1	19952	360604144	-1	19955
405902186	-1	19952	438055752	-1	19955
405902186	-1	19952	147180179	-1	19955
405902186	-1	19952	225572231	-1	19955
405902186	-1	19952	423730644	-1	19955
405902186	-1	19952	176169158	-1	19955
405902186	-1	19952	321725784	-1	19955
405902186	-1	19952	30729166	-1	19955
405902186	-1	19952	132901339	-1	19955
405902186	-1	19952	292801893	-1	19955
405902186	-1	19952	125381873	-1	19955
405902186	-1	19952	161725667	-1	19955
405902186	-1	19952	278014330	-1	19955
405902186	-1	19952	306862128	-1	19955
405902186	-1	19952	350850028	-1	19955
405902186	-1	19952	380128068	-1	19955
405902186	-1	19952	30927425	-1	19955
405902186	-1	19952	54415149	-1	19955
405902186	-1	19952	45487179	-1	19955
405902186	-1	19952	74649009	-1	19955
405902186	-1	19952	248864460	-1	19955
405902186	-1	19952	88791206	-1	19955
405902186	-1	19952	263517709	-1	19955
405902186	-1	19952	176040433	-1	19955
405902186	-1	19952	118073912	-1	19955
405902186	-1	19952	161940716	-1	19955
405902186	-1	19952	249177377	-1	19955
405902186	-1	19952	409211616	-1	19955
405902186	-1	19952	74583507	-1	19955
405902186	-1	19952	30970471	-1	19955
405902186	-1	19952	118239237	-1	19955
405902186	-1	19952	45676363	-1	19955
405902186	-1	19952	45394836	-1	19955
405902186	-1	19952	379845969	-1	19955
405902186	-1	19952	117806900	-1	19955
405902186	-1	19952	292533874	-1	19955
405902186	-1	19952	423592421	-1	19955
405902186	-1	19952	307073545	-1	19958
405902186	-1	19952	176351297	-1	19958
405902186	-1	19952	409017014	-1	19958
405902186	-1	19952	408062471	-1	19961
405902186	-1	19952	408654529	-1	19961
405902186	-1	19952	234517943	-1	19961
405902186	-1	19952	146492341	-1	19961
405902186	-1	19952	452295636	-1	19961
405902186	-1	19952	161519582	-1	19961
405902186	-1	19952	202021837	-1	19961
405902186	-1	19952	161533197	-1	19961
405902186	-1	19952	271407944	-1	19961
405902186	-1	19952	350716360	-1	19961
405902186	-1	19952	74320275	-1	19961
405902186	-1	19952	190907321	-1	19961
405902186	-1	19952	365259188	-1	19961
405902186	-1	19952	88745820	-1	19961
405902186	-1	19952	103371278	-1	19961
405902186	-1	19952	365117578	-1	19961
405902186	-1	19952	452365425	-1	19961
405902186	-1	19952	1612049	-1	19961
405902186	-1	19952	132485188	-1	19961
405902186	-1	19952	292856993	-1	19961
405902186	-1	19952	329948042	-1	19961
405902186	-1	19952	336273401	-1	19961
405902186	-1	19952	431797444	-1	19961
405902186	-1	19952	1556867	-1	19961
405902186	-1	19952	304157347	-1	19961
405902186	-1	19952	117887915	-1	19961
405902186	-1	19952	132853366	-1	19961
405902186	-1	19952	277867755	-1	19961
405902186	-1	19952	1570439	-1	19961
405902186	-1	19952	16110384	-1	19961
405902186	-1	19952	45619228	-1	19961
405902186	-1	19952	176067880	-1	19961
405902186	-1	19952	263623431	-1	19961
405902186	-1	19952	83275953	-1	19961
405902186	-1	19952	82887549	-1	19961
405902186	-1	19952	321530156	-1	19961
405902186	-1	19952	306988509	-1	19961
405902186	-1	19952	350682070	-1	19961
405902186	-1	19952	59745784	-1	19961
405902186	-1	19952	190653369	-1	19961
405902186	-1	19952	219888580	-1	19961
405902186	-1	19952	88864752	-1	19961
405902186	-1	19952	74263523	-1	19961
405902186	-1	19952	103534429	-1	19970
405902186	-1	19952	364305229	-1	19970
405902186	-1	19952	335222298	-1	19970
405902186	-1	19952	379970293	-1	19973
405902186	-1	19952	791978	-1	19973
405902186	-1	19952	461936688	-1	19973
405902186	-1	19952	292558828	-1	19973
405902186	-1	19952	1889786	-1	19973
405902186	-1	19952	350898867	-1	19973
405902186	-1	19952	117816975	-1	19973
405902186	-1	19952	234352350	-1	19973
405902186	-1	19952	45527803	-1	19973
405902186	-1	19952	175988370	-1	19973
405902186	-1	19952	407970148	-1	19973
405902186	-1	19952	408927497	-1	19973
405902186	-1	19952	435167011	-1	19973
405902186	-1	19952	41213649	-1	19973
405902186	-1	19952	117894032	-1	19973
405902186	-1	19952	182823745	-1	19973
405902186	-1	19952	321534234	-1	19973
405902186	-1	19952	16155154	-1	19973
405902186	-1	19952	306987750	-1	19973
405902186	-1	19952	321526716	-1	19973
405902186	-1	19952	379690656	-1	19973
405902186	-1	19952	278347129	-1	19973
405902186	-1	19952	292549441	-1	19973
405902186	-1	19952	332386700	-1	19973
405902186	-1	19952	16098964	-1	19973
405902186	-1	19952	16118926	-1	19973
405902186	-1	19952	248026446	-1	19973
405902186	-1	19952	394316602	-1	19973
405902186	-1	19952	88071099	-1	19973
405902186	-1	19952	277109954	-1	19973
405902186	-1	19952	278009766	-1	19973
405902186	-1	19952	349819473	-1	19973
405902186	-1	19952	379776276	-1	19973
405902186	-1	19952	59700673	-1	19973
405902186	-1	19952	248893713	-1	19973
405902186	-1	19952	31145340	-1	19973
405902186	-1	19952	292412405	-1	19973
405902186	-1	19952	132409039	-1	19973
405902186	-1	19952	437146630	-1	19976
405902186	-1	19952	307045413	-1	19976
405902186	-1	19952	51842457	-1	19976
405902186	-1	19952	217352527	-1	19976
405902186	-1	19952	263624097	-1	19976
405902186	-1	19952	394487889	-1	19976
405902186	-1	19952	335916447	-1	19976
405902186	-1	19952	74579619	-1	19976
405902186	-1	19952	171322427	-1	19976
405902186	-1	19952	452660079	-1	19976
405902186	-1	19952	190923694	-1	19976
405902186	-1	19952	336536186	-1	19976
405902186	-1	19952	1569171	-1	19976
405902186	-1	19952	365107733	-1	19976
405902186	-1	19952	321799973	-1	19976
405902186	-1	19952	406482230	-1	19976
405902186	-1	19952	143299601	-1	19976
405902186	-1	19952	420084994	-1	19976
405902186	-1	19952	176369063	-1	19976
405902186	-1	19952	204730537	-1	19976
405902186	-1	19952	365029547	-1	19979
405902186	-1	19952	350526683	-1	19979
405902186	-1	19952	30818791	-1	19979
405902186	-1	19952	248943431	-1	19979
405902186	-1	19952	394552902	-1	19982
405902186	-1	19952	38631433	-1	19982
405902186	-1	19952	205557320	-1	19982
405902186	-1	19952	103030450	-1	19982
405902186	-1	19952	160769377	-1	19982
405902186	-1	19952	88014249	-1	19982
405902186	-1	19952	175266736	-1	19982
405902186	-1	19952	422533722	-1	19982
405902186	-1	19952	131846074	-1	19982
405902186	-1	19952	277080930	-1	19982
405902186	-1	19952	320706996	-1	19982
405902186	-1	19952	15513422	-1	19982
405902186	-1	19952	437489743	-1	19982
405902186	-1	19952	204819928	-1	19982
405902186	-1	19952	262552163	-1	19982
405902186	-1	19952	73512947	-1	19982
405902186	-1	19952	131810588	-1	19982
405902186	-1	19952	768160	-1	19982
405902186	-1	19952	88017615	-1	19982
405902186	-1	19952	175433049	-1	19982
405902186	-1	19952	320679206	-1	19982
405902186	-1	19952	437012585	-1	19982
405902186	-1	19952	219087020	-1	19982
405902186	-1	19952	407976607	-1	19982
405902186	-1	19952	88214171	-1	19982
405902186	-1	19952	364318936	-1	19982
405902186	-1	19952	233444595	-1	19982
405902186	-1	19952	277254997	-1	19982
405902186	-1	19952	451752648	-1	19982
405902186	-1	19952	321375252	-1	19982
405902186	-1	19952	437488905	-1	19982
405902186	-1	19952	44588554	-1	19982
405902186	-1	19952	147455169	-1	19985
405902186	-1	19952	16992571	-1	19985
405902186	-1	19952	59765730	-1	19988
405902186	-1	19952	118259868	-1	19988
405902186	-1	19952	272667934	-1	19997
405902186	-1	19952	14184684	-1	19997
405902186	-1	19952	141462812	-1	19997
405902186	-1	19952	60111644	-1	20000
405902186	-1	19952	379157212	-1	20006
405902186	-1	19952	19527164	-1	20015
405902186	-1	19952	40274939	-1	20018
405902186	-1	19952	423612620	-1	20033
405902186	-1	19952	74398713	-1	20045
405902186	-1	19952	379748736	-1	20054
405902186	-1	19952	103825144	-1	20054
405902186	-1	19952	292691410	-1	20057
405902186	-1	19952	31080239	-1	20057
405902186	-1	19952	1731639	-1	20060
405902186	-1	19952	459001307	-1	20060
405902186	-1	19952	219759177	-1	20060
405902186	-1	19952	156136604	-1	20060
405902186	-1	19952	359581592	-1	20060
405902186	-1	19952	220202752	-1	20060
405902186	-1	19952	234530547	-1	20060
405902186	-1	19952	66777774	-1	20060
405902186	-1	19952	176230403	-1	20060
405902186	-1	19952	219658826	-1	20060
405902186	-1	19952	161461986	-1	20060
405902186	-1	19952	16082561	-1	20060
405902186	-1	19952	350729782	-1	20060
405902186	-1	19952	380100095	-1	20060
405902186	-1	19952	318013043	-1	20060
405902186	-1	19952	350740091	-1	20060
405902186	-1	19952	263285315	-1	20063
405902186	-1	19952	234543613	-1	20063
405902186	-1	19952	118191937	-1	20063
405902186	-1	19952	452729470	-1	20063
405902186	-1	19952	163176992	-1	20063
405902186	-1	19952	320738276	-1	20069
405902186	-1	19952	161012942	-1	20069
405902186	-1	19952	408219268	-1	20069
405902186	-1	19952	335278964	-1	20069
405902186	-1	19952	364364726	-1	20069
405902186	-1	19952	378905063	-1	20069
405902186	-1	19952	160776804	-1	20069
405902186	-1	19952	146195592	-1	20069
405902186	-1	19952	437072722	-1	20069
405902186	-1	19952	102756509	-1	20069
405902186	-1	19952	190220264	-1	20069
405902186	-1	19952	204402725	-1	20069
405902186	-1	19952	248171396	-1	20069
405902186	-1	19952	262930460	-1	20069
405902186	-1	19952	277255192	-1	20069
405902186	-1	19952	422670278	-1	20069
405902186	-1	19952	378886347	-1	20069
405902186	-1	19952	15477124	-1	20069
405902186	-1	19952	58978531	-1	20069
405902186	-1	19952	408096014	-1	20069
405902186	-1	19952	437053387	-1	20069
405902186	-1	19952	806582	-1	20069
405902186	-1	19952	117298689	-1	20069
405902186	-1	19952	239771823	-1	20075
405902186	-1	19952	286047221	-1	20081
405902186	-1	19952	321977176	-1	20081
405902186	-1	19952	234283179	-1	20081
405902186	-1	19952	270301415	-1	20099
405902186	-1	19952	16579086	-1	20099
405902186	-1	19952	452427280	-1	20099
405902186	-1	19952	350478932	-1	20099
405902186	-1	19952	380026705	-1	20099
405902186	-1	19952	408802050	-1	20099
405902186	-1	19952	39400430	-1	20099
405902186	-1	19952	190880523	-1	20099
405902186	-1	19952	409124918	-1	20099
405902186	-1	19952	234336813	-1	20099
405902186	-1	19952	437809236	-1	20099
405902186	-1	19952	88868176	-1	20099
405902186	-1	19952	88886019	-1	20099
405902186	-1	19952	161595171	-1	20099
405902186	-1	19952	248682499	-1	20099
405902186	-1	19952	255897284	-1	20099
405902186	-1	19952	74433824	-1	20099
405902186	-1	19952	103466454	-1	20099
405902186	-1	19952	147325865	-1	20099
405902186	-1	19952	147326301	-1	20099
405902186	-1	19952	176446118	-1	20099
405902186	-1	19952	205052967	-1	20099
405902186	-1	19952	336243269	-1	20099
405902186	-1	19952	423493470	-1	20099
405902186	-1	19952	1341	-1	20099
405902186	-1	19952	30856349	-1	20099
405902186	-1	19952	45152266	-1	20099
405902186	-1	19952	89169913	-1	20099
405902186	-1	19952	132674538	-1	20099
405902186	-1	19952	176461120	-1	20099
405902186	-1	19952	203287891	-1	20099
405902186	-1	19952	394174097	-1	20099
405902186	-1	19952	437776039	-1	20099
405902186	-1	19952	89196961	-1	20099
405902186	-1	19952	205380444	-1	20099
405902186	-1	19952	321825894	-1	20099
405902186	-1	19952	350549041	-1	20099
405902186	-1	19952	45350334	-1	20099
405902186	-1	19952	74720597	-1	20099
405902186	-1	19952	205471612	-1	20099
405902186	-1	19952	307172486	-1	20099
405902186	-1	19952	86811971	-1	20099
405902186	-1	19952	118057697	-1	20099
405902186	-1	19952	173945657	-1	20099
405902186	-1	19952	1839973	-1	20099
405902186	-1	19952	438192470	-1	20099
405902186	-1	19952	176283921	-1	20099
405902186	-1	19952	220033885	-1	20099
405902186	-1	19952	423257597	-1	20099
405902186	-1	19952	16097675	-1	20099
405902186	-1	19952	103478326	-1	20099
405902186	-1	19952	190827738	-1	20099
405902186	-1	19952	132667656	-1	20099
405902186	-1	19952	118123037	-1	20099
405902186	-1	19952	449469647	-1	20099
405902186	-1	19952	219796482	-1	20099
405902186	-1	19952	220101382	-1	20102
405902186	-1	19952	96065391	-1	20102
405902186	-1	19952	409201480	-1	20102
405902186	-1	19952	408869380	-1	20102
405902186	-1	19952	365576833	-1	20102
405902186	-1	19952	8729992	-1	20102
405902186	-1	19952	263443262	-1	20102
405902186	-1	19952	336450914	-1	20102
405902186	-1	19952	45570370	-1	20102
405902186	-1	19952	184072366	-1	20102
405902186	-1	19952	335934494	-1	20102
405902186	-1	19952	205105306	-1	20102
405902186	-1	19952	103325353	-1	20102
405902186	-1	19952	89196128	-1	20102
405902186	-1	19952	438175295	-1	20102
405902186	-1	19952	263677437	-1	20102
405902186	-1	19952	292523063	-1	20102
405902186	-1	19952	59833913	-1	20102
405902186	-1	19952	307057146	-1	20126
405902186	-1	19952	379976939	-1	20129
405902186	-1	19952	292522000	-1	20141
405902186	-1	19952	292552998	-1	20171
405902186	-1	19952	118381505	-1	20282
405902186	-1	19952	83023260	-1	20297
405902186	-1	19952	74676998	-1	20342
405902186	-1	19952	135320392	-1	20429
405902186	-1	19952	30820695	-1	20585
405902186	-1	19952	336105237	-1	21814
405902186	-1	19952	74578919	-1	21820
405902186	-1	19952	234633310	-1	21823
405902186	-1	19952	1675013	-1	21823
405902186	-1	19952	118394616	-1	21835
405902186	-1	19952	205403878	-1	21859
405902186	-1	19952	350881981	-1	21871
405902186	-1	19952	219713219	-1	21871
405902186	-1	19952	350618239	-1	21871
405902186	-1	19952	52224443	-1	21871
85292911	-1	37206	291908356	-1	37206
85292911	-1	37206	85292911	-1	37206
85292911	-1	37206	200030687	-1	37206
85292911	-1	37206	422569597	-1	37206
85292911	-1	37206	108746287	-1	37206
85292911	-1	37206	408240272	-1	37206
85292911	-1	37206	198552259	-1	37206
85292911	-1	37206	320991809	-1	37206
85292911	-1	37206	392264577	-1	37206
85292911	-1	37206	229808472	-1	37206
85292911	-1	37206	245013284	-1	37206
85292911	-1	37206	114791065	-1	37206
85292911	-1	37206	274257259	-1	37206
85292911	-1	37206	298749765	-1	37206
85292911	-1	37206	403833085	-1	37206
85292911	-1	37206	25599542	-1	37206
85292911	-1	37206	387420468	-1	37206
85292911	-1	37206	142085671	-1	37206
85292911	-1	37206	422868813	-1	37206
85292911	-1	37206	315225023	-1	37206
85292911	-1	37206	7173761	-1	37206
85292911	-1	37206	401359426	-1	37206
85292911	-1	37206	68820419	-1	37206
85292911	-1	37206	242835918	-1	37206
85292911	-1	37206	54839401	-1	37206
85292911	-1	37206	40300433	-1	37206
85292911	-1	37206	146278911	-1	37206
85292911	-1	37206	374743230	-1	37206
85292911	-1	37206	277549950	-1	37206
85292911	-1	37206	172063952	-1	37206
85292911	-1	37206	301859460	-1	37206
85292911	-1	37206	447454725	-1	37206
85292911	-1	37206	287501589	-1	37206
85292911	-1	37206	226389375	-1	37206
85292911	-1	37206	132073444	-1	37206
85292911	-1	37206	72577382	-1	37206
85292911	-1	37206	186322077	-1	37206
85292911	-1	37206	405064617	-1	37206
85292911	-1	37206	197825913	-1	37206
85292911	-1	37206	160820688	-1	37206
85292911	-1	37206	175360736	-1	37206
85292911	-1	37206	69623403	-1	37206
85292911	-1	37206	257889084	-1	37206
85292911	-1	37206	262675657	-1	37206
85292911	-1	37206	343314533	-1	37209
85292911	-1	37206	450641230	-1	37209
85292911	-1	37206	231034957	-1	37209
85292911	-1	37206	72539640	-1	37209
85292911	-1	37206	10010646	-1	37209
85292911	-1	37206	297917608	-1	37209
85292911	-1	37206	403331156	-1	37209
85292911	-1	37206	364616071	-1	37209
85292911	-1	37206	94460946	-1	37209
85292911	-1	37206	189969579	-1	37209
85292911	-1	37206	422634337	-1	37209
85292911	-1	37206	443565913	-1	37209
85292911	-1	37206	69373780	-1	37209
85292911	-1	37206	391730947	-1	37209
85292911	-1	37206	129788143	-1	37209
85292911	-1	37206	129228274	-1	37209
85292911	-1	37206	262549574	-1	37209
85292911	-1	37206	99681025	-1	37209
85292911	-1	37206	139169410	-1	37209
85292911	-1	37206	291997548	-1	37209
85292911	-1	37206	88176716	-1	37209
85292911	-1	37206	102904889	-1	37209
85292911	-1	37206	291907640	-1	37212
85292911	-1	37206	359727056	-1	37212
85292911	-1	37206	125557955	-1	37212
85292911	-1	37206	217613783	-1	37212
85292911	-1	37206	160792135	-1	37212
85292911	-1	37206	219199793	-1	37212
85292911	-1	37206	130808930	-1	37212
85292911	-1	37206	448580518	-1	37212
85292911	-1	37206	233792652	-1	37212
85292911	-1	37206	175757617	-1	37212
85292911	-1	37206	335572798	-1	37212
85292911	-1	37206	146674072	-1	37212
85292911	-1	37206	332663731	-1	37215
85292911	-1	37206	335533483	-1	37218
85292911	-1	37206	445489902	-1	37218
85292911	-1	37206	401679736	-1	37218
85292911	-1	37206	400502380	-1	37218
85292911	-1	37206	31049851	-1	37218
85292911	-1	37206	432591812	-1	37218
85292911	-1	37206	117590062	-1	37218
85292911	-1	37206	150181215	-1	37218
85292911	-1	37206	455553823	-1	37218
85292911	-1	37206	437341941	-1	37221
85292911	-1	37206	175593242	-1	37221
85292911	-1	37206	48390385	-1	37221
85292911	-1	37206	242441483	-1	37224
85292911	-1	37206	418778957	-1	37224
85292911	-1	37206	314577372	-1	37224
85292911	-1	37206	262550242	-1	37224
85292911	-1	37206	458695547	-1	37224
85292911	-1	37206	59331914	-1	37227
85292911	-1	37206	73965244	-1	37227
85292911	-1	37206	88509432	-1	37227
85292911	-1	37206	272668566	-1	37227
85292911	-1	37206	320981665	-1	37230
85292911	-1	37206	204745720	-1	37230
85292911	-1	37206	146290894	-1	37233
85292911	-1	37206	277165757	-1	37233
85292911	-1	37206	272786581	-1	37233
85292911	-1	37206	80814980	-1	37233
85292911	-1	37206	262912750	-1	37233
85292911	-1	37206	875379	-1	37233
85292911	-1	37206	82070121	-1	37233
85292911	-1	37206	317897492	-1	37233
85292911	-1	37206	433661622	-1	37233
85292911	-1	37206	275833431	-1	37233
85292911	-1	37206	94552115	-1	37233
85292911	-1	37206	141490617	-1	37233
85292911	-1	37206	421271948	-1	37233
85292911	-1	37206	15657309	-1	37233
85292911	-1	37206	388254524	-1	37233
85292911	-1	37206	54681011	-1	37233
85292911	-1	37206	213408957	-1	37233
85292911	-1	37206	276286599	-1	37233
85292911	-1	37206	256576477	-1	37233
85292911	-1	37206	447357846	-1	37233
85292911	-1	37206	376249817	-1	37233
85292911	-1	37206	168475921	-1	37233
85292911	-1	37206	245465900	-1	37233
85292911	-1	37206	271752081	-1	37233
85292911	-1	37206	54930951	-1	37233
85292911	-1	37206	150185716	-1	37233
85292911	-1	37206	233780867	-1	37233
85292911	-1	37206	277403785	-1	37233
85292911	-1	37206	393739194	-1	37233
85292911	-1	37206	202539409	-1	37233
85292911	-1	37206	50661860	-1	37233
85292911	-1	37206	173272752	-1	37233
85292911	-1	37206	331258298	-1	37233
85292911	-1	37206	146581711	-1	37233
85292911	-1	37206	131987384	-1	37233
85292911	-1	37206	408280646	-1	37233
85292911	-1	37206	30199411	-1	37233
85292911	-1	37206	73824419	-1	37233
85292911	-1	37206	15655609	-1	37233
85292911	-1	37206	437361526	-1	37233
85292911	-1	37206	262862470	-1	37233
85292911	-1	37206	306487853	-1	37233
85292911	-1	37206	44741092	-1	37233
85292911	-1	37206	88366086	-1	37233
85292911	-1	37206	204404824	-1	37233
85292911	-1	37206	321030898	-1	37233
85292911	-1	37206	233778775	-1	37233
85292911	-1	37206	1115802	-1	37233
85292911	-1	37206	146530514	-1	37233
85292911	-1	37206	146528842	-1	37233
85292911	-1	37206	88364984	-1	37233
85292911	-1	37206	248320114	-1	37233
85292911	-1	37206	117446021	-1	37233
85292911	-1	37206	321030669	-1	37233
85292911	-1	37206	161072855	-1	37233
85292911	-1	37206	185191622	-1	37236
85292911	-1	37206	406247793	-1	37236
85292911	-1	37206	201758006	-1	37236
85292911	-1	37206	171944686	-1	37236
85292911	-1	37206	44790648	-1	37236
85292911	-1	37206	9209849	-1	37239
85292911	-1	37206	39742878	-1	37239
85292911	-1	37206	161121904	-1	37239
85292911	-1	37206	249184493	-1	37239
85292911	-1	37206	53332017	-1	37239
85292911	-1	37206	463760387	-1	37239
85292911	-1	37206	175662532	-1	37239
85292911	-1	37206	56910656	-1	37239
85292911	-1	37206	204743309	-1	37239
85292911	-1	37206	57049501	-1	37239
85292911	-1	37206	110422924	-1	37239
85292911	-1	37206	102855227	-1	37239
85292911	-1	37206	262893731	-1	37239
85292911	-1	37206	463010737	-1	37239
85292911	-1	37206	27094364	-1	37239
85292911	-1	37206	357205487	-1	37239
85292911	-1	37206	8361696	-1	37239
85292911	-1	37206	393768951	-1	37239
85292911	-1	37206	364683871	-1	37239
85292911	-1	37206	321173849	-1	37239
85292911	-1	37206	344549390	-1	37239
85292911	-1	37206	451952970	-1	37239
85292911	-1	37206	397390658	-1	37239
85292911	-1	37206	172939966	-1	37239
85292911	-1	37206	44546846	-1	37239
85292911	-1	37206	360790739	-1	37239
85292911	-1	37206	59088381	-1	37239
85292911	-1	37206	262670819	-1	37239
85292911	-1	37206	277548938	-1	37239
85292911	-1	37206	103026984	-1	37239
85292911	-1	37206	73910638	-1	37239
85292911	-1	37206	408000804	-1	37239
85292911	-1	37206	281067100	-1	37239
85292911	-1	37206	258252093	-1	37242
85292911	-1	37206	304779827	-1	37242
85292911	-1	37206	110085154	-1	37242
85292911	-1	37206	319866431	-1	37242
85292911	-1	37206	53287984	-1	37242
85292911	-1	37206	377946712	-1	37242
85292911	-1	37206	335518399	-1	37242
85292911	-1	37206	124166673	-1	37242
85292911	-1	37206	246055584	-1	37242
85292911	-1	37206	102857390	-1	37242
85292911	-1	37206	422776313	-1	37242
85292911	-1	37206	117400281	-1	37242
85292911	-1	37206	117401409	-1	37242
85292911	-1	37206	146483719	-1	37242
85292911	-1	37206	448582231	-1	37242
85292911	-1	37206	389260112	-1	37242
85292911	-1	37206	54932299	-1	37242
85292911	-1	37206	460027404	-1	37242
85292911	-1	37206	44855011	-1	37242
85292911	-1	37206	153249831	-1	37242
85292911	-1	37206	262817436	-1	37242
85292911	-1	37206	4766653	-1	37242
85292911	-1	37206	29883575	-1	37242
85292911	-1	37206	127752817	-1	37242
85292911	-1	37206	142088880	-1	37242
85292911	-1	37206	157902066	-1	37242
85292911	-1	37206	416490837	-1	37242
85292911	-1	37206	284578448	-1	37242
85292911	-1	37206	450316485	-1	37242
85292911	-1	37206	54833898	-1	37242
85292911	-1	37206	316452253	-1	37242
85292911	-1	37206	319344466	-1	37242
85292911	-1	37206	389161981	-1	37242
85292911	-1	37206	301854541	-1	37242
85292911	-1	37206	415448817	-1	37242
85292911	-1	37206	198519872	-1	37242
85292911	-1	37206	358735814	-1	37242
85292911	-1	37206	200258560	-1	37242
85292911	-1	37206	345514284	-1	37242
85292911	-1	37206	25614598	-1	37242
85292911	-1	37206	59400757	-1	37242
85292911	-1	37206	408076899	-1	37242
85292911	-1	37206	330033732	-1	37242
85292911	-1	37206	212329333	-1	37242
85292911	-1	37206	415522037	-1	37242
85292911	-1	37206	460145561	-1	37242
85292911	-1	37206	127795347	-1	37242
85292911	-1	37206	373626331	-1	37242
85292911	-1	37206	461066960	-1	37242
85292911	-1	37206	304756522	-1	37242
85292911	-1	37206	390264495	-1	37242
85292911	-1	37206	232390569	-1	37242
85292911	-1	37206	181576145	-1	37242
85292911	-1	37206	225581563	-1	37242
85292911	-1	37206	376027204	-1	37242
85292911	-1	37206	289831563	-1	37242
85292911	-1	37206	230139896	-1	37242
85292911	-1	37206	99456428	-1	37242
85292911	-1	37206	72374603	-1	37242
85292911	-1	37206	244576079	-1	37242
85292911	-1	37206	407033703	-1	37242
85292911	-1	37206	202239585	-1	37242
85292911	-1	37206	406573978	-1	37242
85292911	-1	37206	226215953	-1	37242
85292911	-1	37206	12944468	-1	37242
85292911	-1	37206	406851460	-1	37242
85292911	-1	37206	320826178	-1	37242
85292911	-1	37206	146343143	-1	37242
85292911	-1	37206	88051297	-1	37242
85292911	-1	37206	175426667	-1	37245
85292911	-1	37206	451951583	-1	37245
85292911	-1	37206	417864882	-1	37248
85292911	-1	37206	298289863	-1	37248
85292911	-1	37206	451933505	-1	37248
85292911	-1	37206	422850428	-1	37248
85292911	-1	37206	303419888	-1	37248
85292911	-1	37206	1161661	-1	37248
85292911	-1	37206	335236784	-1	37248
85292911	-1	37206	291902477	-1	37248
85292911	-1	37206	15322424	-1	37248
85292911	-1	37206	248371900	-1	37248
85292911	-1	37206	204360408	-1	37248
85292911	-1	37206	88028064	-1	37248
85292911	-1	37206	778296	-1	37248
85292911	-1	37206	218902607	-1	37248
85292911	-1	37206	88547381	-1	37251
85292911	-1	37206	190339862	-1	37251
85292911	-1	37206	1144764	-1	37251
85292911	-1	37206	437546645	-1	37251
85292911	-1	37206	408228957	-1	37251
85292911	-1	37206	175593869	-1	37251
85292911	-1	37206	263046699	-1	37251
85292911	-1	37206	244978028	-1	37251
85292911	-1	37206	30197877	-1	37251
85292911	-1	37206	291996031	-1	37257
85292911	-1	37206	277454052	-1	37257
85292911	-1	37206	171135411	-1	37257
85292911	-1	37206	451590469	-1	37257
85292911	-1	37206	88507316	-1	37260
85292911	-1	37206	364684864	-1	37263
85292911	-1	37206	132132011	-1	37263
85292911	-1	37206	269911554	-1	37266
85292911	-1	37206	225132423	-1	37266
85292911	-1	37206	44922627	-1	37266
85292911	-1	37206	21541517	-1	37269
85292911	-1	37206	379147355	-1	37269
85292911	-1	37206	335715269	-1	37269
85292911	-1	37206	30341469	-1	37269
85292911	-1	37206	132132178	-1	37269
85292911	-1	37206	73631143	-1	37272
85292911	-1	37206	73941253	-1	37275
85292911	-1	37206	44402925	-1	37275
85292911	-1	37206	86812676	-1	37278
85292911	-1	37206	50461695	-1	37278
85292911	-1	37206	393880188	-1	37281
85292911	-1	37206	320715970	-1	37281
85292911	-1	37206	117409089	-1	37284
85292911	-1	37206	379340729	-1	37284
85292911	-1	37206	132132648	-1	37290
85292911	-1	37206	451773154	-1	37290
85292911	-1	37206	269769406	-1	37293
85292911	-1	37206	12221763	-1	37299
85292911	-1	37206	227824282	-1	37302
85292911	-1	37206	419454121	-1	37302
85292911	-1	37206	364796637	-1	37305
85292911	-1	37206	350257330	-1	37305
85292911	-1	37206	335714160	-1	37308
85292911	-1	37206	146580320	-1	37311
85292911	-1	37206	103049182	-1	37311
85292911	-1	37206	393737372	-1	37311
85292911	-1	37206	350113590	-1	37311
85292911	-1	37206	292090814	-1	37314
85292911	-1	37206	59029549	-1	37314
85292911	-1	37206	271611046	-1	37317
85292911	-1	37206	341585411	-1	37320
85292911	-1	37206	161103065	-1	37320
85292911	-1	37206	242822856	-1	37320
85292911	-1	37206	81640174	-1	37326
85292911	-1	37206	437477086	-1	37326
85292911	-1	37206	186142614	-1	37332
85292911	-1	37206	379158099	-1	37335
85292911	-1	37206	233864914	-1	37338
85292911	-1	37206	422904554	-1	37338
85292911	-1	37206	321059505	-1	37341
85292911	-1	37206	73923850	-1	37344
85292911	-1	37206	399574034	-1	37350
85292911	-1	37206	50464648	-1	37350
85292911	-1	37206	414380379	-1	37350
85292911	-1	37206	175613761	-1	37350
85292911	-1	37206	117592496	-1	37359
85292911	-1	37206	306632047	-1	37359
85292911	-1	37206	233780574	-1	37374
85292911	-1	37206	420329409	-1	37377
85292911	-1	37206	202022516	-1	37377
85292911	-1	37206	370484274	-1	37380
85292911	-1	37206	1114513	-1	37380
85292911	-1	37206	25882202	-1	37386
85292911	-1	37206	408394366	-1	37386
85292911	-1	37206	353764758	-1	37389
85292911	-1	37206	24737789	-1	37389
85292911	-1	37206	269390084	-1	37389
85292911	-1	37206	350231353	-1	37389
85292911	-1	37206	262894941	-1	37395
85292911	-1	37206	154531835	-1	37395
85292911	-1	37206	335544107	-1	37395
85292911	-1	37206	161120819	-1	37398
85292911	-1	37206	219051552	-1	37425
85292911	-1	37206	117564790	-1	37428
85292911	-1	37206	190298299	-1	37428
85292911	-1	37206	243748342	-1	37431
85292911	-1	37206	273090613	-1	37434
85292911	-1	37206	320790666	-1	37434
85292911	-1	37206	408394238	-1	37434
85292911	-1	37206	418378297	-1	37440
85292911	-1	37206	248406044	-1	37443
85292911	-1	37206	350229606	-1	37449
85292911	-1	37206	37179346	-1	37455
85292911	-1	37206	350296206	-1	37455
85292911	-1	37206	263006264	-1	37455
85292911	-1	37206	204510112	-1	37455
85292911	-1	37206	219382523	-1	37455
85292911	-1	37206	362426476	-1	37458
85292911	-1	37206	190187086	-1	37464
85292911	-1	37206	141899609	-1	37467
85292911	-1	37206	379225565	-1	37470
85292911	-1	37206	291759706	-1	37473
85292911	-1	37206	57468018	-1	37473
85292911	-1	37206	213600139	-1	37476
85292911	-1	37206	301933467	-1	37491
85292911	-1	37206	101204894	-1	37497
85292911	-1	37206	233811407	-1	37500
85292911	-1	37206	446061157	-1	37509
85292911	-1	37206	67079749	-1	37509
85292911	-1	37206	317170083	-1	37521
85292911	-1	37206	217849189	-1	37539
85292911	-1	37206	350258082	-1	37554
85292911	-1	37206	15439931	-1	37554
85292911	-1	37206	141604837	-1	37557
85292911	-1	37206	201444305	-1	37560
85292911	-1	37206	422852423	-1	37560
85292911	-1	37206	55672422	-1	37563
85292911	-1	37206	348419217	-1	37575
85292911	-1	37206	124495765	-1	37575
85292911	-1	37206	321172976	-1	37581
85292911	-1	37206	171738704	-1	37593
85292911	-1	37206	190185916	-1	37593
85292911	-1	37206	358010730	-1	37596
85292911	-1	37206	360639903	-1	37608
85292911	-1	37206	123193572	-1	37623
85292911	-1	37206	248351695	-1	37623
85292911	-1	37206	415264205	-1	37629
85292911	-1	37206	321059093	-1	37635
85292911	-1	37206	422495103	-1	37659
85292911	-1	37206	259465815	-1	37674
85292911	-1	37206	313435566	-1	37680
85292911	-1	37206	159069753	-1	37683
85292911	-1	37206	254964527	-1	37683
85292911	-1	37206	110534448	-1	37710
85292911	-1	37206	254043798	-1	37761
85292911	-1	37206	117477234	-1	37767
85292911	-1	37206	40014092	-1	37770
85292911	-1	37206	248352756	-1	37782
85292911	-1	37206	73968115	-1	37785
85292911	-1	37206	343167511	-1	37800
85292911	-1	37206	117478238	-1	37800
85292911	-1	37206	321061062	-1	37815
85292911	-1	37206	85188542	-1	37878
85292911	-1	37206	364799220	-1	37893
85292911	-1	37206	27560724	-1	37896
85292911	-1	37206	318386672	-1	37983
85292911	-1	37206	59155844	-1	38088
85292911	-1	37206	171377548	-1	38097
85292911	-1	37206	88238931	-1	38097
85292911	-1	37206	393613806	-1	38097
85292911	-1	37206	347659427	-1	38100
85292911	-1	37206	371789319	-1	38100
85292911	-1	37206	51420212	-1	38112
85292911	-1	37206	204841629	-1	38121
85292911	-1	37206	448158184	-1	38127
85292911	-1	37206	161103465	-1	38133
85292911	-1	37206	161103845	-1	38133
85292911	-1	37206	44770799	-1	38148
85292911	-1	37206	175643270	-1	38148
85292911	-1	37206	292090839	-1	38157
85292911	-1	37206	364530320	-1	38166
85292911	-1	37206	132133029	-1	38178
85292911	-1	37206	147380521	-1	38184
85292911	-1	37206	248353276	-1	38220
85292911	-1	37206	379341238	-1	38226
85292911	-1	37206	300528113	-1	38256
85292911	-1	37206	109093694	-1	38274
85292911	-1	37206	408155066	-1	38277
85292911	-1	37206	333784754	-1	38280
85292911	-1	37206	248351301	-1	38304
85292911	-1	37206	277550185	-1	38310
85292911	-1	37206	306631368	-1	38316
85292911	-1	37206	146645244	-1	38319
85292911	-1	37206	379314675	-1	38319
85292911	-1	37206	306447687	-1	38361
85292911	-1	37206	408421363	-1	38367
85292911	-1	37206	248197815	-1	38382
85292911	-1	37206	117591505	-1	38382
85292911	-1	37206	175273397	-1	38418
85292911	-1	37206	86098215	-1	38427
85292911	-1	37206	451717465	-1	38433
85292911	-1	37206	190300476	-1	38433
85292911	-1	37206	306630620	-1	38433
85292911	-1	37206	204840492	-1	38433
85292911	-1	37206	111910047	-1	38442
85292911	-1	37206	182596012	-1	38562
85292911	-1	37206	459574330	-1	38565
85292911	-1	37206	328856705	-1	38586
85292911	-1	37206	461509532	-1	38595
85292911	-1	37206	80815441	-1	38664
85292911	-1	37206	437109552	-1	38751
85292911	-1	37206	219381787	-1	38772
85292911	-1	37206	335691662	-1	38802
85292911	-1	37206	73943534	-1	38814
85292911	-1	37206	219034736	-1	38823
85292911	-1	37206	111834642	-1	38826
85292911	-1	37206	15451892	-1	38865
85292911	-1	37206	349911287	-1	38892
85292911	-1	37206	59093358	-1	38913
85292911	-1	37206	13160452	-1	38916
85292911	-1	37206	131936053	-1	38946
85292911	-1	37206	261088207	-1	38994
 