487667	-1	195	7.166E-48	2	1113	1919	276	149	0.578	1.651E-37	26	155	421	-1919	-1524	396	1991	1521
487667	-1	195	7.166E-48	2	1113	1919	285	45	0.255	7.695E-02	156	277	421	-1466	-1113	354	1466	1056
785766	1	254	1.243E-65	1	6624	7304	133	254	0.576	3.018E-63	0	226	235	6624	7304	681	3291	7316
879173	1	509	2.147E-142	1	5097	7262	133	509	0.404	1.162E-144	1	730	746	5097	7262	2166	3291	7316
1091828	1	719	1.305E-205	1	3363	7307	133	719	0.336	5.936E-215	15	1366	1367	3363	7307	3945	3291	7316
1156719	1	393	1.784E-107	1	5847	7310	133	393	0.448	9.157E-107	0	486	493	5847	7310	1464	3291	7316
1160246	1	391	7.135E-107	1	5574	7310	133	391	0.394	5.242E-106	54	617	624	5574	7310	1737	3291	7316
1621247	-1	50	3.196E-04	1	6860	7054	174	50	0.414	4.448E-04	16	80	81	-7054	-6860	195	7138	6830
1639158	-1	51	1.598E-04	1	5822	6007	194	51	0.437	8.403E-05	6	67	122	-6007	-5822	186	6010	5756
1667578	1	522	2.621E-146	1	4227	7262	133	522	0.329	5.791E-149	51	993	1013	4227	7262	3036	3291	7316
1670259	1	521	5.242E-146	1	4227	7262	133	521	0.328	1.427E-148	301	1273	1293	4227	7262	3036	3291	7316
1773716	1	545	3.124E-153	1	3462	7256	133	545	0.287	2.031E-156	85	1389	1507	3462	7256	3795	3291	7316
1797054	1	310	1.725E-82	1	5106	6680	133	310	0.345	1.252E-80	1	555	579	5106	6680	1575	3291	7316
1895121	1	295	5.653E-78	1	5025	6782	133	295	0.301	7.333E-76	376	1024	1028	5025	6782	1758	3291	7316
1916986	1	469	2.361E-130	1	4227	7259	133	469	0.306	2.649E-131	487	1397	1419	4227	7259	3033	3291	7316
1964513	1	447	9.901E-124	1	4335	7262	133	447	0.304	4.303E-124	17	985	1007	4335	7262	2928	3291	7316
1965685	1	396	2.230E-108	1	3966	7271	133	396	0.263	8.923E-108	98	982	1000	3966	7271	3306	3291	7316
1966965	1	527	8.190E-148	1	4227	7256	133	527	0.329	2.120E-150	99	1115	1138	4227	7256	3030	3291	7316
1967439	1	462	3.022E-128	1	4227	7256	133	462	0.304	3.071E-129	105	1018	1041	4227	7256	3030	3291	7316
1967568	1	383	1.826E-104	1	4404	7262	133	383	0.280	1.303E-103	462	1355	1377	4404	7262	2859	3291	7316
2000418	1	566	1.490E-159	1	4215	7256	133	566	0.346	2.249E-163	333	1337	1426	4215	7256	3042	3291	7316
2070146	1	377	1.169E-102	1	5715	7256	133	377	0.405	1.341E-101	50	585	608	5715	7256	1542	3291	7316
8872457	1	296	2.826E-78	1	5829	7025	133	296	0.420	2.385E-76	38	438	441	5829	7025	1197	3291	7316
10032003	-1	102	7.097E-20	2	2311	2711	258	72	0.484	1.496E-10	21	97	198	-2711	-2481	231	2930	2445
10032003	-1	102	7.097E-20	2	2311	2711	262	55	0.571	4.254E-06	124	170	198	-2451	-2311	141	2457	2233
13768036	1	302	4.416E-80	1	6567	7190	133	302	0.713	4.654E-78	0	208	225	6567	7190	624	3291	7316
14490698	1	269	3.793E-70	1	5748	6875	133	269	0.410	4.388E-68	173	545	553	5748	6875	1128	3291	7316
14921774	-1	207	1.749E-51	2	1113	1922	276	149	0.573	2.263E-37	32	162	431	-1922	-1524	399	1991	1521
14921774	-1	207	1.749E-51	2	1113	1922	285	57	0.295	5.049E-06	163	285	431	-1466	-1113	354	1466	1056
15262684	-1	199	4.479E-49	2	1113	1916	276	151	0.586	4.678E-38	29	157	427	-1916	-1524	393	1991	1521
15262684	-1	199	4.479E-49	2	1113	1916	285	47	0.259	2.234E-02	158	280	427	-1466	-1113	354	1466	1056
15526196	1	230	2.085E-58	1	5685	6428	133	230	0.489	5.153E-56	65	317	330	5685	6428	744	3291	7316
16024049	1	479	2.305E-133	1	4152	7262	133	479	0.306	8.567E-135	405	1442	1464	4152	7262	3111	3291	7316
16105159	1	418	5.316E-115	1	5088	7262	133	418	0.333	6.956E-115	2	794	927	5088	7262	2175	3291	7316
16186921	1	548	3.905E-154	1	4224	7304	133	548	0.336	1.817E-157	158	1167	1174	4224	7304	3081	3291	7316
16210033	1	436	2.028E-120	1	4590	7262	133	436	0.317	1.246E-120	429	1215	1235	4590	7262	2673	3291	7316
16232457	1	447	9.901E-124	1	5055	7256	133	447	0.348	3.201E-124	318	1111	1130	5055	7256	2202	3291	7316
16337352	1	439	2.535E-121	1	4935	7277	133	439	0.347	1.177E-121	0	782	826	4935	7277	2343	3291	7316
16483656	1	371	7.481E-101	1	5829	7304	133	371	0.427	7.663E-100	100	591	599	5829	7304	1476	3291	7316
16505078	1	526	1.638E-147	1	4227	7256	133	526	0.329	2.863E-150	554	1570	1593	4227	7256	3030	3291	7316
16508345	1	415	4.253E-114	1	4227	7262	133	415	0.284	7.259E-114	387	1377	1399	4227	7262	3036	3291	7316
16517727	-1	60	3.121E-07	1	6860	7129	174	60	0.374	2.260E-07	9	98	99	-7129	-6860	270	7138	6830
29564422	-1	199	4.479E-49	2	1113	1940	276	139	0.519	8.202E-34	22	161	418	-1940	-1524	417	1991	1521
29564422	-1	199	4.479E-49	2	1113	1940	285	59	0.309	1.448E-06	162	273	418	-1466	-1113	354	1466	1056
29924635	1	482	2.882E-134	1	3513	6881	133	482	0.292	1.063E-135	76	1196	1199	3513	6881	3369	3291	7316
29980035	-1	691	3.503E-197	3	737	1949	276	269	0.899	6.817E-79	8	149	397	-1949	-1524	426	1991	1521
29980035	-1	691	3.503E-197	3	737	1949	285	209	0.848	9.816E-59	150	265	397	-1466	-1113	354	1466	1056
29980035	-1	691	3.503E-197	3	737	1949	292	213	0.914	2.076E-59	264	373	397	-1066	-737	330	1069	596
30003014	1	602	2.168E-170	1	3321	7235	133	602	0.306	1.252E-175	1	1288	1322	3321	7235	3915	3291	7316
30006674	1	659	1.504E-187	1	4419	7310	133	659	0.399	1.930E-194	8	870	872	4419	7310	2892	3291	7316
30054834	1	592	2.220E-167	1	4710	7064	133	592	0.428	3.384E-172	1	769	773	4710	7064	2355	3291	7316
30209428	-1	432	3.245E-119	3	752	1970	276	179	0.608	8.813E-48	1	147	368	-1970	-1524	447	1991	1521
30209428	-1	432	3.245E-119	3	752	1970	285	137	0.585	1.225E-33	148	266	368	-1466	-1113	354	1466	1056
30209428	-1	432	3.245E-119	3	752	1970	292	116	0.563	7.324E-26	265	367	368	-1066	-752	315	1069	596
30241308	1	547	7.811E-154	1	5754	7307	133	547	0.551	4.493E-157	4	524	537	5754	7307	1554	3291	7316
30725226	-1	52	7.990E-05	1	5822	6007	194	52	0.439	6.115E-05	6	67	122	-6007	-5822	186	6010	5756
30728534	1	461	6.043E-128	1	5034	7304	133	461	0.366	7.482E-129	9	768	775	5034	7304	2271	3291	7316
30729277	1	499	2.199E-139	1	4542	7304	133	499	0.339	3.783E-141	377	1287	1294	4542	7304	2763	3291	7316
30744923	1	522	2.621E-146	1	4377	7256	133	522	0.339	7.821E-149	651	1616	1639	4377	7256	2880	3291	7316
30745725	1	451	6.188E-125	1	4227	7277	133	451	0.298	1.662E-125	326	1233	1249	4227	7277	3051	3291	7316
30753079	1	432	3.245E-119	1	5034	7262	133	432	0.349	1.767E-119	9	770	790	5034	7262	2229	3291	7316
30855274	1	548	3.905E-154	1	3462	7256	133	548	0.288	2.457E-157	43	1346	1464	3462	7256	3795	3291	7316
30855987	1	366	2.394E-99	1	5847	7262	133	366	0.434	2.441E-98	0	474	496	5847	7262	1416	3291	7316
30880372	1	434	8.111E-120	1	4635	7262	133	434	0.320	5.440E-120	43	864	919	4635	7262	2628	3291	7316
30910667	1	411	6.804E-113	1	5118	7250	133	411	0.354	1.357E-112	438	1135	1183	5118	7250	2133	3291	7316
30913082	1	457	9.669E-127	1	4626	7277	133	457	0.326	1.453E-127	237	1133	1179	4626	7277	2652	3291	7316
31051340	1	329	3.290E-88	1	5685	7256	133	329	0.374	2.080E-86	446	959	982	5685	7256	1572	3291	7316
31059314	-1	56	4.994E-06	1	6860	7129	174	56	0.357	3.891E-06	9	98	99	-7129	-6860	270	7138	6830
31083602	1	471	5.902E-131	1	4215	6875	133	471	0.334	5.990E-132	491	1332	1619	4215	6875	2661	3291	7316
31084360	1	542	2.499E-152	1	4227	7262	133	542	0.336	2.269E-155	340	1352	1372	4227	7262	3036	3291	7316
31152886	1	353	1.961E-95	1	5778	7256	133	353	0.411	3.221E-94	103	592	615	5778	7256	1479	3291	7316
43830234	-1	188	9.172E-46	2	1113	1940	276	132	0.497	2.383E-31	22	161	418	-1940	-1524	417	1991	1521
43830234	-1	188	9.172E-46	2	1113	1940	285	55	0.295	3.281E-05	162	273	418	-1466	-1113	354	1466	1056
44181585	-1	225	6.674E-57	2	1113	1922	276	152	0.583	1.817E-38	26	158	401	-1922	-1524	399	1991	1521
44181585	-1	225	6.674E-57	2	1113	1922	285	72	0.357	3.429E-11	159	273	401	-1466	-1113	354	1466	1056
44716869	1	614	5.293E-174	1	3351	7310	133	614	0.307	1.841E-179	8	1304	1306	3351	7310	3960	3291	7316
44735809	-1	72	7.620E-11	1	2481	2711	258	72	0.488	8.027E-11	4	80	148	-2711	-2481	231	2930	2445
44778850	1	878	1.786E-253	1	3837	7262	133	878	0.435	9.732E-269	4	1137	1157	3837	7262	3426	3291	7316
44786136	1	691	3.503E-197	1	3324	7310	133	691	0.331	1.749E-205	1	1297	1310	3324	7310	3987	3291	7316
45113842	1	509	2.147E-142	1	4227	7256	133	509	0.313	1.569E-144	183	1243	1682	4227	7256	3030	3291	7316
45132453	1	376	2.338E-102	1	5199	7256	133	376	0.341	2.391E-101	0	586	609	5199	7256	2058	3291	7316
45133745	1	331	8.226E-89	1	5829	7253	133	331	0.402	5.022E-87	233	707	731	5829	7253	1425	3291	7316
45202014	1	291	9.044E-77	1	5829	6893	133	291	0.453	9.167E-75	109	463	465	5829	6893	1065	3291	7316
45291051	1	508	4.294E-142	1	4227	7262	133	508	0.322	3.856E-144	312	1267	1287	4227	7262	3036	3291	7316
45354117	1	497	8.794E-139	1	4635	7256	133	497	0.348	1.688E-140	394	1274	1336	4635	7256	2622	3291	7316
45421218	1	347	1.255E-93	1	5832	7262	133	347	0.416	2.367E-92	7	483	527	5832	7262	1431	3291	7316
45587849	1	484	7.204E-135	1	4227	7262	133	484	0.312	3.225E-136	361	1357	1379	4227	7262	3036	3291	7316
45588770	1	528	4.095E-148	1	4329	7256	133	528	0.337	8.596E-151	24	1007	1030	4329	7256	2928	3291	7316
45590453	1	416	2.126E-114	1	5052	7259	133	416	0.349	3.013E-114	602	1322	1383	5052	7259	2208	3291	7316
45590527	1	513	1.342E-143	1	3669	7256	133	513	0.292	7.815E-146	311	1499	1522	3669	7256	3588	3291	7316
45591457	1	467	9.443E-130	1	4227	7262	133	467	0.302	8.698E-131	401	1429	1451	4227	7262	3036	3291	7316
54269428	1	485	3.602E-135	1	5034	6884	133	485	0.425	1.318E-136	9	656	664	5034	6884	1851	3291	7316
56208547	-1	74	1.905E-11	1	2481	2732	258	74	0.467	1.690E-11	14	97	151	-2732	-2481	252	2930	2445
58528096	-1	191	1.147E-46	2	1113	1919	276	149	0.578	1.651E-37	26	155	421	-1919	-1524	396	1991	1521
58528096	-1	191	1.147E-46	2	1113	1919	285	41	0.240	2.278E+00	156	277	421	-1466	-1113	354	1466	1056
59321754	1	976	5.634E-283	1	3336	7310	133	976	0.417	2.542E-302	7	1349	1353	3336	7310	3975	3291	7316
59327754	1	613	1.059E-173	1	3363	7262	133	613	0.310	4.588E-179	17	1258	1280	3363	7262	3900	3291	7316
59432663	1	459	2.417E-127	1	3411	6911	133	459	0.277	3.298E-128	4	1161	1163	3411	6911	3501	3291	7316
59859309	1	413	1.701E-113	1	5061	7229	133	413	0.337	4.208E-113	330	1095	1102	5061	7229	2169	3291	7316
59860054	1	435	4.056E-120	1	4224	7310	133	435	0.275	2.247E-120	253	1375	1386	4224	7310	3087	3291	7316
59938947	1	379	2.922E-103	1	5847	7262	133	379	0.445	2.362E-102	0	474	496	5847	7262	1416	3291	7316
59939432	1	522	2.621E-146	1	4224	7256	133	522	0.310	7.821E-149	336	1441	1570	4224	7256	3033	3291	7316
60127322	1	316	2.695E-84	1	5133	6707	133	316	0.354	1.808E-82	420	963	989	5133	6707	1575	3291	7316
60127669	1	417	1.063E-114	1	5142	7256	133	417	0.352	2.248E-114	364	1090	1113	5142	7256	2115	3291	7316
60128092	1	524	6.552E-147	1	4227	7256	133	524	0.328	1.740E-149	384	1400	1423	4227	7256	3030	3291	7316
60130701	1	434	8.111E-120	1	4200	7262	133	434	0.290	7.304E-120	434	1429	1451	4200	7262	3063	3291	7316
60132701	1	445	3.961E-123	1	4227	6875	133	445	0.322	1.044E-123	125	1013	1015	4227	6875	2649	3291	7316
60140119	-1	60	3.121E-07	1	6860	7129	174	60	0.374	2.260E-07	9	98	99	-7129	-6860	270	7138	6830
60143687	1	536	1.600E-150	1	4236	7304	133	536	0.322	1.543E-153	134	1203	1220	4236	7304	3069	3291	7316
60207084	1	390	1.427E-106	1	5070	7256	133	390	0.323	7.010E-106	261	1034	1055	5070	7256	2187	3291	7316
73379312	-1	78	1.191E-12	2	782	1919	276	149	0.576	2.263E-37	38	167	434	-1919	-1524	396	1991	1521
73379312	-1	78	1.191E-12	2	782	1919	292	48	0.250	2.055E-02	288	419	434	-1066	-782	285	1069	596
73524754	-1	74	1.905E-11	1	2481	2711	258	74	0.497	2.308E-11	4	80	102	-2711	-2481	231	2930	2445
73631406	1	617	6.616E-175	1	4227	7277	133	617	0.367	1.187E-180	299	1302	2003	4227	7277	3051	3291	7316
73815836	-1	90	2.907E-16	2	2326	2711	258	72	0.484	1.496E-10	4	80	198	-2711	-2481	231	2930	2445
73815836	-1	90	2.907E-16	2	2326	2711	262	47	0.546	2.487E-03	111	152	198	-2451	-2326	126	2457	2233
73862419	1	1020	3.203E-296	1	3315	7262	133	1020	0.437	1.354E-317	0	1320	1340	3315	7262	3948	3291	7316
74309991	1	314	1.078E-83	1	5778	6944	133	314	0.441	5.603E-82	29	426	427	5778	6944	1167	3291	7316
74316937	1	546	1.562E-153	1	3354	7256	133	546	0.288	8.216E-157	14	1300	1323	3354	7256	3903	3291	7316
74371090	1	521	5.242E-146	1	4377	7256	133	521	0.338	1.927E-148	110	1075	1396	4377	7256	2880	3291	7316
74384819	1	380	1.461E-103	1	5472	7262	133	380	0.366	9.907E-103	0	625	643	5472	7262	1791	3291	7316
74385687	1	380	1.461E-103	1	5472	7262	133	380	0.366	1.323E-102	0	625	643	5472	7262	1791	3291	7316
74400076	1	287	1.447E-75	1	5103	6599	133	287	0.338	1.143E-73	320	850	860	5103	6599	1497	3291	7316
74407441	1	382	3.653E-104	1	5304	7262	133	382	0.338	2.327E-103	134	840	860	5304	7262	1959	3291	7316
74504828	1	357	1.226E-96	1	5757	7262	133	357	0.409	2.433E-95	1	499	556	5757	7262	1506	3291	7316
74589109	1	241	1.018E-61	1	5685	6707	133	241	0.392	2.887E-59	32	388	393	5685	6707	1023	3291	7316
74669577	1	436	2.028E-120	1	5133	7256	133	436	0.363	1.674E-120	393	1118	1141	5133	7256	2124	3291	7316
74671930	1	469	2.361E-130	1	4227	7262	133	469	0.303	1.462E-131	167	1195	1217	4227	7262	3036	3291	7316
74672550	1	529	2.048E-148	1	4227	7256	133	529	0.330	3.486E-151	264	1280	1303	4227	7256	3030	3291	7316
74673911	1	444	7.921E-123	1	4227	7262	133	444	0.296	2.535E-123	193	1143	1165	4227	7262	3036	3291	7316
74673930	1	552	2.441E-155	1	4161	7256	133	552	0.336	1.200E-158	410	1415	1438	4161	7256	3096	3291	7316
74675051	1	395	4.459E-108	1	5088	7262	133	395	0.327	2.137E-107	378	1144	1166	5088	7262	2175	3291	7316
74717679	1	486	1.801E-135	1	4638	7262	133	486	0.345	7.255E-137	477	1307	1328	4638	7262	2625	3291	7316
88239920	1	648	3.081E-184	1	3363	7310	133	648	0.310	5.471E-191	17	1395	1400	3363	7310	3948	3291	7316
88325242	1	633	1.010E-179	1	4656	7310	133	633	0.412	8.135E-186	2	860	868	4656	7310	2655	3291	7316
88357991	-1	72	7.620E-11	1	2472	2729	258	72	0.449	8.027E-11	8	88	171	-2729	-2472	258	2930	2445
88404157	1	644	4.929E-183	1	5166	7304	133	644	0.474	1.162E-189	0	745	751	5166	7304	2139	3291	7316
88757006	1	369	2.993E-100	1	5199	7256	133	369	0.337	4.328E-99	0	586	615	5199	7256	2058	3291	7316
88894861	1	356	2.451E-96	1	5829	7304	133	356	0.414	5.758E-95	95	586	593	5829	7304	1476	3291	7316
88910845	1	460	1.209E-127	1	4518	7256	133	460	0.323	1.822E-128	17	908	931	4518	7256	2739	3291	7316
88911225	1	543	1.250E-152	1	4227	7262	133	543	0.336	6.789E-156	326	1341	1362	4227	7262	3036	3291	7316
88939999	1	339	3.213E-91	1	5685	7256	133	339	0.382	1.270E-89	255	771	831	5685	7256	1572	3291	7316
89045082	1	332	4.113E-89	1	5685	7277	133	332	0.371	1.610E-87	495	1028	1046	5685	7277	1593	3291	7316
89202129	1	539	2.000E-151	1	3321	7256	133	539	0.279	1.385E-154	5	1359	1382	3321	7256	3936	3291	7316
89212586	1	470	1.180E-130	1	4227	7262	133	470	0.304	8.064E-132	40	1068	1090	4227	7262	3036	3291	7316
89213582	1	527	8.190E-148	1	4227	7256	133	527	0.329	2.120E-150	125	1141	1164	4227	7256	3030	3291	7316
89214505	1	454	7.736E-126	1	4152	7262	133	454	0.296	2.091E-126	491	1504	1526	4152	7262	3111	3291	7316
89215722	1	518	4.193E-145	1	4434	7061	133	518	0.360	1.578E-147	3	879	973	4434	7061	2628	3291	7316
89216470	1	532	2.559E-149	1	4227	7256	133	532	0.332	3.137E-152	125	1141	1164	4227	7256	3030	3291	7316
89216617	1	411	6.804E-113	1	5124	7256	133	411	0.344	1.357E-112	458	1199	1222	5124	7256	2133	3291	7316
89216811	1	584	5.683E-165	1	3966	7256	133	584	0.335	2.690E-169	257	1334	1359	3966	7256	3291	3291	7316
94204025	1	262	4.856E-68	1	6567	7307	133	262	0.550	6.622E-66	0	248	258	6567	7307	741	3291	7316
94296328	1	286	2.894E-75	1	5049	6560	133	286	0.311	4.638E-73	30	626	686	5049	6560	1512	3291	7316
99614663	1	300	1.766E-79	1	6567	7304	133	300	0.618	1.434E-77	0	246	248	6567	7304	738	3291	7316
102710978	1	522	2.621E-146	1	4485	6602	133	522	0.421	1.056E-148	5	706	716	4485	6602	2118	3291	7316
102877116	1	634	5.048E-180	1	3363	7262	133	634	0.317	3.257E-186	17	1255	1275	3363	7262	3900	3291	7316
102945405	1	526	1.638E-147	1	5742	7304	133	526	0.532	2.863E-150	1	524	530	5742	7304	1563	3291	7316
103436485	1	521	5.242E-146	1	4224	7304	133	521	0.325	1.927E-148	193	1181	1188	4224	7304	3081	3291	7316
103452655	1	500	1.099E-139	1	4626	7256	133	500	0.351	1.143E-141	531	1395	1418	4626	7256	2631	3291	7316
103454211	1	543	1.250E-152	1	4227	7262	133	543	0.336	6.789E-156	326	1341	1397	4227	7262	3036	3291	7316
103521053	1	478	4.611E-133	1	4635	7262	133	478	0.341	2.821E-134	23	817	836	4635	7262	2628	3291	7316
103564170	1	533	1.280E-149	1	3477	7256	133	533	0.286	1.718E-152	70	1353	1402	3477	7256	3780	3291	7316
103765494	-1	58	1.248E-06	1	6860	7129	174	58	0.365	1.099E-06	9	98	99	-7129	-6860	270	7138	6830
103794880	1	421	6.645E-116	1	5310	7262	133	421	0.358	6.652E-116	388	1104	1125	5310	7262	1953	3291	7316
116554567	-1	71	1.524E-10	2	782	1916	276	148	0.577	4.252E-37	27	155	422	-1916	-1524	393	1991	1521
116554567	-1	71	1.524E-10	2	782	1916	292	42	0.234	1.454E+00	276	407	422	-1066	-782	285	1069	596
117277686	-1	279	3.705E-73	2	752	1466	285	159	0.662	3.521E-41	143	261	364	-1466	-1113	354	1466	1056
117277686	-1	279	3.705E-73	2	752	1466	292	121	0.585	8.935E-28	260	363	364	-1066	-752	315	1069	596
117635856	1	751	3.038E-215	1	3345	7289	133	751	0.332	1.206E-225	8	1442	1453	3345	7289	3945	3291	7316
117820966	-1	57	2.497E-06	1	6860	7129	174	57	0.361	2.067E-06	9	98	99	-7129	-6860	270	7138	6830
117917531	1	344	1.004E-92	1	5427	7262	133	344	0.338	4.131E-91	204	837	895	5427	7262	1836	3291	7316
117918865	1	331	8.226E-89	1	5847	7280	133	331	0.400	3.779E-87	0	478	525	5847	7280	1434	3291	7316
117947222	1	485	3.602E-135	1	3951	7181	133	485	0.291	1.318E-136	300	1435	1446	3951	7181	3231	3291	7316
117978333	1	350	1.569E-94	1	5847	7277	133	350	0.416	4.248E-93	0	479	495	5847	7277	1431	3291	7316
117996447	1	447	9.901E-124	1	4377	7256	133	447	0.307	3.201E-124	666	1587	1610	4377	7256	2880	3291	7316
118026730	1	339	3.213E-91	1	5685	7256	133	339	0.382	1.270E-89	255	771	792	5685	7256	1572	3291	7316
118036848	1	497	8.794E-139	1	4218	7262	133	497	0.316	1.252E-140	55	1075	1095	4218	7262	3045	3291	7316
118095260	1	497	8.794E-139	1	3348	7025	133	497	0.282	1.688E-140	17	1230	1233	3348	7025	3678	3291	7316
118105326	1	433	1.622E-119	1	3564	6875	133	433	0.271	1.317E-119	108	1253	1255	3564	6875	3312	3291	7316
118295030	1	405	4.355E-111	1	5142	7256	133	405	0.352	1.089E-110	231	933	956	5142	7256	2115	3291	7316
118295235	1	456	1.934E-126	1	3336	7262	133	456	0.259	2.628E-127	461	1740	1762	3336	7262	3927	3291	7316
118296546	1	586	1.421E-165	1	3966	7256	133	586	0.336	3.216E-170	497	1574	1599	3966	7256	3291	3291	7316
118297933	1	511	5.368E-143	1	4329	7256	133	511	0.332	3.503E-145	132	1047	1070	4329	7256	2928	3291	7316
118300613	1	468	4.721E-130	1	4227	7262	133	468	0.303	3.566E-131	287	1315	1337	4227	7262	3036	3291	7316
118300882	1	584	5.683E-165	1	3966	7256	133	584	0.335	1.986E-169	423	1500	1525	3966	7256	3291	3291	7316
131501797	-1	111	1.386E-22	1	1524	1805	276	111	0.593	4.205E-24	2	95	167	-1805	-1524	282	1991	1521
131788650	1	492	2.814E-137	1	5748	7262	133	492	0.519	4.527E-139	0	505	525	5748	7262	1515	3291	7316
131794359	1	388	5.708E-106	1	5787	7277	133	388	0.438	4.007E-105	56	550	582	5787	7277	1491	3291	7316
132429231	-1	49	6.392E-04	1	5834	6007	194	49	0.439	7.769E-04	6	63	93	-6007	-5834	174	6010	5756
132459758	1	385	4.566E-105	1	4227	7277	133	385	0.271	3.056E-104	255	1123	1228	4227	7277	3051	3291	7316
132517379	-1	52	7.990E-05	1	5822	6007	194	52	0.439	6.115E-05	6	67	122	-6007	-5822	186	6010	5756
132535324	1	506	1.718E-141	1	4377	7175	133	506	0.338	1.726E-143	536	1474	1481	4377	7175	2799	3291	7316
132544676	1	535	3.199E-150	1	4227	7262	133	535	0.331	2.819E-153	337	1361	1381	4227	7262	3036	3291	7316
132568075	1	358	6.129E-97	1	5847	7304	133	358	0.418	1.028E-95	0	487	499	5847	7304	1458	3291	7316
132647495	1	370	1.496E-100	1	5742	7256	133	370	0.418	1.365E-99	7	504	657	5742	7256	1515	3291	7316
132836345	1	376	2.338E-102	1	5829	7271	133	376	0.437	3.192E-101	441	923	941	5829	7271	1443	3291	7316
132836883	1	435	4.056E-120	1	5133	7256	133	435	0.363	3.018E-120	518	1243	1266	5133	7256	2124	3291	7316
132837735	1	473	1.475E-131	1	4227	7262	133	473	0.305	7.463E-133	210	1239	1261	4227	7262	3036	3291	7316
132840488	1	453	1.547E-125	1	5052	7256	133	453	0.370	3.781E-126	443	1148	1173	5052	7256	2205	3291	7316
132840621	1	524	6.552E-147	1	3564	7256	133	524	0.286	1.740E-149	755	2021	2044	3564	7256	3693	3291	7316
132840939	1	582	2.273E-164	1	3966	7256	133	582	0.335	9.053E-169	159	1236	1261	3966	7256	3291	3291	7316
132841552	1	469	2.361E-130	1	4227	7262	133	469	0.303	1.462E-131	181	1209	1231	4227	7262	3036	3291	7316
132842037	1	525	3.276E-147	1	3564	7256	133	525	0.286	9.535E-150	90	1356	1379	3564	7256	3693	3291	7316
132929332	1	325	5.265E-87	1	5847	7130	133	325	0.429	2.016E-85	0	427	431	5847	7130	1284	3291	7316
138478591	1	497	8.794E-139	1	4224	7268	133	497	0.313	1.688E-140	92	1126	1164	4224	7268	3045	3291	7316
143404091	-1	204	1.400E-50	2	1113	1898	276	127	0.529	7.621E-30	39	162	421	-1898	-1524	375	1991	1521
143404091	-1	204	1.400E-50	2	1113	1898	285	76	0.370	2.030E-12	163	278	421	-1466	-1113	354	1466	1056
145681946	-1	187	1.834E-45	2	1116	1919	276	141	0.552	9.033E-35	32	161	428	-1919	-1524	396	1991	1521
145681946	-1	187	1.834E-45	2	1116	1919	285	45	0.257	7.695E-02	162	281	428	-1466	-1116	351	1466	1056
145789615	-1	197	1.791E-48	2	1113	1952	276	149	0.529	2.263E-37	7	153	423	-1952	-1524	429	1991	1521
145789615	-1	197	1.791E-48	2	1113	1952	285	47	0.258	2.234E-02	154	277	423	-1466	-1113	354	1466	1056
146211895	1	456	1.934E-126	1	5034	6812	133	456	0.422	2.628E-127	15	630	666	5034	6812	1779	3291	7316
146571268	1	387	1.142E-105	1	5814	7304	133	387	0.437	9.573E-105	1	496	501	5814	7304	1491	3291	7316
146573912	1	620	8.270E-176	1	5166	7307	133	620	0.469	1.407E-181	0	727	732	5166	7307	2142	3291	7316
146999330	1	392	3.567E-107	1	5199	7259	133	392	0.350	2.191E-106	0	586	608	5199	7259	2061	3291	7316
147059889	-1	51	1.598E-04	1	5822	6007	194	51	0.437	8.403E-05	6	67	122	-6007	-5822	186	6010	5756
147061437	1	381	7.306E-104	1	4515	7280	133	381	0.285	5.550E-103	171	911	926	4515	7280	2766	3291	7316
147061529	1	408	5.443E-112	1	5244	7304	133	408	0.358	1.409E-111	404	1096	1103	5244	7304	2061	3291	7316
147078812	1	512	2.684E-143	1	4227	7262	133	512	0.324	1.424E-145	343	1317	1453	4227	7262	3036	3291	7316
147080825	1	388	5.708E-106	1	5160	7262	133	388	0.337	2.997E-105	254	973	993	5160	7262	2103	3291	7316
147110554	1	347	1.255E-93	1	5667	7256	133	347	0.385	4.195E-92	45	567	588	5667	7256	1590	3291	7316
147189510	1	353	1.961E-95	1	5847	7256	133	353	0.425	4.291E-94	0	468	607	5847	7256	1410	3291	7316
147190956	1	386	2.283E-105	1	5835	7262	133	386	0.448	1.711E-104	209	687	709	5835	7262	1428	3291	7316
147378704	1	485	3.602E-135	1	4152	7262	133	485	0.308	9.777E-137	293	1330	1352	4152	7262	3111	3291	7316
147381258	1	466	1.889E-129	1	4227	7262	133	466	0.302	2.855E-130	229	1257	1364	4227	7262	3036	3291	7316
147383780	1	428	5.191E-118	1	4152	7262	133	428	0.285	6.041E-118	608	1574	1596	4152	7262	3111	3291	7316
147462614	1	402	3.484E-110	1	5070	7256	133	402	0.328	1.507E-109	320	1096	1117	5070	7256	2187	3291	7316
159023221	-1	720	6.524E-206	3	749	1961	276	273	0.891	1.544E-80	4	149	400	-1961	-1524	438	1991	1521
159023221	-1	720	6.524E-206	3	749	1961	285	231	0.926	2.810E-66	150	267	400	-1466	-1113	354	1466	1056
159023221	-1	720	6.524E-206	3	749	1961	292	216	0.957	1.662E-60	266	371	400	-1066	-749	318	1069	596
160557162	-1	68	1.219E-09	2	758	1919	276	140	0.547	3.187E-34	33	162	428	-1919	-1524	396	1991	1521
160557162	-1	68	1.219E-09	2	758	1919	292	45	0.234	1.281E-01	281	423	428	-1066	-758	309	1069	596
161111664	1	995	1.075E-288	1	3348	7304	133	995	0.427	8.308E-309	0	1325	1331	3348	7304	3957	3291	7316
161444623	-1	60	3.121E-07	1	6860	7129	174	60	0.376	1.647E-07	9	98	99	-7129	-6860	270	7138	6830
161545092	1	397	1.115E-108	1	5310	7262	133	397	0.356	3.724E-108	410	1089	1125	5310	7262	1953	3291	7316
161599220	-1	50	3.196E-04	1	5822	6007	194	50	0.429	2.180E-04	6	67	122	-6007	-5822	186	6010	5756
161603010	1	542	2.499E-152	1	4227	7280	133	542	0.335	1.678E-155	292	1299	1314	4227	7280	3054	3291	7316
161603069	1	426	2.076E-117	1	4626	7178	133	426	0.322	1.460E-117	355	1149	1154	4626	7178	2553	3291	7316
161624862	1	441	6.337E-122	1	4338	7166	133	441	0.308	3.616E-122	260	1021	1059	4338	7166	2829	3291	7316
161648633	1	437	1.014E-120	1	4545	7310	133	437	0.290	3.832E-121	492	1519	1529	4545	7310	2766	3291	7316
161685687	1	511	5.368E-143	1	4218	7262	133	511	0.323	3.503E-145	82	1003	1022	4218	7262	3045	3291	7316
161730879	1	529	2.048E-148	1	4335	7256	133	529	0.327	3.486E-151	8	1037	1106	4335	7256	2922	3291	7316
161836193	1	431	6.489E-119	1	4875	7190	133	431	0.346	4.275E-119	2	772	1188	4875	7190	2316	3291	7316
161920352	1	584	5.683E-165	1	3966	7256	133	584	0.335	1.986E-169	238	1315	1340	3966	7256	3291	3291	7316
161921033	1	419	2.658E-115	1	3966	7256	133	419	0.272	3.869E-115	257	1134	1496	3966	7256	3291	3291	7316
161921628	1	462	3.022E-128	1	4227	6914	133	462	0.327	3.071E-129	125	1027	1035	4227	6914	2688	3291	7316
161921819	1	478	4.611E-133	1	4152	7262	133	478	0.305	2.094E-134	421	1458	1480	4152	7262	3111	3291	7316
161921825	1	484	7.204E-135	1	4227	7256	133	484	0.313	2.393E-136	228	1218	1258	4227	7256	3030	3291	7316
161922098	1	504	6.871E-141	1	4542	7256	133	504	0.342	7.719E-143	295	1212	1235	4542	7256	2715	3291	7316
161924815	1	531	5.119E-149	1	4161	7181	133	531	0.333	1.046E-151	287	1292	1297	4161	7181	3021	3291	7316
161958845	1	539	2.000E-151	1	4227	7262	133	539	0.331	1.872E-154	658	1690	1698	4227	7262	3036	3291	7316
174735445	-1	235	6.517E-60	2	1113	1898	276	151	0.610	3.413E-38	0	124	364	-1898	-1524	375	1991	1521
174735445	-1	235	6.517E-60	2	1113	1898	285	83	0.394	9.684E-15	125	239	364	-1466	-1113	354	1466	1056
175043539	-1	184	1.468E-44	2	1119	1811	276	128	0.657	5.562E-30	15	110	336	-1811	-1524	288	1991	1521
175043539	-1	184	1.468E-44	2	1119	1811	285	55	0.299	2.402E-05	111	198	336	-1466	-1119	348	1466	1056
175372827	1	440	1.267E-121	1	5202	7310	133	440	0.374	4.858E-122	0	703	711	5202	7310	2109	3291	7316
175627159	-1	249	3.978E-64	2	1305	1958	276	186	0.643	3.012E-50	8	151	207	-1958	-1524	435	1991	1521
175627159	-1	249	3.978E-64	2	1305	1958	285	62	0.561	1.187E-07	152	206	207	-1466	-1305	162	1466	1056
175652982	1	872	1.143E-251	1	4197	7307	133	872	0.461	5.474E-267	11	1059	1065	4197	7307	3111	3291	7316
175653711	1	645	2.465E-183	1	5166	7304	133	645	0.474	8.558E-190	0	745	751	5166	7304	2139	3291	7316
176082478	1	332	4.113E-89	1	5685	7310	133	332	0.362	2.140E-87	407	959	1009	5685	7310	1626	3291	7316
176144392	1	522	2.621E-146	1	4224	7121	133	522	0.339	5.791E-149	158	1106	1122	4224	7121	2898	3291	7316
176144523	1	344	1.004E-92	1	5763	7304	133	344	0.391	4.131E-91	159	669	676	5763	7304	1542	3291	7316
176162495	1	533	1.280E-149	1	4227	7262	133	533	0.333	1.718E-152	326	1327	1348	4227	7262	3036	3291	7316
176295436	1	341	8.033E-92	1	5550	7277	133	341	0.356	2.292E-90	272	855	886	5550	7277	1728	3291	7316
176459745	1	378	5.845E-103	1	5391	7256	133	378	0.358	4.214E-102	543	1185	1208	5391	7256	1866	3291	7316
176459907	1	351	7.845E-95	1	5133	7121	133	351	0.333	1.799E-93	379	1014	1060	5133	7121	1989	3291	7316
176460452	1	445	3.961E-123	1	4161	7256	133	445	0.293	1.044E-123	444	1370	1393	4161	7256	3096	3291	7316
176461372	1	360	1.532E-97	1	5685	7256	133	360	0.399	2.443E-96	54	567	590	5685	7256	1572	3291	7316
176461724	1	376	2.338E-102	1	4404	7205	133	376	0.281	2.391E-101	327	1216	1432	4404	7205	2802	3291	7316
176461822	1	426	2.076E-117	1	4227	7262	133	426	0.289	1.460E-117	108	1081	1103	4227	7262	3036	3291	7316
176463662	1	469	2.361E-130	1	4227	7262	133	469	0.303	1.462E-131	22	1050	1072	4227	7262	3036	3291	7316
176463697	1	481	5.763E-134	1	4770	7256	133	481	0.355	2.600E-135	407	1218	1241	4770	7256	2487	3291	7316
176465926	1	507	8.588E-142	1	4227	7256	133	507	0.323	5.204E-144	392	1371	1394	4227	7256	3030	3291	7316
176466492	1	481	5.763E-134	1	4233	7262	133	481	0.310	3.504E-135	310	1325	1347	4233	7262	3030	3291	7316
176500088	1	537	7.998E-151	1	4227	7262	133	537	0.331	6.250E-154	111	1141	1161	4227	7262	3036	3291	7316
176500593	1	455	3.868E-126	1	4809	7262	133	455	0.338	6.394E-127	314	1156	1551	4809	7262	2454	3291	7316
176503876	1	550	9.764E-155	1	4227	7262	133	550	0.330	4.015E-158	108	1166	1187	4227	7262	3036	3291	7316
187833364	1	461	6.043E-128	1	4935	7256	133	461	0.353	1.007E-128	0	801	825	4935	7256	2322	3291	7316
188305039	1	305	5.520E-81	1	6567	7190	133	305	0.719	4.893E-79	0	208	209	6567	7190	624	3291	7316
189520382	-1	191	1.147E-46	2	1080	1916	276	146	0.570	2.818E-36	26	154	419	-1916	-1524	393	1991	1521
189520382	-1	191	1.147E-46	2	1080	1916	285	44	0.236	1.942E-01	155	290	419	-1466	-1080	387	1466	1056
190686428	1	537	7.998E-151	1	4224	7304	133	537	0.331	8.447E-154	255	1234	1241	4224	7304	3081	3291	7316
190701825	1	347	1.255E-93	1	5682	7256	133	347	0.388	3.151E-92	31	545	568	5682	7256	1575	3291	7316
190702237	1	512	2.684E-143	1	4377	7256	133	512	0.336	1.055E-145	558	1510	1533	4377	7256	2880	3291	7316
190718409	1	377	1.169E-102	1	5472	7262	133	377	0.364	7.516E-102	0	625	643	5472	7262	1791	3291	7316
191001966	1	445	3.961E-123	1	4161	7256	133	445	0.293	1.404E-123	287	1213	1236	4161	7256	3096	3291	7316
191003839	1	484	7.204E-135	1	4161	7262	133	484	0.308	2.393E-136	314	1334	1356	4161	7262	3102	3291	7316
191004193	1	479	2.305E-133	1	4152	7262	133	479	0.306	8.567E-135	550	1587	1609	4152	7262	3111	3291	7316
191004669	1	584	5.683E-165	1	3966	7256	133	584	0.335	2.690E-169	344	1421	1446	3966	7256	3291	3291	7316
191004722	1	438	5.070E-121	1	3564	7256	133	438	0.262	2.124E-121	90	1276	1299	3564	7256	3693	3291	7316
191006213	1	527	8.190E-148	1	4227	7256	133	527	0.329	1.569E-150	125	1141	1164	4227	7256	3030	3291	7316
191016805	-1	59	6.242E-07	1	6860	7129	174	59	0.369	5.837E-07	9	98	99	-7129	-6860	270	7138	6830
191022545	1	490	1.126E-136	1	4227	7256	133	490	0.309	2.016E-138	17	1060	1083	4227	7256	3030	3291	7316
191071387	-1	53	3.995E-05	1	5828	6010	194	53	0.453	2.358E-05	5	65	89	-6010	-5828	183	6010	5756
197413649	1	539	2.000E-151	1	4227	7256	133	539	0.335	1.872E-154	401	1413	1437	4227	7256	3030	3291	7316
203836250	-1	196	3.583E-48	2	1113	1916	276	148	0.577	4.252E-37	38	166	432	-1916	-1524	393	1991	1521
203836250	-1	196	3.583E-48	2	1113	1916	285	47	0.260	2.234E-02	167	288	432	-1466	-1113	354	1466	1056
204126990	-1	182	5.870E-44	2	1119	1811	276	127	0.654	1.044E-29	20	115	368	-1811	-1524	288	1991	1521
204126990	-1	182	5.870E-44	2	1119	1811	285	54	0.295	8.353E-05	117	230	368	-1463	-1119	345	1466	1056
204330946	-1	188	9.172E-46	2	1113	1916	276	126	0.505	2.686E-29	39	169	427	-1916	-1524	393	1991	1521
204330946	-1	188	9.172E-46	2	1113	1916	285	61	0.316	3.034E-07	170	284	427	-1466	-1113	354	1466	1056
204572281	1	655	2.407E-186	1	3363	7307	133	655	0.315	4.110E-193	6	1357	1363	3363	7307	3945	3291	7316
204578116	-1	50	3.196E-04	1	2311	2445	262	50	0.546	1.943E-04	12	56	68	-2445	-2311	135	2457	2233
205167704	1	250	1.989E-64	1	5856	6878	133	250	0.416	4.862E-62	2	342	438	5856	6878	1023	3291	7316
205249320	1	372	3.741E-101	1	5157	7262	133	372	0.334	3.222E-100	160	836	852	5157	7262	2106	3291	7316
205249321	1	505	3.435E-141	1	4227	7262	133	505	0.321	3.142E-143	295	1287	1307	4227	7262	3036	3291	7316
205377541	1	326	2.632E-87	1	5856	7262	133	326	0.402	1.518E-85	7	475	521	5856	7262	1407	3291	7316
205378468	1	477	9.221E-133	1	4218	7310	133	477	0.305	5.119E-134	358	1391	1438	4218	7310	3093	3291	7316
205543972	1	391	7.135E-107	1	3966	7256	133	391	0.262	3.920E-106	257	1222	1247	3966	7256	3291	3291	7316
205549853	1	524	6.552E-147	1	4227	7256	133	524	0.328	1.740E-149	125	1141	1164	4227	7256	3030	3291	7316
205582946	1	527	8.190E-148	1	4215	7256	133	527	0.330	1.569E-150	450	1423	1448	4215	7256	3042	3291	7316
218733992	-1	198	8.957E-49	2	1113	1916	276	138	0.545	1.124E-33	35	162	398	-1916	-1524	393	1991	1521
218733992	-1	198	8.957E-49	2	1113	1916	285	59	0.308	1.979E-06	163	277	398	-1466	-1113	354	1466	1056
219032581	1	379	2.922E-103	1	5688	7055	133	379	0.459	1.768E-102	6	461	462	5688	7055	1368	3291	7316
219095415	1	301	8.832E-80	1	5190	6608	133	301	0.377	8.170E-78	1	469	476	5190	6608	1419	3291	7316
219278018	1	625	2.584E-177	1	4407	7307	133	625	0.383	2.675E-183	2	967	968	4407	7307	2901	3291	7316
219649356	1	529	2.048E-148	1	4218	7112	133	529	0.342	3.486E-151	152	1102	1103	4218	7112	2895	3291	7316
219724196	1	348	6.276E-94	1	5427	7262	133	348	0.342	1.778E-92	290	922	953	5427	7262	1836	3291	7316
219786596	1	533	1.280E-149	1	3321	7262	133	533	0.278	1.718E-152	4	1355	1376	3321	7262	3942	3291	7316
219789545	1	377	1.169E-102	1	5142	7262	133	377	0.335	7.516E-102	141	814	834	5142	7262	2121	3291	7316
219792785	1	499	2.199E-139	1	4590	7262	133	499	0.345	3.783E-141	259	1155	1175	4590	7262	2673	3291	7316
219793751	1	469	2.361E-130	1	4302	7040	133	469	0.327	1.462E-131	190	1070	1071	4302	7040	2739	3291	7316
219919633	1	279	3.705E-73	1	5238	6773	133	279	0.329	4.079E-71	127	661	663	5238	6773	1536	3291	7316
220037236	1	493	1.407E-137	1	4227	7304	133	493	0.298	2.490E-139	312	1426	1431	4227	7304	3078	3291	7316
220084553	1	402	3.484E-110	1	5181	7256	133	402	0.355	8.409E-110	425	1086	1111	5181	7256	2076	3291	7316
220085677	1	449	2.475E-124	1	3966	7256	133	449	0.284	5.428E-125	607	1587	1612	3966	7256	3291	3291	7316
220087861	1	469	2.361E-130	1	4227	7262	133	469	0.304	1.462E-131	383	1408	1430	4227	7262	3036	3291	7316
220088166	1	465	3.777E-129	1	4743	7262	133	465	0.338	3.842E-130	30	892	914	4743	7262	2520	3291	7316
220091665	1	539	2.000E-151	1	3966	7025	133	539	0.334	1.385E-154	257	1257	1267	3966	7025	3060	3291	7316
220108297	1	418	5.316E-115	1	4215	7064	133	418	0.296	9.327E-115	285	1111	1112	4215	7064	2850	3291	7316
220124411	1	500	1.099E-139	1	4215	7256	133	500	0.319	1.143E-141	316	1244	1384	4215	7256	3042	3291	7316
220203231	1	429	2.596E-118	1	4098	6731	133	429	0.296	2.500E-118	161	1138	1176	4098	6731	2634	3291	7316
226569438	1	407	1.089E-111	1	5133	7262	133	407	0.346	2.528E-111	113	841	861	5133	7262	2130	3291	7316
227425774	-1	535	3.199E-150	3	752	1967	276	223	0.737	5.418E-63	2	146	369	-1967	-1524	444	1991	1521
227425774	-1	535	3.199E-150	3	752	1967	285	153	0.640	5.505E-39	147	265	369	-1466	-1113	354	1466	1056
227425774	-1	535	3.199E-150	3	752	1967	292	159	0.738	6.504E-41	264	368	369	-1066	-752	315	1069	596
233311811	-1	214	1.367E-53	2	1113	1916	276	151	0.578	6.412E-38	72	204	464	-1916	-1524	393	1991	1521
233311811	-1	214	1.367E-53	2	1113	1916	285	62	0.320	1.187E-07	205	319	464	-1466	-1113	354	1466	1056
233574089	1	369	2.993E-100	1	6252	7310	133	369	0.544	4.328E-99	0	355	359	6252	7310	1059	3291	7316
233968355	1	752	1.519E-215	1	3345	7289	133	752	0.332	3.517E-226	8	1444	1455	3345	7289	3945	3291	7316
234190563	1	340	1.607E-91	1	5847	7256	133	340	0.413	7.177E-90	0	469	492	5847	7256	1410	3291	7316
234249677	1	328	6.581E-88	1	5760	7277	133	328	0.382	3.671E-86	2	504	522	5760	7277	1518	3291	7316
234273310	1	457	9.669E-127	1	4179	7277	133	457	0.285	1.954E-127	316	1426	1451	4179	7277	3099	3291	7316
234328110	1	379	2.922E-103	1	4407	7256	133	379	0.279	3.155E-102	121	940	963	4407	7256	2850	3291	7316
234329019	1	501	5.496E-140	1	4680	7256	133	501	0.356	8.471E-142	342	1200	1223	4680	7256	2577	3291	7316
234460185	1	242	5.092E-62	1	5832	6788	133	242	0.426	9.513E-60	7	326	327	5832	6788	957	3291	7316
234545073	1	336	2.571E-90	1	5835	7262	133	336	0.406	1.242E-88	90	565	597	5835	7262	1428	3291	7316
234626176	1	507	8.588E-142	1	4542	7256	133	507	0.343	9.478E-144	818	1736	1759	4542	7256	2715	3291	7316
234626586	1	352	3.922E-95	1	5142	7256	133	352	0.321	1.014E-93	460	1080	1103	5142	7256	2115	3291	7316
234628323	1	464	7.554E-129	1	5052	7256	133	464	0.374	6.959E-130	428	1170	1195	5052	7256	2205	3291	7316
234629058	1	427	1.038E-117	1	4227	7262	133	427	0.289	1.088E-117	167	1164	1186	4227	7262	3036	3291	7316
234630399	1	524	6.552E-147	1	4404	7256	133	524	0.343	2.350E-149	348	1269	1292	4404	7256	2853	3291	7316
234630470	1	467	9.443E-130	1	4227	7262	133	467	0.303	6.462E-131	274	1302	1324	4227	7262	3036	3291	7316
234632106	1	527	8.190E-148	1	4161	7256	133	527	0.326	2.120E-150	375	1369	1392	4161	7256	3096	3291	7316
234632525	1	417	1.063E-114	1	5142	7256	133	417	0.352	2.248E-114	383	1109	1281	5142	7256	2115	3291	7316
234666206	1	539	2.000E-151	1	4227	7262	133	539	0.334	2.530E-154	340	1356	1376	4227	7262	3036	3291	7316
248025836	1	752	1.519E-215	1	3345	7289	133	752	0.333	6.512E-226	8	1440	1451	3345	7289	3945	3291	7316
248334590	-1	336	2.571E-90	3	752	1763	276	114	0.696	2.478E-25	0	79	359	-1763	-1524	240	1991	1521
248334590	-1	336	2.571E-90	3	752	1763	285	111	0.367	9.917E-25	80	257	359	-1466	-1113	354	1466	1056
248334590	-1	336	2.571E-90	3	752	1763	292	111	0.542	4.374E-24	256	358	359	-1066	-752	315	1069	596
248791306	1	328	6.581E-88	1	5835	7220	133	328	0.408	2.763E-86	157	618	724	5835	7220	1386	3291	7316
248852680	1	438	5.070E-121	1	4848	7304	133	438	0.336	2.853E-121	4	789	796	4848	7304	2457	3291	7316
248869377	1	510	1.074E-142	1	4227	7262	133	510	0.323	8.613E-145	24	1019	1040	4227	7262	3036	3291	7316
248884331	1	379	2.922E-103	1	5472	7262	133	379	0.365	3.155E-102	0	625	643	5472	7262	1791	3291	7316
248886448	1	380	1.461E-103	1	5472	7262	133	380	0.366	1.323E-102	0	625	643	5472	7262	1791	3291	7316
249004082	1	338	6.426E-91	1	5829	7277	133	338	0.404	2.987E-89	258	740	790	5829	7277	1449	3291	7316
249034586	1	433	1.622E-119	1	4227	6875	133	433	0.313	1.317E-119	222	1123	1244	4227	6875	2649	3291	7316
249171726	1	470	1.180E-130	1	4227	7262	133	470	0.307	8.064E-132	197	1195	1217	4227	7262	3036	3291	7316
249171921	1	465	3.777E-129	1	4227	7262	133	465	0.305	3.842E-130	123	1115	1137	4227	7262	3036	3291	7316
249172533	1	499	2.199E-139	1	4227	7256	133	499	0.319	3.783E-141	125	1111	1134	4227	7256	3030	3291	7316
249173283	1	527	8.190E-148	1	4227	7256	133	527	0.329	1.569E-150	125	1141	1164	4227	7256	3030	3291	7316
249184012	-1	59	6.242E-07	1	6860	7129	174	59	0.372	3.101E-07	9	98	99	-7129	-6860	270	7138	6830
249207332	1	529	2.048E-148	1	4227	7262	133	529	0.331	2.580E-151	307	1266	1528	4227	7262	3036	3291	7316
249207343	1	482	2.882E-134	1	4227	7262	133	482	0.312	1.432E-135	111	1101	1121	4227	7262	3036	3291	7316
249208253	1	566	1.490E-159	1	4215	7256	133	566	0.346	1.662E-163	320	1324	1349	4215	7256	3042	3291	7316
261995579	-1	149	5.042E-34	1	1524	1964	276	149	0.519	3.102E-37	8	157	160	-1964	-1524	441	1991	1521
262080114	-1	208	8.747E-52	2	1113	1922	276	149	0.573	2.263E-37	32	162	431	-1922	-1524	399	1991	1521
262080114	-1	208	8.747E-52	2	1113	1922	285	58	0.298	2.704E-06	163	285	431	-1466	-1113	354	1466	1056
262406388	1	599	1.734E-169	1	3717	7262	133	599	0.315	2.619E-174	5	1243	1261	3717	7262	3546	3291	7316
262669535	1	619	1.654E-175	1	3330	7304	133	619	0.308	2.588E-181	1105	2387	2398	3330	7304	3975	3291	7316
262840708	1	405	4.355E-111	1	5415	7277	133	405	0.379	1.459E-110	0	632	651	5415	7277	1863	3291	7316
262856830	-1	72	7.620E-11	1	2472	2711	258	72	0.472	1.096E-10	19	98	133	-2711	-2472	240	2930	2445
263334334	1	355	4.903E-96	1	4539	6629	133	355	0.320	1.022E-94	461	1172	1182	4539	6629	2091	3291	7316
263384123	1	522	2.621E-146	1	4626	7307	133	522	0.338	7.821E-149	52	1019	1023	4626	7307	2682	3291	7316
263414403	1	389	2.854E-106	1	5157	7262	133	389	0.343	2.241E-105	438	1132	1152	5157	7262	2106	3291	7316
263427256	1	384	9.132E-105	1	5472	7277	133	384	0.367	7.296E-104	0	629	642	5472	7277	1806	3291	7316
263438804	1	473	1.475E-131	1	4215	7310	133	473	0.301	7.463E-133	359	1409	1433	4215	7310	3096	3291	7316
263441476	1	338	6.426E-91	1	5829	7277	133	338	0.404	2.246E-89	86	568	585	5829	7277	1449	3291	7316
263521167	1	436	2.028E-120	1	3564	6875	133	436	0.272	9.281E-121	108	1253	1255	3564	6875	3312	3291	7316
263543895	1	410	1.361E-112	1	4215	6737	133	410	0.313	2.436E-112	40	895	904	4215	6737	2523	3291	7316
263702145	1	482	2.882E-134	1	4227	7256	133	482	0.312	7.890E-136	330	1272	1301	4227	7256	3030	3291	7316
263709370	1	377	1.169E-102	1	5685	7256	133	377	0.412	1.341E-101	103	616	633	5685	7256	1572	3291	7316
263710013	1	413	1.701E-113	1	5142	7256	133	413	0.349	4.208E-113	90	816	839	5142	7256	2115	3291	7316
263712657	1	545	3.124E-153	1	4161	7256	133	545	0.333	2.031E-156	287	1317	1340	4161	7256	3096	3291	7316
263714506	1	527	8.190E-148	1	4227	7256	133	527	0.330	1.161E-150	125	1141	1164	4227	7256	3030	3291	7316
272832141	1	488	4.503E-136	1	4554	7280	133	488	0.331	8.977E-138	349	1284	1306	4554	7280	2727	3291	7316
272936297	1	337	1.285E-90	1	5691	7256	133	337	0.381	5.282E-89	139	650	673	5691	7256	1566	3291	7316
277026443	-1	147	2.017E-33	1	1524	1967	276	147	0.514	1.500E-36	4	153	205	-1967	-1524	444	1991	1521
277210211	1	446	1.980E-123	1	5688	7184	133	446	0.485	7.772E-124	84	577	580	5688	7184	1497	3291	7316
277236604	-1	438	5.070E-121	3	752	1910	276	183	0.700	2.741E-49	29	154	377	-1910	-1524	387	1991	1521
277236604	-1	438	5.070E-121	3	752	1910	285	136	0.576	4.330E-33	155	274	377	-1466	-1113	354	1466	1056
277236604	-1	438	5.070E-121	3	752	1910	292	119	0.575	5.906E-27	273	375	377	-1066	-752	315	1069	596
277287624	-1	85	9.302E-15	2	2311	2711	258	69	0.471	9.681E-10	5	81	185	-2711	-2481	231	2930	2445
277287624	-1	85	9.302E-15	2	2311	2711	262	45	0.484	8.899E-03	112	158	185	-2451	-2311	141	2457	2233
277840522	1	362	3.830E-98	1	5235	7304	133	362	0.332	4.348E-97	425	1077	1086	5235	7304	2070	3291	7316
277935941	1	396	2.230E-108	1	4224	7289	133	396	0.274	8.923E-108	296	1174	1183	4224	7289	3066	3291	7316
277951579	1	491	5.628E-137	1	4227	7262	133	491	0.315	1.496E-138	326	1324	1345	4227	7262	3036	3291	7316
277985003	1	423	1.661E-116	1	5061	7256	133	423	0.340	2.055E-116	41	818	839	5061	7256	2196	3291	7316
278018724	1	499	2.199E-139	1	4227	7277	133	499	0.318	2.805E-141	88	1017	1031	4227	7277	3051	3291	7316
278064174	1	531	5.119E-149	1	3600	7262	133	531	0.283	5.728E-152	125	1428	1450	3600	7262	3663	3291	7316
278086811	1	382	3.653E-104	1	5208	7277	133	382	0.344	2.327E-103	577	1256	1317	5208	7277	2070	3291	7316
278254586	1	486	1.801E-135	1	4161	7262	133	486	0.309	5.383E-137	476	1510	1532	4161	7262	3102	3291	7316
278256124	1	487	9.005E-136	1	3966	6908	133	487	0.320	2.963E-137	116	1077	1198	3966	6908	2943	3291	7316
278268262	1	475	3.689E-132	1	3510	7304	133	475	0.267	3.056E-133	87	1376	1384	3510	7304	3795	3291	7316
286318866	1	322	4.212E-86	1	5856	7157	133	322	0.421	2.588E-84	3	436	437	5856	7157	1302	3291	7316
289189204	-1	102	7.097E-20	2	2311	2726	258	80	0.492	1.565E-13	64	148	235	-2726	-2472	255	2930	2445
289189204	-1	102	7.097E-20	2	2311	2726	262	48	0.505	1.315E-03	176	222	235	-2451	-2311	141	2457	2233
291265982	-1	199	4.479E-49	2	1113	1937	276	149	0.556	2.263E-37	19	155	423	-1937	-1524	414	1991	1521
291265982	-1	199	4.479E-49	2	1113	1937	285	49	0.264	4.748E-03	156	279	423	-1466	-1113	354	1466	1056
291355109	-1	192	5.733E-47	2	1113	1916	276	145	0.567	5.294E-36	29	157	422	-1916	-1524	393	1991	1521
291355109	-1	192	5.733E-47	2	1113	1916	285	46	0.256	5.650E-02	158	279	422	-1466	-1113	354	1466	1056
292417637	1	372	3.741E-101	1	5331	7268	133	372	0.342	3.222E-100	484	1161	1190	5331	7268	1938	3291	7316
292477350	1	449	2.475E-124	1	4227	7280	133	449	0.297	7.296E-125	324	1248	1263	4227	7280	3054	3291	7316
292492565	1	522	2.621E-146	1	4377	7256	133	522	0.339	7.821E-149	605	1570	1593	4377	7256	2880	3291	7316
292494308	1	392	3.567E-107	1	5043	7256	133	392	0.334	2.191E-106	12	737	760	5043	7256	2214	3291	7316
292496498	1	314	1.078E-83	1	5829	7262	133	314	0.386	7.433E-82	334	783	803	5829	7262	1434	3291	7316
292509680	1	376	2.338E-102	1	5472	7262	133	376	0.363	2.391E-101	0	625	643	5472	7262	1791	3291	7316
292795243	1	484	7.204E-135	1	4152	7262	133	484	0.308	2.393E-136	444	1481	1503	4152	7262	3111	3291	7316
292795278	1	437	1.014E-120	1	3564	7058	133	437	0.270	3.832E-121	90	1229	1235	3564	7058	3495	3291	7316
292795859	1	393	1.784E-107	1	5052	7256	133	393	0.336	6.846E-107	427	1097	1122	5052	7256	2205	3291	7316
292797865	1	523	1.310E-146	1	3564	7256	133	523	0.285	3.174E-149	852	2118	2141	3564	7256	3693	3291	7316
292798558	1	525	3.276E-147	1	3564	7256	133	525	0.286	9.535E-150	90	1356	1379	3564	7256	3693	3291	7316
292799167	1	445	3.961E-123	1	4161	7256	133	445	0.293	1.886E-123	32	958	1607	4161	7256	3096	3291	7316
292799557	1	522	2.621E-146	1	3564	7256	133	522	0.285	7.821E-149	90	1356	1379	3564	7256	3693	3291	7316
292832289	1	529	2.048E-148	1	4485	7256	133	529	0.352	3.486E-151	424	1347	1372	4485	7256	2772	3291	7316
292833493	1	559	1.907E-157	1	4215	7256	133	559	0.343	2.846E-161	498	1502	1527	4215	7256	3042	3291	7316
305578428	-1	187	1.834E-45	2	1113	1940	276	132	0.497	2.383E-31	22	161	418	-1940	-1524	417	1991	1521
305578428	-1	187	1.834E-45	2	1113	1940	285	54	0.291	8.353E-05	162	273	418	-1466	-1113	354	1466	1056
305800686	1	434	8.111E-120	1	4638	7310	133	434	0.285	5.440E-120	61	1111	1146	4638	7310	2673	3291	7316
305981836	-1	240	2.037E-61	3	782	1943	276	151	0.540	4.678E-38	11	155	422	-1943	-1524	420	1991	1521
305981836	-1	240	2.037E-61	3	782	1943	285	47	0.260	2.234E-02	156	277	422	-1466	-1113	354	1466	1056
305981836	-1	240	2.037E-61	3	782	1943	292	42	0.235	1.074E+00	276	407	422	-1066	-782	285	1069	596
306272263	1	685	2.242E-195	1	4413	7304	133	685	0.402	2.366E-203	831	1820	1826	4413	7304	2892	3291	7316
306356830	1	295	5.653E-78	1	5754	6881	133	295	0.433	5.538E-76	13	394	398	5754	6881	1128	3291	7316
306502257	-1	100	2.839E-19	1	779	1066	292	100	0.534	2.905E-20	18	112	123	-1066	-779	288	1069	596
306989180	1	513	1.342E-143	1	3951	7256	133	513	0.301	5.789E-146	300	1440	1461	3951	7256	3306	3291	7316
307063760	1	441	6.337E-122	1	5055	7256	133	441	0.345	2.692E-122	398	1190	1210	5055	7256	2202	3291	7316
307107017	1	436	2.028E-120	1	4152	7265	133	436	0.288	1.246E-120	49	993	1015	4152	7265	3114	3291	7316
307202557	1	328	6.581E-88	1	5760	7310	133	328	0.377	2.763E-86	247	757	767	5760	7310	1551	3291	7316
307284824	1	418	5.316E-115	1	4227	7016	133	418	0.300	9.327E-115	321	1192	1202	4227	7016	2790	3291	7316
307326793	1	474	7.377E-132	1	4227	7241	133	474	0.310	4.115E-133	330	1267	1286	4227	7241	3015	3291	7316
307334193	1	428	5.191E-118	1	5133	7256	133	428	0.358	6.041E-118	438	1163	1186	5133	7256	2124	3291	7316
307335098	1	307	1.380E-81	1	5847	7013	133	307	0.441	9.019E-80	0	388	392	5847	7013	1167	3291	7316
307335338	1	474	7.377E-132	1	4227	7262	133	474	0.307	4.115E-133	839	1856	1878	4227	7262	3036	3291	7316
307337975	1	480	1.153E-133	1	4152	7262	133	480	0.306	6.359E-135	440	1448	1680	4152	7262	3111	3291	7316
307338688	1	514	6.709E-144	1	4227	7193	133	514	0.329	2.353E-146	355	1350	1401	4227	7193	2967	3291	7316
307374482	1	485	3.602E-135	1	4227	7013	133	485	0.331	1.318E-136	111	1033	1037	4227	7013	2787	3291	7316
307391667	1	317	1.348E-84	1	5883	7256	133	317	0.400	1.027E-82	2	459	516	5883	7256	1374	3291	7316
320176378	-1	214	1.367E-53	2	1119	1904	276	143	0.574	3.509E-35	25	150	402	-1904	-1524	381	1991	1521
320176378	-1	214	1.367E-53	2	1119	1904	285	70	0.351	3.085E-10	151	264	402	-1466	-1119	348	1466	1056
320567819	-1	147	2.017E-33	1	1524	1922	276	147	0.566	1.095E-36	58	188	194	-1922	-1524	399	1991	1521
320796546	1	658	3.009E-187	1	3966	6923	133	658	0.392	2.621E-194	21	987	988	3966	6923	2958	3291	7316
320898771	-1	69	6.096E-10	1	2496	2711	258	69	0.496	9.681E-10	55	126	129	-2711	-2496	216	2930	2445
321020266	-1	73	3.810E-11	1	2481	2711	258	73	0.493	4.305E-11	4	80	148	-2711	-2481	231	2930	2445
321069356	1	386	2.283E-105	1	5166	6503	133	386	0.445	1.711E-104	0	483	524	5166	6503	1338	3291	7316
321071182	1	546	1.562E-153	1	5754	7307	133	546	0.551	6.075E-157	4	524	537	5754	7307	1554	3291	7316
321175718	1	667	5.876E-190	1	3315	7271	133	667	0.324	3.123E-197	0	1271	1284	3315	7271	3957	3291	7316
321420462	1	551	4.882E-155	1	4224	7304	133	551	0.337	2.195E-158	318	1327	1334	4224	7304	3081	3291	7316
321560806	1	361	7.661E-98	1	5829	7304	133	361	0.418	1.374E-96	277	768	775	5829	7304	1476	3291	7316
321878930	1	527	8.190E-148	1	4227	7256	133	527	0.329	2.120E-150	493	1509	1532	4227	7256	3030	3291	7316
321880607	1	348	6.276E-94	1	5724	7262	133	348	0.395	1.778E-92	368	875	897	5724	7262	1539	3291	7316
321880927	1	459	2.417E-127	1	5052	7256	133	459	0.370	4.436E-128	366	1108	1133	5052	7256	2205	3291	7316
321881579	1	524	6.552E-147	1	4227	7256	133	524	0.328	2.350E-149	125	1141	1164	4227	7256	3030	3291	7316
321882895	1	584	5.683E-165	1	3966	7256	133	584	0.335	2.690E-169	257	1334	1359	3966	7256	3291	3291	7316
321915896	1	537	7.998E-151	1	4281	7262	133	537	0.334	6.250E-154	363	1377	1397	4281	7262	2982	3291	7316
329195623	-1	81	1.488E-13	1	2505	2726	258	81	0.551	1.145E-13	64	137	139	-2726	-2505	222	2930	2445
334830771	-1	192	5.733E-47	2	1113	1910	276	145	0.573	7.256E-36	26	152	417	-1910	-1524	387	1991	1521
334830771	-1	192	5.733E-47	2	1113	1910	285	46	0.259	3.044E-02	153	274	417	-1466	-1113	354	1466	1056
334851397	-1	206	3.499E-51	2	1113	1922	276	146	0.564	2.056E-36	32	162	431	-1922	-1524	399	1991	1521
334851397	-1	206	3.499E-51	2	1113	1922	285	59	0.300	1.979E-06	163	285	431	-1466	-1113	354	1466	1056
334852086	-1	51	1.598E-04	1	1113	1466	285	51	0.282	5.403E-04	33	147	164	-1466	-1113	354	1466	1056
334854303	-1	150	2.521E-34	1	1524	1916	276	150	0.582	1.205E-37	25	153	222	-1916	-1524	393	1991	1521
335124898	-1	185	7.338E-45	2	1113	1916	276	126	0.505	2.686E-29	73	203	479	-1916	-1524	393	1991	1521
335124898	-1	185	7.338E-45	2	1113	1916	285	58	0.301	3.695E-06	204	323	479	-1466	-1113	354	1466	1056
335262828	1	458	4.835E-127	1	5685	7307	133	458	0.463	8.028E-128	65	609	610	5685	7307	1623	3291	7316
335940887	1	380	1.461E-103	1	5472	7262	133	380	0.366	9.907E-103	0	625	643	5472	7262	1791	3291	7316
336045029	1	394	8.918E-108	1	5361	7262	133	394	0.359	3.825E-107	4	670	720	5361	7262	1902	3291	7316
336045031	1	397	1.115E-108	1	5262	7262	133	397	0.350	3.724E-108	257	953	1000	5262	7262	2001	3291	7316
336047439	1	390	1.427E-106	1	5232	7280	133	390	0.326	7.010E-106	1	762	778	5232	7280	2049	3291	7316
336119176	1	496	1.759E-138	1	4527	7124	133	496	0.350	3.071E-140	289	1161	1221	4527	7124	2598	3291	7316
336147225	1	338	6.426E-91	1	5829	7277	133	338	0.404	2.246E-89	115	597	614	5829	7277	1449	3291	7316
336213864	1	341	8.033E-92	1	5847	7262	133	341	0.413	3.049E-90	0	471	480	5847	7262	1416	3291	7316
336418614	1	378	5.845E-103	1	5391	7256	133	378	0.358	4.214E-102	504	1146	1169	5391	7256	1866	3291	7316
336418769	1	358	6.129E-97	1	5682	7256	133	358	0.397	1.028E-95	371	885	908	5682	7256	1575	3291	7316
336418926	1	516	1.677E-144	1	4227	7256	133	516	0.326	7.082E-147	1014	1994	2017	4227	7256	3030	3291	7316
336419457	1	363	1.915E-98	1	5685	7256	133	363	0.401	3.261E-97	336	849	872	5685	7256	1572	3291	7316
336419853	1	433	1.622E-119	1	5052	7256	133	433	0.358	1.317E-119	443	1158	1183	5052	7256	2205	3291	7316
336420738	1	437	1.014E-120	1	4227	7142	133	437	0.297	6.911E-121	123	1114	1119	4227	7142	2916	3291	7316
336421011	1	385	4.566E-105	1	5142	7256	133	385	0.340	3.056E-104	242	877	900	5142	7256	2115	3291	7316
336421028	1	417	1.063E-114	1	5118	7256	133	417	0.349	2.248E-114	2	736	759	5118	7256	2139	3291	7316
336421522	1	419	2.658E-115	1	4227	7256	133	419	0.286	2.885E-115	125	1061	1084	4227	7256	3030	3291	7316
336422404	1	583	1.137E-164	1	3966	7256	133	583	0.335	4.935E-169	257	1334	1359	3966	7256	3291	3291	7316
336423235	1	452	3.094E-125	1	4227	7262	133	452	0.299	9.192E-126	230	1234	1256	4227	7262	3036	3291	7316
336424284	1	430	1.298E-118	1	3966	7271	133	430	0.276	1.034E-118	563	1507	1525	3966	7271	3306	3291	7316
336457590	1	532	2.559E-149	1	4215	7256	133	532	0.332	4.239E-152	348	1323	1348	4215	7256	3042	3291	7316
343734620	-1	179	4.696E-43	2	1113	1904	276	132	0.537	2.383E-31	29	153	433	-1904	-1524	381	1991	1521
343734620	-1	179	4.696E-43	2	1113	1904	285	46	0.264	3.044E-02	154	270	433	-1466	-1113	354	1466	1056
349307074	-1	199	4.479E-49	2	1113	1940	276	143	0.532	2.560E-35	22	161	418	-1940	-1524	417	1991	1521
349307074	-1	199	4.479E-49	2	1113	1940	285	55	0.295	3.281E-05	162	273	418	-1466	-1113	354	1466	1056
349458321	-1	184	1.468E-44	2	1113	1955	276	141	0.514	1.238E-34	13	153	438	-1955	-1524	432	1991	1521
349458321	-1	184	1.468E-44	2	1113	1955	285	42	0.238	1.232E+00	154	279	438	-1466	-1113	354	1466	1056
349654509	1	544	6.249E-153	1	4227	7262	133	544	0.326	2.747E-156	241	1306	1324	4227	7262	3036	3291	7316
349782529	1	495	3.518E-138	1	5790	7304	133	495	0.519	7.531E-140	2	509	512	5790	7304	1515	3291	7316
349861112	1	516	1.677E-144	1	4407	7262	133	516	0.339	7.082E-147	8	951	967	4407	7262	2856	3291	7316
350259817	1	546	1.562E-153	1	4122	7208	133	546	0.333	6.075E-157	278	1316	1317	4122	7208	3087	3291	7316
350581795	1	348	6.276E-94	1	5304	7262	133	348	0.335	1.335E-92	154	785	808	5304	7262	1959	3291	7316
350612755	1	479	2.305E-133	1	4221	7256	133	479	0.298	1.555E-134	363	1440	1461	4221	7256	3036	3291	7316
350658844	1	250	1.989E-64	1	5298	6635	133	250	0.338	4.862E-62	73	532	539	5298	6635	1338	3291	7316
350659364	1	430	1.298E-118	1	4407	7256	133	430	0.302	1.388E-118	103	1038	1061	4407	7256	2850	3291	7316
350667628	1	506	1.718E-141	1	4227	7262	133	506	0.322	1.279E-143	301	1289	1309	4227	7262	3036	3291	7316
350692959	1	391	7.135E-107	1	5166	7256	133	391	0.329	2.931E-106	227	980	1001	5166	7256	2091	3291	7316
350771248	1	506	1.718E-141	1	4746	7256	133	506	0.336	1.726E-143	1	947	1086	4746	7256	2511	3291	7316
350794878	1	275	5.927E-72	1	5076	6617	133	275	0.335	8.819E-70	19	487	496	5076	6617	1542	3291	7316
350962075	1	432	3.245E-119	1	4542	7256	133	432	0.312	3.185E-119	198	1044	1067	4542	7256	2715	3291	7316
350962138	1	465	3.777E-129	1	4227	7262	133	465	0.305	3.842E-130	426	1427	1449	4227	7262	3036	3291	7316
350962308	1	532	2.559E-149	1	4215	7181	133	532	0.338	4.239E-152	446	1390	1411	4215	7181	2967	3291	7316
350964174	1	469	2.361E-130	1	4227	7262	133	469	0.303	1.462E-131	264	1292	1314	4227	7262	3036	3291	7316
350964550	1	458	4.835E-127	1	4227	7256	133	458	0.302	5.968E-128	604	1534	1557	4227	7256	3030	3291	7316
350975165	1	524	6.552E-147	1	3510	7304	133	524	0.279	1.288E-149	95	1410	1418	3510	7304	3795	3291	7316
350999467	1	508	4.294E-142	1	4227	7262	133	508	0.322	3.856E-144	340	1328	1348	4227	7262	3036	3291	7316
359528270	1	405	4.355E-111	1	5034	7256	133	405	0.320	1.459E-110	9	823	844	5034	7256	2223	3291	7316
359932685	-1	194	1.433E-47	2	1113	1970	276	123	0.425	1.777E-28	6	166	424	-1970	-1524	447	1991	1521
359932685	-1	194	1.433E-47	2	1113	1970	285	70	0.347	3.085E-10	167	280	424	-1466	-1113	354	1466	1056
363902557	-1	209	4.374E-52	2	1113	1946	276	155	0.552	1.999E-39	10	154	501	-1946	-1524	423	1991	1521
363902557	-1	209	4.374E-52	2	1113	1946	285	53	0.289	1.140E-04	155	268	501	-1466	-1113	354	1466	1056
364436770	1	700	6.841E-200	1	4227	7304	133	700	0.391	2.046E-208	63	1114	1120	4227	7304	3078	3291	7316
364616298	-1	504	6.871E-141	3	752	1979	276	206	0.674	3.091E-57	147	297	604	-1979	-1524	456	1991	1521
364616298	-1	504	6.871E-141	3	752	1979	285	149	0.624	6.882E-38	298	417	604	-1466	-1113	354	1466	1056
364616298	-1	504	6.871E-141	3	752	1979	292	149	0.695	3.238E-37	416	520	604	-1066	-752	315	1069	596
364650301	1	543	1.250E-152	1	3513	7262	133	543	0.294	9.180E-156	76	1280	1293	3513	7262	3750	3291	7316
365064914	1	306	2.760E-81	1	5847	7178	133	306	0.399	2.101E-79	0	443	444	5847	7178	1332	3291	7316
365182433	-1	52	7.990E-05	1	5822	6007	194	52	0.439	6.115E-05	6	67	122	-6007	-5822	186	6010	5756
365184900	1	551	4.882E-155	1	4224	7304	133	551	0.337	2.195E-158	318	1327	1334	4224	7304	3081	3291	7316
365185262	1	519	2.097E-145	1	4224	7304	133	519	0.324	6.408E-148	318	1303	1310	4224	7304	3081	3291	7316
365190720	1	474	7.377E-132	1	4227	7262	133	474	0.306	5.542E-133	339	1365	1387	4227	7262	3036	3291	7316
365336051	1	317	1.348E-84	1	5685	7163	133	317	0.374	7.740E-83	31	535	542	5685	7163	1479	3291	7316
365502596	1	497	8.794E-139	1	4506	7193	133	497	0.341	1.252E-140	99	1009	1019	4506	7193	2688	3291	7316
365504769	1	521	5.242E-146	1	4413	7256	133	521	0.339	1.427E-148	660	1622	1645	4413	7256	2844	3291	7316
365505490	1	542	2.499E-152	1	4161	7256	133	542	0.333	1.241E-155	180	1210	1233	4161	7256	3096	3291	7316
370930822	1	515	3.355E-144	1	4599	7256	133	515	0.349	1.743E-146	248	1156	1180	4599	7256	2658	3291	7316
378414033	-1	208	8.747E-52	2	1113	1922	276	149	0.573	2.263E-37	32	162	371	-1922	-1524	399	1991	1521
378414033	-1	208	8.747E-52	2	1113	1922	285	58	0.298	2.704E-06	163	285	371	-1466	-1113	354	1466	1056
378691632	-1	196	3.583E-48	2	1113	1955	276	155	0.534	1.999E-39	7	157	421	-1955	-1524	432	1991	1521
378691632	-1	196	3.583E-48	2	1113	1955	285	40	0.238	3.096E+00	158	279	421	-1466	-1113	354	1466	1056
379001375	1	943	4.840E-273	1	3315	7289	133	943	0.411	4.089E-291	0	1315	1326	3315	7289	3975	3291	7316
379192056	-1	73	3.810E-11	1	2481	2726	258	73	0.465	4.305E-11	75	157	158	-2726	-2481	246	2930	2445
379238603	1	319	3.369E-85	1	5700	6632	133	319	0.537	1.880E-83	64	376	384	5700	6632	933	3291	7316
379240835	1	503	1.374E-140	1	5772	7304	133	503	0.522	1.041E-142	1	514	517	5772	7304	1533	3291	7316
379242562	1	581	4.547E-164	1	4227	7262	133	581	0.353	2.249E-168	67	1078	1100	4227	7262	3036	3291	7316
379341552	1	416	2.126E-114	1	5031	7019	133	416	0.374	4.040E-114	37	693	765	5031	7019	1989	3291	7316
379706517	1	394	8.918E-108	1	5232	7280	133	394	0.331	5.117E-107	1	751	767	5232	7280	2049	3291	7316
379746283	1	409	2.722E-112	1	5142	7262	133	409	0.348	7.849E-112	383	1107	1127	5142	7262	2121	3291	7316
379747683	1	519	2.097E-145	1	4227	7262	133	519	0.327	8.653E-148	20	971	991	4227	7262	3036	3291	7316
379748386	1	538	3.999E-151	1	4227	7262	133	538	0.334	4.624E-154	301	1317	1337	4227	7262	3036	3291	7316
379854683	1	352	3.922E-95	1	5865	7256	133	352	0.429	7.613E-94	2	464	593	5865	7256	1392	3291	7316
379877675	1	308	6.900E-82	1	5751	7262	133	308	0.367	3.870E-80	64	544	638	5751	7262	1512	3291	7316
379923451	-1	51	1.598E-04	1	6881	7087	174	51	0.401	2.365E-04	0	68	70	-7087	-6881	207	7138	6830
380041778	1	562	2.384E-158	1	3966	7256	133	562	0.327	4.635E-162	257	1312	1508	3966	7256	3291	3291	7316
380046627	1	485	3.602E-135	1	4152	7262	133	485	0.308	9.777E-137	308	1345	1367	4152	7262	3111	3291	7316
380047377	1	451	6.188E-125	1	4638	7262	133	451	0.321	1.236E-125	376	1282	1304	4638	7262	2625	3291	7316
380048180	1	524	6.552E-147	1	4227	7256	133	524	0.328	1.740E-149	340	1356	1379	4227	7256	3030	3291	7316
380048392	1	391	7.135E-107	1	3564	7256	133	391	0.245	3.920E-106	90	1249	1272	3564	7256	3693	3291	7316
380048747	1	422	3.322E-116	1	5043	7262	133	422	0.341	4.959E-116	92	861	883	5043	7262	2220	3291	7316
380057563	-1	59	6.242E-07	1	6860	7129	174	59	0.372	3.101E-07	9	98	99	-7129	-6860	270	7138	6830
380082865	1	482	2.882E-134	1	4227	7271	133	482	0.311	7.890E-136	52	1048	1063	4227	7271	3045	3291	7316
380098912	1	332	4.113E-89	1	5835	7262	133	332	0.403	1.211E-87	337	779	807	5835	7262	1428	3291	7316
380151591	1	374	9.352E-102	1	5715	7256	133	374	0.403	1.355E-100	50	585	608	5715	7256	1542	3291	7316
393520387	1	367	1.197E-99	1	5541	7268	133	367	0.378	1.830E-98	231	796	810	5541	7268	1728	3291	7316
393605540	1	589	1.776E-166	1	4806	7256	133	589	0.410	3.841E-171	10	837	855	4806	7256	2451	3291	7316
393784187	1	615	2.646E-174	1	3363	7271	133	615	0.310	7.382E-180	17	1269	1285	3363	7271	3909	3291	7316
393888799	1	599	1.734E-169	1	3645	7262	133	599	0.321	1.932E-174	120	1323	1346	3645	7262	3618	3291	7316
394187357	1	452	3.094E-125	1	3966	7256	133	452	0.285	6.837E-126	294	1364	1385	3966	7256	3291	3291	7316
394208173	1	347	1.255E-93	1	4494	6611	133	347	0.317	2.367E-92	242	950	952	4494	6611	2118	3291	7316
394266236	-1	50	3.196E-04	1	5822	6007	194	50	0.429	2.180E-04	6	67	122	-6007	-5822	186	6010	5756
394285756	1	511	5.368E-143	1	4377	7256	133	511	0.335	3.503E-145	533	1485	1508	4377	7256	2880	3291	7316
394418386	1	263	2.428E-68	1	5856	6914	133	263	0.422	2.871E-66	3	355	374	5856	6914	1059	3291	7316
394585719	1	477	9.221E-133	1	4152	7262	133	477	0.305	5.119E-134	496	1506	1528	4152	7262	3111	3291	7316
394586226	1	525	3.276E-147	1	4329	7244	133	525	0.337	7.059E-150	113	1091	1104	4329	7244	2916	3291	7316
394587907	1	535	3.199E-150	1	3321	7256	133	535	0.271	5.149E-153	1	1415	1438	3321	7256	3936	3291	7316
394589723	1	423	1.661E-116	1	4227	7262	133	423	0.287	1.532E-116	782	1783	1805	4227	7262	3036	3291	7316
394589748	1	406	2.177E-111	1	4227	7262	133	406	0.280	8.134E-111	155	1106	1128	4227	7262	3036	3291	7316
394598267	-1	59	6.242E-07	1	6860	7129	174	59	0.372	3.101E-07	9	98	99	-7129	-6860	270	7138	6830
407700193	-1	91	1.453E-16	2	872	1466	285	53	0.286	1.557E-04	96	214	320	-1466	-1113	354	1466	1056
407700193	-1	91	1.453E-16	2	872	1466	292	39	0.332	1.625E+01	213	279	320	-1066	-872	195	1069	596
408141408	1	1438	0.000E+00	1	3315	7304	133	1438	0.563	0.000E+00	0	1337	1343	3315	7304	3990	3291	7316
408148273	1	543	1.250E-152	1	5124	7307	133	543	0.415	9.180E-156	2	751	752	5124	7307	2184	3291	7316
408669872	1	542	2.499E-152	1	4227	7280	133	542	0.335	1.678E-155	324	1331	1346	4227	7280	3054	3291	7316
408764695	1	355	4.903E-96	1	4338	7277	133	355	0.264	1.022E-94	157	1063	1091	4338	7277	2940	3291	7316
408809977	1	553	1.220E-155	1	3954	7304	133	553	0.320	4.848E-159	236	1327	1334	3954	7304	3351	3291	7316
408825541	1	347	1.255E-93	1	5796	7256	133	347	0.409	3.151E-92	51	533	556	5796	7256	1461	3291	7316
408826858	1	482	2.882E-134	1	4542	7256	133	482	0.328	1.432E-135	166	1099	1504	4542	7256	2715	3291	7316
408829591	1	356	2.451E-96	1	5142	7244	133	356	0.324	4.322E-95	437	1114	1137	5142	7244	2103	3291	7316
408830755	1	484	7.204E-135	1	4227	7262	133	484	0.313	1.776E-136	337	1251	1271	4227	7262	3036	3291	7316
409124888	1	361	7.661E-98	1	5685	7256	133	361	0.399	1.832E-96	30	543	566	5685	7256	1572	3291	7316
409126176	1	227	1.668E-57	1	5142	6632	133	227	0.302	3.584E-55	292	744	754	5142	6632	1491	3291	7316
409128447	1	524	6.552E-147	1	4227	7256	133	524	0.328	1.740E-149	309	1325	1418	4227	7256	3030	3291	7316
409128764	1	494	7.035E-138	1	4338	7256	133	494	0.319	1.847E-139	153	1153	1176	4338	7256	2919	3291	7316
409128769	1	390	1.427E-106	1	5052	7256	133	390	0.334	9.375E-106	592	1256	1281	5052	7256	2205	3291	7316
409130074	1	544	6.249E-153	1	4161	7256	133	544	0.333	2.747E-156	392	1422	1445	4161	7256	3096	3291	7316
409130556	1	496	1.759E-138	1	4656	7256	133	496	0.350	2.277E-140	88	962	985	4656	7256	2601	3291	7316
409131553	1	522	2.621E-146	1	4161	7115	133	522	0.334	7.821E-149	32	1015	1020	4161	7115	2955	3291	7316
409151926	1	572	2.328E-161	1	4176	7268	133	572	0.345	2.396E-165	279	1255	1278	4176	7268	3093	3291	7316
422121334	-1	244	1.273E-62	3	782	1943	276	150	0.546	1.205E-37	22	163	422	-1943	-1524	420	1991	1521
422121334	-1	244	1.273E-62	3	782	1943	285	63	0.323	6.350E-08	164	278	422	-1466	-1113	354	1466	1056
422121334	-1	244	1.273E-62	3	782	1943	292	40	0.236	8.902E+00	290	410	422	-1027	-782	246	1069	596
422797816	1	401	6.968E-110	1	5415	7277	133	401	0.377	2.018E-109	0	632	651	5415	7277	1863	3291	7316
423314690	1	340	1.607E-91	1	5034	6764	133	340	0.358	5.396E-90	9	539	541	5034	6764	1731	3291	7316
423349370	-1	49	6.392E-04	1	6872	7120	174	49	0.344	8.363E-04	12	94	105	-7120	-6872	249	7138	6830
423351297	1	542	2.499E-152	1	4227	7280	133	542	0.335	1.678E-155	324	1331	1346	4227	7280	3054	3291	7316
423356823	1	350	1.569E-94	1	5835	7262	133	350	0.419	4.248E-93	127	602	624	5835	7262	1428	3291	7316
423373192	1	489	2.251E-136	1	4227	7262	133	489	0.315	6.659E-138	312	1292	1312	4227	7262	3036	3291	7316
423478905	1	535	3.199E-150	1	3315	7256	133	535	0.276	2.819E-153	8	1379	1448	3315	7256	3942	3291	7316
423666434	1	428	5.191E-118	1	5160	7256	133	428	0.362	6.041E-118	456	1172	1195	5160	7256	2097	3291	7316
423667492	1	396	2.230E-108	1	4200	7262	133	396	0.275	6.668E-108	913	1885	1907	4200	7262	3063	3291	7316
423667984	1	445	3.961E-123	1	4161	7256	133	445	0.293	1.404E-123	853	1779	1802	4161	7256	3096	3291	7316
423669314	1	465	3.777E-129	1	4215	7256	133	465	0.304	5.171E-130	312	1210	1486	4215	7256	3042	3291	7316
423671292	1	451	6.188E-125	1	4227	7256	133	451	0.299	1.662E-125	125	1122	1145	4227	7256	3030	3291	7316
423672014	1	541	4.999E-152	1	4161	7256	133	541	0.332	4.146E-155	400	1430	1453	4161	7256	3096	3291	7316
423672535	1	421	6.645E-116	1	4638	7151	133	421	0.316	6.652E-116	302	1164	1169	4638	7151	2514	3291	7316
423673841	1	466	1.889E-129	1	4227	7256	133	466	0.305	2.855E-130	251	1179	1637	4227	7256	3030	3291	7316
423683011	-1	57	2.497E-06	1	6860	7129	174	57	0.363	1.507E-06	9	98	99	-7129	-6860	270	7138	6830
436587283	-1	210	2.187E-52	2	1119	1904	276	147	0.589	7.987E-37	25	150	403	-1904	-1524	381	1991	1521
436587283	-1	210	2.187E-52	2	1119	1904	285	62	0.324	1.187E-07	151	265	403	-1466	-1119	348	1466	1056
436865314	-1	203	2.799E-50	2	1119	1898	276	139	0.562	5.985E-34	16	142	375	-1898	-1524	375	1991	1521
436865314	-1	203	2.799E-50	2	1119	1898	285	63	0.327	6.350E-08	143	255	375	-1466	-1119	348	1466	1056
437168732	1	452	3.094E-125	1	4329	7211	133	452	0.309	6.837E-126	200	996	1002	4329	7211	2883	3291	7316
437238497	1	655	2.407E-186	1	3363	7307	133	655	0.315	4.110E-193	24	1375	1376	3363	7307	3945	3291	7316
437339182	1	404	8.709E-111	1	5415	7277	133	404	0.379	1.954E-110	0	632	650	5415	7277	1863	3291	7316
437355853	-1	103	3.548E-20	2	2311	2726	258	82	0.501	3.281E-14	16	100	218	-2726	-2472	255	2930	2445
437355853	-1	103	3.548E-20	2	2311	2726	262	47	0.501	1.808E-03	128	174	218	-2451	-2311	141	2457	2233
437403925	1	274	1.185E-71	1	6567	7304	133	274	0.572	1.166E-69	0	247	256	6567	7304	738	3291	7316
437507994	1	593	1.110E-167	1	4620	7262	133	593	0.391	1.843E-172	324	1214	1231	4620	7262	2643	3291	7316
437751213	-1	51	1.598E-04	1	5822	6007	194	51	0.437	8.403E-05	6	67	122	-6007	-5822	186	6010	5756
437893011	1	497	8.794E-139	1	3954	7304	133	497	0.299	9.282E-141	236	1302	1309	3954	7304	3351	3291	7316
437908885	1	511	5.368E-143	1	4377	7256	133	511	0.335	4.728E-145	367	1319	1744	4377	7256	2880	3291	7316
437924201	1	320	1.685E-85	1	5436	7025	133	320	0.353	1.067E-83	2	555	557	5436	7025	1590	3291	7316
438042950	1	332	4.113E-89	1	5787	7262	133	332	0.394	1.211E-87	4	492	562	5787	7262	1476	3291	7316
438177039	1	524	6.552E-147	1	4227	7304	133	524	0.312	2.350E-149	188	1284	1291	4227	7304	3078	3291	7316
438210195	1	387	1.142E-105	1	3966	7256	133	387	0.260	5.356E-105	251	1154	1179	3966	7256	3291	3291	7316
438211103	1	583	1.137E-164	1	3966	7256	133	583	0.335	4.935E-169	320	1397	1655	3966	7256	3291	3291	7316
438211792	1	364	9.576E-99	1	5001	7256	133	364	0.314	1.834E-97	742	1464	1487	5001	7256	2256	3291	7316
438214933	1	439	2.535E-121	1	4152	7262	133	439	0.290	1.177E-121	408	1412	1434	4152	7262	3111	3291	7316
438303054	1	247	1.591E-63	1	5829	6761	133	247	0.441	3.399E-61	46	357	363	5829	6761	933	3291	7316
451268999	1	623	1.034E-176	1	3639	7262	133	623	0.324	1.666E-182	2	1233	1251	3639	7262	3624	3291	7316
451587072	1	642	1.972E-182	1	3354	7262	133	642	0.319	9.855E-189	18	1283	1300	3354	7262	3909	3291	7316
451728136	1	378	5.845E-103	1	5637	7262	133	378	0.402	4.214E-102	171	714	731	5637	7262	1626	3291	7316
452018224	1	512	2.684E-143	1	3363	7262	133	512	0.278	1.424E-145	16	1095	1113	3363	7262	3900	3291	7316
452373385	1	282	4.631E-74	1	5685	7073	133	282	0.359	7.618E-72	290	764	820	5685	7073	1389	3291	7316
452374537	1	218	8.542E-55	1	5847	6599	133	218	0.473	1.586E-52	0	250	252	5847	6599	753	3291	7316
452434924	1	393	1.784E-107	1	4110	7304	133	393	0.267	9.157E-107	367	1255	1262	4110	7304	3195	3291	7316
452483068	1	308	6.900E-82	1	5061	6617	133	308	0.339	6.803E-80	365	929	932	5061	6617	1557	3291	7316
452585046	1	330	1.645E-88	1	5847	7280	133	330	0.400	8.867E-87	0	477	494	5847	7280	1434	3291	7316
452718242	1	526	1.638E-147	1	4227	7304	133	526	0.310	3.868E-150	226	1341	1348	4227	7304	3078	3291	7316
452752090	1	342	4.017E-92	1	4404	7262	133	342	0.262	1.723E-90	448	1250	1272	4404	7262	2859	3291	7316
452752452	1	516	1.677E-144	1	4227	7256	133	516	0.325	5.245E-147	125	1141	1164	4227	7256	3030	3291	7316
452755140	1	506	1.718E-141	1	3564	7256	133	506	0.285	1.726E-143	90	1319	1342	3564	7256	3693	3291	7316
452755677	1	464	7.554E-129	1	5052	7256	133	464	0.374	6.959E-130	359	1101	1126	5052	7256	2205	3291	7316
452756511	1	440	1.267E-121	1	4152	7262	133	440	0.290	6.526E-122	308	1311	1333	4152	7262	3111	3291	7316
452868009	1	423	1.661E-116	1	4164	7049	133	423	0.291	1.532E-116	132	1122	1126	4164	7049	2886	3291	7316
 