408141408	1	3315	408141408	1	3315
408141408	1	3315	379001375	1	3315
408141408	1	3315	321175718	1	3315
408141408	1	3315	73862419	1	3315
408141408	1	3315	423478905	1	3315
408141408	1	3315	219786596	1	3321
408141408	1	3315	89202129	1	3321
408141408	1	3315	394587907	1	3321
408141408	1	3315	30003014	1	3321
408141408	1	3315	44786136	1	3324
408141408	1	3315	262669535	1	3330
408141408	1	3315	59321754	1	3336
408141408	1	3315	118295235	1	3336
408141408	1	3315	233968355	1	3345
408141408	1	3315	248025836	1	3345
408141408	1	3315	117635856	1	3345
408141408	1	3315	161111664	1	3348
408141408	1	3315	118095260	1	3348
408141408	1	3315	44716869	1	3351
408141408	1	3315	451587072	1	3354
408141408	1	3315	74316937	1	3354
408141408	1	3315	88239920	1	3363
408141408	1	3315	1091828	1	3363
408141408	1	3315	204572281	1	3363
408141408	1	3315	437238497	1	3363
408141408	1	3315	393784187	1	3363
408141408	1	3315	102877116	1	3363
408141408	1	3315	59327754	1	3363
408141408	1	3315	452018224	1	3363
408141408	1	3315	59432663	1	3411
408141408	1	3315	30855274	1	3462
408141408	1	3315	1773716	1	3462
408141408	1	3315	103564170	1	3477
408141408	1	3315	350975165	1	3510
408141408	1	3315	278268262	1	3510
408141408	1	3315	364650301	1	3513
408141408	1	3315	29924635	1	3513
408141408	1	3315	132842037	1	3564
408141408	1	3315	292798558	1	3564
408141408	1	3315	132840621	1	3564
408141408	1	3315	292797865	1	3564
408141408	1	3315	292799557	1	3564
408141408	1	3315	452755140	1	3564
408141408	1	3315	191004722	1	3564
408141408	1	3315	380048392	1	3564
408141408	1	3315	292795278	1	3564
408141408	1	3315	263521167	1	3564
408141408	1	3315	118105326	1	3564
408141408	1	3315	278064174	1	3600
408141408	1	3315	451268999	1	3639
408141408	1	3315	393888799	1	3645
408141408	1	3315	45590527	1	3669
408141408	1	3315	262406388	1	3717
408141408	1	3315	44778850	1	3837
408141408	1	3315	306989180	1	3951
408141408	1	3315	117947222	1	3951
408141408	1	3315	408809977	1	3954
408141408	1	3315	437893011	1	3954
408141408	1	3315	336424284	1	3966
408141408	1	3315	1965685	1	3966
408141408	1	3315	118296546	1	3966
408141408	1	3315	89216811	1	3966
408141408	1	3315	118300882	1	3966
408141408	1	3315	161920352	1	3966
408141408	1	3315	191004669	1	3966
408141408	1	3315	321882895	1	3966
408141408	1	3315	336422404	1	3966
408141408	1	3315	438211103	1	3966
408141408	1	3315	132840939	1	3966
408141408	1	3315	380041778	1	3966
408141408	1	3315	394187357	1	3966
408141408	1	3315	220085677	1	3966
408141408	1	3315	161921033	1	3966
408141408	1	3315	205543972	1	3966
408141408	1	3315	438210195	1	3966
408141408	1	3315	220091665	1	3966
408141408	1	3315	320796546	1	3966
408141408	1	3315	278256124	1	3966
408141408	1	3315	220203231	1	4098
408141408	1	3315	452434924	1	4110
408141408	1	3315	350259817	1	4122
408141408	1	3315	307107017	1	4152
408141408	1	3315	147378704	1	4152
408141408	1	3315	380046627	1	4152
408141408	1	3315	292795243	1	4152
408141408	1	3315	307337975	1	4152
408141408	1	3315	16024049	1	4152
408141408	1	3315	191004193	1	4152
408141408	1	3315	161921819	1	4152
408141408	1	3315	394585719	1	4152
408141408	1	3315	89214505	1	4152
408141408	1	3315	452756511	1	4152
408141408	1	3315	438214933	1	4152
408141408	1	3315	147383780	1	4152
408141408	1	3315	278254586	1	4161
408141408	1	3315	191003839	1	4161
408141408	1	3315	74673930	1	4161
408141408	1	3315	263712657	1	4161
408141408	1	3315	409130074	1	4161
408141408	1	3315	365505490	1	4161
408141408	1	3315	423672014	1	4161
408141408	1	3315	234632106	1	4161
408141408	1	3315	176460452	1	4161
408141408	1	3315	191001966	1	4161
408141408	1	3315	292799167	1	4161
408141408	1	3315	423667984	1	4161
408141408	1	3315	161924815	1	4161
408141408	1	3315	409131553	1	4161
408141408	1	3315	452868009	1	4164
408141408	1	3315	409151926	1	4176
408141408	1	3315	234273310	1	4179
408141408	1	3315	175652982	1	4197
408141408	1	3315	60130701	1	4200
408141408	1	3315	423667492	1	4200
408141408	1	3315	263438804	1	4215
408141408	1	3315	2000418	1	4215
408141408	1	3315	249208253	1	4215
408141408	1	3315	292833493	1	4215
408141408	1	3315	336457590	1	4215
408141408	1	3315	205582946	1	4215
408141408	1	3315	220124411	1	4215
408141408	1	3315	423669314	1	4215
408141408	1	3315	350962308	1	4215
408141408	1	3315	220108297	1	4215
408141408	1	3315	31083602	1	4215
408141408	1	3315	263543895	1	4215
408141408	1	3315	205378468	1	4218
408141408	1	3315	161685687	1	4218
408141408	1	3315	118036848	1	4218
408141408	1	3315	219649356	1	4218
408141408	1	3315	350612755	1	4221
408141408	1	3315	59860054	1	4224
408141408	1	3315	321420462	1	4224
408141408	1	3315	365184900	1	4224
408141408	1	3315	16186921	1	4224
408141408	1	3315	190686428	1	4224
408141408	1	3315	103436485	1	4224
408141408	1	3315	365185262	1	4224
408141408	1	3315	277935941	1	4224
408141408	1	3315	138478591	1	4224
408141408	1	3315	59939432	1	4224
408141408	1	3315	176144392	1	4224
408141408	1	3315	364436770	1	4227
408141408	1	3315	452718242	1	4227
408141408	1	3315	438177039	1	4227
408141408	1	3315	220037236	1	4227
408141408	1	3315	161603010	1	4227
408141408	1	3315	408669872	1	4227
408141408	1	3315	423351297	1	4227
408141408	1	3315	292477350	1	4227
408141408	1	3315	73631406	1	4227
408141408	1	3315	278018724	1	4227
408141408	1	3315	30745725	1	4227
408141408	1	3315	132459758	1	4227
408141408	1	3315	380082865	1	4227
408141408	1	3315	379242562	1	4227
408141408	1	3315	176503876	1	4227
408141408	1	3315	349654509	1	4227
408141408	1	3315	88911225	1	4227
408141408	1	3315	103454211	1	4227
408141408	1	3315	31084360	1	4227
408141408	1	3315	161958845	1	4227
408141408	1	3315	234666206	1	4227
408141408	1	3315	379748386	1	4227
408141408	1	3315	176500088	1	4227
408141408	1	3315	132544676	1	4227
408141408	1	3315	176162495	1	4227
408141408	1	3315	249207332	1	4227
408141408	1	3315	1667578	1	4227
408141408	1	3315	1670259	1	4227
408141408	1	3315	379747683	1	4227
408141408	1	3315	147078812	1	4227
408141408	1	3315	248869377	1	4227
408141408	1	3315	45291051	1	4227
408141408	1	3315	350999467	1	4227
408141408	1	3315	350667628	1	4227
408141408	1	3315	205249321	1	4227
408141408	1	3315	277951579	1	4227
408141408	1	3315	423373192	1	4227
408141408	1	3315	45587849	1	4227
408141408	1	3315	408830755	1	4227
408141408	1	3315	249207343	1	4227
408141408	1	3315	307335338	1	4227
408141408	1	3315	365190720	1	4227
408141408	1	3315	132837735	1	4227
408141408	1	3315	89212586	1	4227
408141408	1	3315	249171726	1	4227
408141408	1	3315	74671930	1	4227
408141408	1	3315	132841552	1	4227
408141408	1	3315	176463662	1	4227
408141408	1	3315	220087861	1	4227
408141408	1	3315	350964174	1	4227
408141408	1	3315	118300613	1	4227
408141408	1	3315	45591457	1	4227
408141408	1	3315	234630470	1	4227
408141408	1	3315	147381258	1	4227
408141408	1	3315	249171921	1	4227
408141408	1	3315	350962138	1	4227
408141408	1	3315	336423235	1	4227
408141408	1	3315	74673911	1	4227
408141408	1	3315	234629058	1	4227
408141408	1	3315	176461822	1	4227
408141408	1	3315	394589723	1	4227
408141408	1	3315	16508345	1	4227
408141408	1	3315	394589748	1	4227
408141408	1	3315	1916986	1	4227
408141408	1	3315	197413649	1	4227
408141408	1	3315	89216470	1	4227
408141408	1	3315	74672550	1	4227
408141408	1	3315	1966965	1	4227
408141408	1	3315	89213582	1	4227
408141408	1	3315	191006213	1	4227
408141408	1	3315	249173283	1	4227
408141408	1	3315	263714506	1	4227
408141408	1	3315	321878930	1	4227
408141408	1	3315	16505078	1	4227
408141408	1	3315	60128092	1	4227
408141408	1	3315	205549853	1	4227
408141408	1	3315	321881579	1	4227
408141408	1	3315	380048180	1	4227
408141408	1	3315	409128447	1	4227
408141408	1	3315	336418926	1	4227
408141408	1	3315	452752452	1	4227
408141408	1	3315	45113842	1	4227
408141408	1	3315	176465926	1	4227
408141408	1	3315	249172533	1	4227
408141408	1	3315	191022545	1	4227
408141408	1	3315	161921825	1	4227
408141408	1	3315	263702145	1	4227
408141408	1	3315	423673841	1	4227
408141408	1	3315	1967439	1	4227
408141408	1	3315	350964550	1	4227
408141408	1	3315	423671292	1	4227
408141408	1	3315	336421522	1	4227
408141408	1	3315	307326793	1	4227
408141408	1	3315	307338688	1	4227
408141408	1	3315	336420738	1	4227
408141408	1	3315	307284824	1	4227
408141408	1	3315	307374482	1	4227
408141408	1	3315	161921628	1	4227
408141408	1	3315	60132701	1	4227
408141408	1	3315	249034586	1	4227
408141408	1	3315	176466492	1	4233
408141408	1	3315	60143687	1	4236
408141408	1	3315	321915896	1	4281
408141408	1	3315	219793751	1	4302
408141408	1	3315	45588770	1	4329
408141408	1	3315	118297933	1	4329
408141408	1	3315	394586226	1	4329
408141408	1	3315	437168732	1	4329
408141408	1	3315	1964513	1	4335
408141408	1	3315	161730879	1	4335
408141408	1	3315	408764695	1	4338
408141408	1	3315	409128764	1	4338
408141408	1	3315	161624862	1	4338
408141408	1	3315	30744923	1	4377
408141408	1	3315	292492565	1	4377
408141408	1	3315	74371090	1	4377
408141408	1	3315	190702237	1	4377
408141408	1	3315	394285756	1	4377
408141408	1	3315	437908885	1	4377
408141408	1	3315	117996447	1	4377
408141408	1	3315	132535324	1	4377
408141408	1	3315	1967568	1	4404
408141408	1	3315	452752090	1	4404
408141408	1	3315	234630399	1	4404
408141408	1	3315	176461724	1	4404
408141408	1	3315	219278018	1	4407
408141408	1	3315	349861112	1	4407
408141408	1	3315	350659364	1	4407
408141408	1	3315	234328110	1	4407
408141408	1	3315	306272263	1	4413
408141408	1	3315	365504769	1	4413
408141408	1	3315	30006674	1	4419
408141408	1	3315	89215722	1	4434
408141408	1	3315	292832289	1	4485
408141408	1	3315	102710978	1	4485
408141408	1	3315	394208173	1	4494
408141408	1	3315	365502596	1	4506
408141408	1	3315	147061437	1	4515
408141408	1	3315	88910845	1	4518
408141408	1	3315	336119176	1	4527
408141408	1	3315	263334334	1	4539
408141408	1	3315	30729277	1	4542
408141408	1	3315	234626176	1	4542
408141408	1	3315	161922098	1	4542
408141408	1	3315	408826858	1	4542
408141408	1	3315	350962075	1	4542
408141408	1	3315	161648633	1	4545
408141408	1	3315	272832141	1	4554
408141408	1	3315	219792785	1	4590
408141408	1	3315	16210033	1	4590
408141408	1	3315	370930822	1	4599
408141408	1	3315	437507994	1	4620
408141408	1	3315	263384123	1	4626
408141408	1	3315	30913082	1	4626
408141408	1	3315	103452655	1	4626
408141408	1	3315	161603069	1	4626
408141408	1	3315	103521053	1	4635
408141408	1	3315	30880372	1	4635
408141408	1	3315	45354117	1	4635
408141408	1	3315	305800686	1	4638
408141408	1	3315	74717679	1	4638
408141408	1	3315	380047377	1	4638
408141408	1	3315	423672535	1	4638
408141408	1	3315	88325242	1	4656
408141408	1	3315	409130556	1	4656
408141408	1	3315	234329019	1	4680
408141408	1	3315	30054834	1	4710
408141408	1	3315	220088166	1	4743
408141408	1	3315	350771248	1	4746
408141408	1	3315	176463697	1	4770
408141408	1	3315	393605540	1	4806
408141408	1	3315	176500593	1	4809
408141408	1	3315	248852680	1	4848
408141408	1	3315	161836193	1	4875
408141408	1	3315	16337352	1	4935
408141408	1	3315	187833364	1	4935
408141408	1	3315	438211792	1	5001
408141408	1	3315	1895121	1	5025
408141408	1	3315	379341552	1	5031
408141408	1	3315	30728534	1	5034
408141408	1	3315	30753079	1	5034
408141408	1	3315	359528270	1	5034
408141408	1	3315	54269428	1	5034
408141408	1	3315	146211895	1	5034
408141408	1	3315	423314690	1	5034
408141408	1	3315	380048747	1	5043
408141408	1	3315	292494308	1	5043
408141408	1	3315	94296328	1	5049
408141408	1	3315	45590453	1	5052
408141408	1	3315	234628323	1	5052
408141408	1	3315	452755677	1	5052
408141408	1	3315	321880927	1	5052
408141408	1	3315	132840488	1	5052
408141408	1	3315	336419853	1	5052
408141408	1	3315	292795859	1	5052
408141408	1	3315	409128769	1	5052
408141408	1	3315	16232457	1	5055
408141408	1	3315	307063760	1	5055
408141408	1	3315	277985003	1	5061
408141408	1	3315	59859309	1	5061
408141408	1	3315	452483068	1	5061
408141408	1	3315	147462614	1	5070
408141408	1	3315	60207084	1	5070
408141408	1	3315	350794878	1	5076
408141408	1	3315	16105159	1	5088
408141408	1	3315	74675051	1	5088
408141408	1	3315	879173	1	5097
408141408	1	3315	74400076	1	5103
408141408	1	3315	1797054	1	5106
408141408	1	3315	336421028	1	5118
408141408	1	3315	30910667	1	5118
408141408	1	3315	408148273	1	5124
408141408	1	3315	89216617	1	5124
408141408	1	3315	226569438	1	5133
408141408	1	3315	74669577	1	5133
408141408	1	3315	132836883	1	5133
408141408	1	3315	307334193	1	5133
408141408	1	3315	176459907	1	5133
408141408	1	3315	60127322	1	5133
408141408	1	3315	379746283	1	5142
408141408	1	3315	219789545	1	5142
408141408	1	3315	60127669	1	5142
408141408	1	3315	234632525	1	5142
408141408	1	3315	263710013	1	5142
408141408	1	3315	118295030	1	5142
408141408	1	3315	336421011	1	5142
408141408	1	3315	234626586	1	5142
408141408	1	3315	408829591	1	5142
408141408	1	3315	409126176	1	5142
408141408	1	3315	263414403	1	5157
408141408	1	3315	205249320	1	5157
408141408	1	3315	147080825	1	5160
408141408	1	3315	423666434	1	5160
408141408	1	3315	146573912	1	5166
408141408	1	3315	175653711	1	5166
408141408	1	3315	88404157	1	5166
408141408	1	3315	350692959	1	5166
408141408	1	3315	321069356	1	5166
408141408	1	3315	220084553	1	5181
408141408	1	3315	219095415	1	5190
408141408	1	3315	146999330	1	5199
408141408	1	3315	45132453	1	5199
408141408	1	3315	88757006	1	5199
408141408	1	3315	175372827	1	5202
408141408	1	3315	278086811	1	5208
408141408	1	3315	379706517	1	5232
408141408	1	3315	336047439	1	5232
408141408	1	3315	277840522	1	5235
408141408	1	3315	219919633	1	5238
408141408	1	3315	147061529	1	5244
408141408	1	3315	336045031	1	5262
408141408	1	3315	350658844	1	5298
408141408	1	3315	74407441	1	5304
408141408	1	3315	350581795	1	5304
408141408	1	3315	103794880	1	5310
408141408	1	3315	161545092	1	5310
408141408	1	3315	292417637	1	5331
408141408	1	3315	336045029	1	5361
408141408	1	3315	176459745	1	5391
408141408	1	3315	336418614	1	5391
408141408	1	3315	262840708	1	5415
408141408	1	3315	437339182	1	5415
408141408	1	3315	422797816	1	5415
408141408	1	3315	219724196	1	5427
408141408	1	3315	117917531	1	5427
408141408	1	3315	437924201	1	5436
408141408	1	3315	263427256	1	5472
408141408	1	3315	74384819	1	5472
408141408	1	3315	74385687	1	5472
408141408	1	3315	248886448	1	5472
408141408	1	3315	335940887	1	5472
408141408	1	3315	248884331	1	5472
408141408	1	3315	190718409	1	5472
408141408	1	3315	292509680	1	5472
408141408	1	3315	393520387	1	5541
408141408	1	3315	176295436	1	5550
408141408	1	3315	1160246	1	5574
408141408	1	3315	451728136	1	5637
408141408	1	3315	147110554	1	5667
408141408	1	3315	336418769	1	5682
408141408	1	3315	190701825	1	5682
408141408	1	3315	176082478	1	5685
408141408	1	3315	335262828	1	5685
408141408	1	3315	89045082	1	5685
408141408	1	3315	263709370	1	5685
408141408	1	3315	336419457	1	5685
408141408	1	3315	409124888	1	5685
408141408	1	3315	176461372	1	5685
408141408	1	3315	88939999	1	5685
408141408	1	3315	118026730	1	5685
408141408	1	3315	31051340	1	5685
408141408	1	3315	365336051	1	5685
408141408	1	3315	452373385	1	5685
408141408	1	3315	74589109	1	5685
408141408	1	3315	15526196	1	5685
408141408	1	3315	277210211	1	5688
408141408	1	3315	219032581	1	5688
408141408	1	3315	272936297	1	5691
408141408	1	3315	379238603	1	5700
408141408	1	3315	2070146	1	5715
408141408	1	3315	380151591	1	5715
408141408	1	3315	321880607	1	5724
408141408	1	3315	102945405	1	5742
408141408	1	3315	132647495	1	5742
408141408	1	3315	131788650	1	5748
408141408	1	3315	14490698	1	5748
408141408	1	3315	379877675	1	5751
408141408	1	3315	30241308	1	5754
408141408	1	3315	321071182	1	5754
408141408	1	3315	306356830	1	5754
408141408	1	3315	74504828	1	5757
408141408	1	3315	307202557	1	5760
408141408	1	3315	234249677	1	5760
408141408	1	3315	176144523	1	5763
408141408	1	3315	379240835	1	5772
408141408	1	3315	31152886	1	5778
408141408	1	3315	74309991	1	5778
408141408	1	3315	131794359	1	5787
408141408	1	3315	438042950	1	5787
408141408	1	3315	349782529	1	5790
408141408	1	3315	408825541	1	5796
408141408	1	3315	146571268	1	5814
408141408	1	3315	16483656	1	5829
408141408	1	3315	321560806	1	5829
408141408	1	3315	88894861	1	5829
408141408	1	3315	249004082	1	5829
408141408	1	3315	263441476	1	5829
408141408	1	3315	336147225	1	5829
408141408	1	3315	132836345	1	5829
408141408	1	3315	292496498	1	5829
408141408	1	3315	45133745	1	5829
408141408	1	3315	8872457	1	5829
408141408	1	3315	45202014	1	5829
408141408	1	3315	438303054	1	5829
408141408	1	3315	45421218	1	5832
408141408	1	3315	234460185	1	5832
408141408	1	3315	147190956	1	5835
408141408	1	3315	423356823	1	5835
408141408	1	3315	234545073	1	5835
408141408	1	3315	380098912	1	5835
408141408	1	3315	248791306	1	5835
408141408	1	3315	1156719	1	5847
408141408	1	3315	132568075	1	5847
408141408	1	3315	117918865	1	5847
408141408	1	3315	452585046	1	5847
408141408	1	3315	117978333	1	5847
408141408	1	3315	59938947	1	5847
408141408	1	3315	30855987	1	5847
408141408	1	3315	336213864	1	5847
408141408	1	3315	147189510	1	5847
408141408	1	3315	234190563	1	5847
408141408	1	3315	365064914	1	5847
408141408	1	3315	132929332	1	5847
408141408	1	3315	307335098	1	5847
408141408	1	3315	452374537	1	5847
408141408	1	3315	205377541	1	5856
408141408	1	3315	286318866	1	5856
408141408	1	3315	394418386	1	5856
408141408	1	3315	205167704	1	5856
408141408	1	3315	379854683	1	5865
408141408	1	3315	307391667	1	5883
408141408	1	3315	233574089	1	6252
408141408	1	3315	94204025	1	6567
408141408	1	3315	99614663	1	6567
408141408	1	3315	437403925	1	6567
408141408	1	3315	188305039	1	6567
408141408	1	3315	13768036	1	6567
408141408	1	3315	785766	1	6624
159023221	-1	749	29980035	-1	737
159023221	-1	749	159023221	-1	749
159023221	-1	749	364616298	-1	752
159023221	-1	749	30209428	-1	752
159023221	-1	749	227425774	-1	752
159023221	-1	749	277236604	-1	752
159023221	-1	749	248334590	-1	752
159023221	-1	749	117277686	-1	752
159023221	-1	749	160557162	-1	758
159023221	-1	749	306502257	-1	779
159023221	-1	749	422121334	-1	782
159023221	-1	749	305981836	-1	782
159023221	-1	749	73379312	-1	782
159023221	-1	749	116554567	-1	782
159023221	-1	749	407700193	-1	872
159023221	-1	749	189520382	-1	1080
159023221	-1	749	359932685	-1	1113
159023221	-1	749	378691632	-1	1113
159023221	-1	749	349458321	-1	1113
159023221	-1	749	145789615	-1	1113
159023221	-1	749	363902557	-1	1113
159023221	-1	749	29564422	-1	1113
159023221	-1	749	349307074	-1	1113
159023221	-1	749	43830234	-1	1113
159023221	-1	749	305578428	-1	1113
159023221	-1	749	291265982	-1	1113
159023221	-1	749	44181585	-1	1113
159023221	-1	749	262080114	-1	1113
159023221	-1	749	378414033	-1	1113
159023221	-1	749	14921774	-1	1113
159023221	-1	749	334851397	-1	1113
159023221	-1	749	487667	-1	1113
159023221	-1	749	58528096	-1	1113
159023221	-1	749	233311811	-1	1113
159023221	-1	749	15262684	-1	1113
159023221	-1	749	218733992	-1	1113
159023221	-1	749	203836250	-1	1113
159023221	-1	749	291355109	-1	1113
159023221	-1	749	204330946	-1	1113
159023221	-1	749	335124898	-1	1113
159023221	-1	749	334830771	-1	1113
159023221	-1	749	343734620	-1	1113
159023221	-1	749	174735445	-1	1113
159023221	-1	749	143404091	-1	1113
159023221	-1	749	334852086	-1	1113
159023221	-1	749	145681946	-1	1116
159023221	-1	749	320176378	-1	1119
159023221	-1	749	436587283	-1	1119
159023221	-1	749	436865314	-1	1119
159023221	-1	749	175043539	-1	1119
159023221	-1	749	204126990	-1	1119
159023221	-1	749	175627159	-1	1305
159023221	-1	749	277026443	-1	1524
159023221	-1	749	261995579	-1	1524
159023221	-1	749	320567819	-1	1524
159023221	-1	749	334854303	-1	1524
159023221	-1	749	131501797	-1	1524
437355853	-1	2311	437355853	-1	2311
437355853	-1	2311	289189204	-1	2311
437355853	-1	2311	10032003	-1	2311
437355853	-1	2311	277287624	-1	2311
437355853	-1	2311	204578116	-1	2311
437355853	-1	2311	73815836	-1	2326
437355853	-1	2311	88357991	-1	2472
437355853	-1	2311	262856830	-1	2472
437355853	-1	2311	56208547	-1	2481
437355853	-1	2311	379192056	-1	2481
437355853	-1	2311	73524754	-1	2481
437355853	-1	2311	321020266	-1	2481
437355853	-1	2311	44735809	-1	2481
437355853	-1	2311	320898771	-1	2496
437355853	-1	2311	329195623	-1	2505
191071387	-1	5828	30725226	-1	5822
191071387	-1	5828	132517379	-1	5822
191071387	-1	5828	365182433	-1	5822
191071387	-1	5828	1639158	-1	5822
191071387	-1	5828	147059889	-1	5822
191071387	-1	5828	437751213	-1	5822
191071387	-1	5828	161599220	-1	5822
191071387	-1	5828	394266236	-1	5822
191071387	-1	5828	191071387	-1	5828
191071387	-1	5828	132429231	-1	5834
16517727	-1	6860	16517727	-1	6860
16517727	-1	6860	60140119	-1	6860
16517727	-1	6860	161444623	-1	6860
16517727	-1	6860	191016805	-1	6860
16517727	-1	6860	249184012	-1	6860
16517727	-1	6860	380057563	-1	6860
16517727	-1	6860	394598267	-1	6860
16517727	-1	6860	103765494	-1	6860
16517727	-1	6860	117820966	-1	6860
16517727	-1	6860	423683011	-1	6860
16517727	-1	6860	31059314	-1	6860
16517727	-1	6860	1621247	-1	6860
16517727	-1	6860	423349370	-1	6872
16517727	-1	6860	379923451	-1	6881
 