6025322	-1	741	3.111E-212	1	40506	41708	626	741	0.887	3.152E-237	0	400	439	-41708	-40506	1203	41720	40407
14464201	1	511	5.368E-143	1	24640	25419	307	511	0.935	8.317E-161	0	259	260	24640	25419	780	24607	25419
16117208	-1	52	7.990E-05	1	27526	27726	861	52	0.390	9.980E-05	26	98	108	-27726	-27526	201	27729	27439
19952226	-1	107	2.218E-21	1	28950	29363	838	107	0.428	1.418E-21	1	138	139	-29363	-28950	414	29573	28839
19998619	1	189	4.586E-46	2	25728	26564	317	87	0.448	1.217E-14	0	103	358	25728	26039	312	25305	26039
19998619	1	189	4.586E-46	2	25728	26564	322	128	0.460	3.985E-30	131	280	358	26121	26564	444	26121	26567
24181593	-1	267	1.517E-69	2	11212	11833	1152	143	0.680	3.032E-36	6	109	219	-11833	-11525	309	11860	11513
24181593	-1	267	1.517E-69	2	11212	11833	1158	126	0.624	9.199E-30	113	213	219	-11514	-11212	303	11625	11209
25766635	1	582	2.273E-164	1	2248	3174	57	582	0.900	8.015E-162	0	308	484	2248	3174	927	2005	10998
35125832	1	410	1.361E-112	2	32407	33007	436	374	0.983	7.118E-115	0	178	201	32407	32943	537	32407	32946
35125832	1	410	1.361E-112	2	32407	33007	437	41	1.000	1.452E-01	185	200	201	32960	33007	48	32810	33007
35396003	-1	58	1.248E-06	2	23566	24363	917	46	0.236	9.449E-02	123	264	428	-24363	-23941	423	24369	23896
35396003	-1	58	1.248E-06	2	23566	24363	925	44	0.288	2.355E-01	298	392	428	-23856	-23566	291	23892	23419
44470588	-1	63	3.901E-08	1	18010	18120	1042	63	0.799	5.976E-10	0	36	37	-18120	-18010	111	18123	18010
45376642	1	81	1.488E-13	2	36800	37186	504	46	0.419	6.067E-02	0	57	131	36800	36973	174	36518	36973
45376642	1	81	1.488E-13	2	36800	37186	508	48	0.439	5.775E-04	72	128	131	37016	37186	171	37016	37207
46005027	1	207	1.749E-51	2	17087	17425	167	42	1.000	5.975E-03	0	17	113	17087	17140	54	17072	17143
46005027	1	207	1.749E-51	2	17087	17425	172	173	0.947	3.691E-47	27	112	113	17168	17425	258	17147	17425
46011671	1	419	2.658E-115	1	17765	18397	190	419	0.942	7.355E-130	0	210	211	17765	18397	633	17726	18397
46865675	-1	57	2.497E-06	1	17087	17299	1061	57	0.426	1.085E-06	2	72	74	-17299	-17087	213	17305	17066
47260461	-1	101	1.419E-19	1	40391	40585	627	101	0.748	1.663E-22	50	114	115	-40585	-40391	195	40597	40391
56567596	1	103	3.548E-20	1	15784	15957	145	103	0.840	1.965E-22	6	63	92	15784	15957	174	15760	16077
60350331	1	79	5.953E-13	1	36094	36360	492	79	0.469	4.544E-14	1	89	99	36094	36360	267	36091	36405
70406976	1	764	3.708E-219	1	23452	24603	293	764	0.945	7.290E-246	0	383	384	23452	24603	1152	23416	24603
86088672	1	528	4.095E-148	1	26951	27742	347	528	0.949	1.625E-166	0	263	264	26951	27742	792	26924	27742
94368765	-1	190	2.293E-46	1	16240	16545	1075	190	0.886	4.736E-52	52	153	154	-16545	-16240	306	16665	16240
96250455	1	578	3.637E-163	3	13721	15204	119	527	1.000	6.649E-165	0	246	496	13721	14461	741	13718	14716
96250455	1	578	3.637E-163	3	13721	15204	126	91	0.998	3.310E-19	391	432	496	14894	15019	126	14888	15055
96250455	1	578	3.637E-163	3	13721	15204	130	109	0.938	2.078E-25	440	493	496	15043	15204	162	15037	15204
98094190	1	55	9.988E-06	1	35279	35371	473	55	0.820	7.062E-07	29	59	60	35279	35371	93	35237	35371
98220549	-1	648	3.081E-184	2	12206	13373	1137	478	0.828	3.222E-147	34	312	432	-13373	-12537	837	13514	12402
98220549	-1	648	3.081E-184	2	12206	13373	1141	177	0.830	4.884E-48	321	422	432	-12511	-12206	306	12535	12206
100575411	1	376	2.338E-102	2	15337	15957	139	258	0.919	3.118E-75	0	132	283	15337	15735	399	15277	15741
100575411	1	376	2.338E-102	2	15337	15957	145	129	0.986	1.677E-31	145	205	283	15775	15957	183	15760	16077
105437225	-1	108	1.109E-21	2	25096	25422	898	39	0.542	5.708E-01	1	35	112	-25422	-25321	102	25482	25300
105437225	-1	108	1.109E-21	2	25096	25422	903	76	0.572	2.349E-11	44	109	112	-25293	-25096	198	25296	24682
122359181	-1	107	2.218E-21	1	93	266	1222	107	0.869	2.575E-24	0	57	58	-266	-93	174	335	93
122363844	-1	71	1.524E-10	1	41830	41931	603	71	0.957	1.749E-12	7	40	43	-41931	-41830	102	41931	41806
148127930	-1	55	9.988E-06	1	15382	15627	1089	55	0.377	3.076E-06	15	96	142	-15627	-15382	246	15627	15382
148162372	1	94	1.817E-17	2	17113	17369	168	45	0.796	1.780E-03	11	34	106	17113	17190	78	17080	17205
148162372	1	94	1.817E-17	2	17113	17369	171	67	0.789	5.470E-11	54	93	106	17250	17369	120	17214	17372
150828930	-1	356	2.451E-96	4	29632	30861	808	54	0.558	4.435E-06	0	47	414	-30861	-30718	144	30918	30712
150828930	-1	356	2.451E-96	4	29632	30861	810	32	0.597	3.396E+01	51	75	414	-30708	-30634	75	30708	30622
150828930	-1	356	2.451E-96	4	29632	30861	819	237	0.505	2.958E-66	85	334	414	-30606	-29857	750	30609	29854
150828930	-1	356	2.451E-96	4	29632	30861	824	50	0.407	2.219E-04	344	409	414	-29829	-29632	198	29850	29617
169753197	-1	600	8.672E-170	1	18978	19898	1020	600	0.930	3.580E-190	0	306	307	-19898	-18978	921	19982	18978
172315652	-1	576	1.455E-162	1	35460	36377	712	576	0.899	2.503E-182	0	305	306	-36377	-35460	918	36389	35460
172416649	-1	607	6.775E-172	1	22388	23311	945	607	0.937	3.553E-193	0	307	308	-23311	-22388	924	23332	22388
188701223	1	82	7.441E-14	1	11987	12121	75	82	0.851	4.169E-15	40	84	85	11987	12121	135	11819	12121
205911096	-1	64	1.951E-08	1	24633	24956	904	64	0.339	1.477E-08	1	111	202	-24956	-24633	324	24962	24621
206610363	-1	168	9.618E-40	2	28026	28829	846	107	0.371	1.218E-22	35	202	303	-28829	-28326	504	28835	28323
206610363	-1	168	9.618E-40	2	28026	28829	858	62	0.363	9.298E-07	205	302	303	-28319	-28026	294	28319	27675
208121967	1	97	2.271E-18	1	21947	22276	251	97	0.471	4.239E-19	0	109	110	21947	22276	330	21866	22405
208656032	1	135	8.261E-30	1	26751	26951	332	135	0.942	1.372E-33	0	66	67	26751	26951	201	26658	26951
209623832	1	108	1.109E-21	1	33980	34159	451	108	0.846	2.167E-24	0	59	65	33980	34159	180	33908	34159
224162923	-1	228	8.342E-58	1	11513	11854	1152	228	0.945	9.365E-66	0	113	215	-11854	-11513	342	11860	11513
225669195	1	1148	0.000E+00	1	27777	29483	370	1148	0.958	0.000E+00	0	568	569	27777	29483	1707	27753	29483
226089504	1	194	1.433E-47	1	18397	18699	197	194	0.907	1.117E-53	0	100	101	18397	18699	303	18352	18699
235262116	-1	49	6.392E-04	1	17127	17351	1063	49	0.362	7.234E-03	5	81	106	-17351	-17127	225	17486	16947
241524594	-1	750	6.076E-215	1	37643	38743	673	750	0.968	3.237E-241	0	366	367	-38743	-37643	1101	38809	37643
243748119	1	66	4.877E-09	1	38786	38920	541	66	0.701	1.743E-10	0	44	55	38786	38920	135	38750	38920
260613612	-1	581	4.547E-164	1	443	1351	1214	581	0.914	3.297E-184	0	302	303	-1351	-443	909	1357	443
263303577	1	83	3.721E-14	1	20144	20539	228	83	0.366	1.523E-14	126	257	258	20144	20539	396	20123	20623
267161633	1	59	6.242E-07	1	36611	36784	504	59	0.504	1.689E-06	9	68	70	36611	36784	174	36518	36973
269226277	1	545	3.124E-153	1	33028	33858	446	545	0.935	6.475E-172	0	276	277	33028	33858	831	32968	33858
272113499	1	454	7.736E-126	1	34041	34790	458	454	0.871	2.926E-141	20	269	270	34041	34790	750	34023	34790
275719057	1	901	2.129E-260	1	29707	31074	399	901	0.941	2.216E-291	0	455	457	29707	31074	1368	29578	31077
277266425	1	216	3.417E-54	3	828	1271	19	129	0.782	5.228E-31	0	78	148	828	1064	237	696	1067
277266425	1	216	3.417E-54	3	828	1271	22	51	0.831	1.096E-05	81	108	148	1071	1154	84	1071	1163
277266425	1	216	3.417E-54	3	828	1271	24	40	0.547	1.074E-01	113	147	148	1167	1271	105	1167	1271
282599172	-1	55	9.988E-06	1	2631	3002	1173	55	0.282	2.049E-05	120	247	248	-3002	-2631	372	3026	2631
289358753	1	108	1.109E-21	1	15043	15204	130	108	0.929	5.382E-25	3	56	59	15043	15204	162	15037	15204
307758304	1	255	6.215E-66	1	32014	32403	429	255	0.929	9.519E-75	25	154	155	32014	32403	390	32008	32403
326225035	1	82	7.441E-14	2	25840	26280	318	47	0.359	2.246E-03	1	74	183	25840	26061	222	25822	26061
326225035	1	82	7.441E-14	2	25840	26280	324	57	0.549	1.400E-05	98	149	183	26125	26280	156	26065	26583
326930786	-1	391	7.135E-107	1	31143	31730	798	391	0.945	7.719E-120	0	195	196	-31730	-31143	588	31838	31143
338201513	-1	69	6.096E-10	1	14664	14891	1100	69	0.476	2.340E-10	18	87	95	-14891	-14664	228	14987	14625
339224281	1	53	3.995E-05	1	13168	13374	101	53	0.413	2.908E-05	0	68	127	13168	13374	207	13168	13437
355026374	-1	392	3.567E-107	1	39768	40388	637	392	0.904	8.608E-121	0	206	207	-40388	-39768	621	40403	39768
384100280	-1	1536	0.000E+00	1	19994	22288	998	1536	0.955	0.000E+00	0	764	765	-22288	-19994	2295	22336	19994
398656493	-1	432	3.245E-119	1	1494	2144	1197	432	0.943	4.179E-134	0	216	217	-2144	-1494	651	2165	1494
418457853	-1	367	1.197E-99	2	38974	39655	643	95	0.700	1.563E-19	0	65	227	-39655	-39458	198	39754	39413
418457853	-1	367	1.197E-99	2	38974	39655	650	273	0.827	8.974E-80	68	226	227	-39450	-38974	477	39558	38974
436246148	-1	720	6.524E-206	1	25476	26579	896	720	0.931	4.385E-231	0	367	368	-26579	-25476	1104	26582	25476
440899581	-1	63	3.901E-08	1	14962	15207	1094	63	0.416	2.776E-08	5	84	100	-15207	-14962	246	15303	14962
449578441	-1	594	5.550E-168	1	36557	37480	692	594	0.919	2.114E-188	1	308	309	-37480	-36557	924	37519	36557
456582681	1	97	2.271E-18	1	21327	21566	241	97	0.604	1.301E-20	35	114	116	21327	21566	240	21321	21581
 