898178	1	0	898178	1	0
898178	1	0	272315848	1	0
898178	1	0	131455620	1	0
898178	1	0	451219933	1	0
898178	1	0	334694323	1	0
898178	1	0	451146901	1	3
898178	1	0	233268872	1	3
898178	1	0	87681829	1	3
898178	1	0	436769733	1	3
898178	1	0	145874576	1	3
898178	1	0	305658652	1	6
898178	1	0	145632651	1	6
898178	1	0	393055783	1	6
898178	1	0	29514432	1	6
898178	1	0	203866226	1	6
898178	1	0	29702306	1	6
898178	1	0	58576389	1	6
898178	1	0	72921382	1	6
898178	1	0	305926260	1	6
898178	1	0	218331057	1	6
898178	1	0	320118937	1	6
898178	1	0	102261815	1	6
898178	1	0	29736813	1	9
898178	1	0	305930434	1	9
898178	1	0	58725521	1	9
898178	1	0	301576561	1	12
898178	1	0	451262557	1	18
898178	1	0	102214187	1	18
898178	1	0	451218298	1	18
898178	1	0	436627955	1	21
898178	1	0	320495325	1	21
898178	1	0	102344825	1	24
898178	1	0	160703485	1	27
898178	1	0	174931654	1	27
898178	1	0	334839321	1	30
898178	1	0	378903291	1	30
898178	1	0	320489279	1	30
898178	1	0	306048265	1	30
898178	1	0	82145238	1	33
898178	1	0	373122262	1	33
898178	1	0	233485445	1	33
898178	1	0	203916405	1	33
898178	1	0	362382482	1	33
898178	1	0	335402870	1	54
898178	1	0	73769521	1	920
898178	1	0	391650812	1	920
898178	1	0	230312778	1	923
898178	1	0	378354847	1	923
898178	1	0	233600686	1	923
898178	1	0	44428634	1	923
898178	1	0	59100552	1	923
898178	1	0	306552061	1	923
898178	1	0	175279088	1	923
898178	1	0	218902264	1	923
898178	1	0	72478311	1	1092
898178	1	0	436051336	1	1092
898178	1	0	44364242	1	1092
898178	1	0	613230	1	1092
898178	1	0	68313418	1	1092
898178	1	0	72952662	1	1092
898178	1	0	102211118	1	1092
898178	1	0	214534035	1	1092
898178	1	0	275892364	1	1092
898178	1	0	363851692	1	1092
898178	1	0	189477065	1	1092
898178	1	0	364255894	1	1092
898178	1	0	146025315	1	1092
898178	1	0	131409241	1	1092
898178	1	0	218574136	1	1092
898178	1	0	407765860	1	1092
898178	1	0	203841262	1	1092
898178	1	0	174764366	1	1092
898178	1	0	160857451	1	1092
898178	1	0	436854187	1	1092
898178	1	0	175180420	1	1092
898178	1	0	247683266	1	1092
898178	1	0	29551615	1	1092
898178	1	0	80776226	1	1092
898178	1	0	189255517	1	1092
898178	1	0	214396872	1	1092
898178	1	0	451164267	1	1092
898178	1	0	189667272	1	1092
898178	1	0	262040512	1	1092
898178	1	0	407670644	1	1092
898178	1	0	218821399	1	1092
898178	1	0	430921338	1	1092
898178	1	0	407551167	1	1092
898178	1	0	29868534	1	1092
898178	1	0	73920739	1	1092
898178	1	0	103004395	1	1092
898178	1	0	160464151	1	1092
898178	1	0	161170339	1	1092
898178	1	0	349783853	1	1092
898178	1	0	378867349	1	1092
898178	1	0	393835447	1	1092
898178	1	0	393835740	1	1092
898178	1	0	103004081	1	1092
898178	1	0	161170233	1	1092
898178	1	0	189545052	1	1092
898178	1	0	320212041	1	1092
898178	1	0	393835834	1	1092
898178	1	0	436558224	1	1092
898178	1	0	131245773	1	1092
898178	1	0	233878324	1	1092
898178	1	0	175208135	1	1092
898178	1	0	254900121	1	1092
898178	1	0	436894357	1	1092
898178	1	0	116677672	1	1092
898178	1	0	218760896	1	1092
898178	1	0	15199217	1	1092
898178	1	0	247660140	1	1092
898178	1	0	112441035	1	1092
898178	1	0	116770244	1	1092
898178	1	0	284043565	1	1092
898178	1	0	363906908	1	1092
898178	1	0	436470505	1	1092
898178	1	0	320639067	1	1092
898178	1	0	416060452	1	1092
898178	1	0	84530030	1	1092
898178	1	0	257781383	1	1092
898178	1	0	283356773	1	1092
898178	1	0	96411637	1	1092
898178	1	0	247554478	1	1092
898178	1	0	233334472	1	1095
898178	1	0	437543565	1	1095
898178	1	0	349274811	1	1095
898178	1	0	305626437	1	1095
898178	1	0	347201996	1	1095
898178	1	0	102210094	1	1095
898178	1	0	15276591	1	1095
898178	1	0	160576702	1	1095
898178	1	0	233120043	1	1095
898178	1	0	314888522	1	1095
898178	1	0	375075577	1	1095
898178	1	0	407585147	1	1095
898178	1	0	233056801	1	1095
898178	1	0	305377762	1	1095
898178	1	0	413980737	1	1095
898178	1	0	73145220	1	1095
898178	1	0	334889214	1	1095
898178	1	0	174926611	1	1095
898178	1	0	400960745	1	1095
898178	1	0	276587044	1	1095
898178	1	0	330936163	1	1095
898178	1	0	262321367	1	1095
898178	1	0	291601699	1	1095
898178	1	0	364428234	1	1095
898178	1	0	58377414	1	1095
898178	1	0	407597886	1	1095
898178	1	0	379376633	1	1095
898178	1	0	189307308	1	1095
898178	1	0	203966184	1	1095
898178	1	0	451233946	1	1095
898178	1	0	174724159	1	1095
898178	1	0	349708029	1	1095
898178	1	0	364135644	1	1095
898178	1	0	262085520	1	1095
898178	1	0	436832028	1	1095
898178	1	0	501168	1	1095
898178	1	0	704314	1	1095
898178	1	0	58559946	1	1095
898178	1	0	320189614	1	1095
898178	1	0	234171	1	1095
898178	1	0	457876	1	1095
898178	1	0	146115889	1	1095
898178	1	0	407816908	1	1095
898178	1	0	451248408	1	1095
898178	1	0	116787540	1	1095
898178	1	0	175106305	1	1095
898178	1	0	59463630	1	1095
898178	1	0	87944513	1	1095
898178	1	0	87993039	1	1095
898178	1	0	334897188	1	1095
898178	1	0	87492585	1	1095
898178	1	0	145660679	1	1095
898178	1	0	218383584	1	1095
898178	1	0	247684532	1	1095
898178	1	0	276844479	1	1095
898178	1	0	348875441	1	1095
898178	1	0	364114483	1	1095
898178	1	0	222085	1	1095
898178	1	0	72932305	1	1095
898178	1	0	204154750	1	1095
898178	1	0	451194386	1	1095
898178	1	0	451492189	1	1095
898178	1	0	73167987	1	1095
898178	1	0	87855266	1	1095
898178	1	0	116954581	1	1095
898178	1	0	160693978	1	1095
898178	1	0	189605326	1	1095
898178	1	0	196048959	1	1095
898178	1	0	291298428	1	1095
898178	1	0	349357505	1	1095
898178	1	0	349498031	1	1095
898178	1	0	392906310	1	1095
898178	1	0	407412540	1	1095
898178	1	0	87938095	1	1095
898178	1	0	102357855	1	1095
898178	1	0	276801771	1	1095
898178	1	0	305951121	1	1095
898178	1	0	391067788	1	1095
898178	1	0	12935278	1	1095
898178	1	0	44268543	1	1095
898178	1	0	65271731	1	1095
898178	1	0	256598776	1	1095
898178	1	0	297784725	1	1095
898178	1	0	392849055	1	1095
898178	1	0	422242881	1	1095
898178	1	0	422395823	1	1095
898178	1	0	451328049	1	1095
898178	1	0	37101944	1	1095
898178	1	0	247435957	1	1095
898178	1	0	276733588	1	1095
898178	1	0	363810379	1	1095
898178	1	0	378711609	1	1095
898178	1	0	430443642	1	1095
898178	1	0	102116417	1	1095
898178	1	0	364049670	1	1095
898178	1	0	233033128	1	1095
898178	1	0	320467839	1	1095
898178	1	0	363969132	1	1095
898178	1	0	145712688	1	1095
898178	1	0	189471315	1	1095
898178	1	0	29513841	1	1095
898178	1	0	58383190	1	1095
898178	1	0	72924744	1	1095
898178	1	0	87681747	1	1095
898178	1	0	320347647	1	1095
898178	1	0	14974140	1	1095
898178	1	0	160592285	1	1095
898178	1	0	364152826	1	1119
898178	1	0	116762099	1	1441
898178	1	0	315911244	1	1444
898178	1	0	204641094	1	1570
254111188	1	7640	268930647	1	7640
254111188	1	7640	254111188	1	7640
254111188	1	7640	445212264	1	7640
254111188	1	7640	183463854	1	7640
254111188	1	7640	277275098	1	7640
254111188	1	7640	108359322	1	7640
254111188	1	7640	317774951	1	7640
254111188	1	7640	416800945	1	7640
254111188	1	7640	317087051	1	7640
254111188	1	7640	233761183	1	7640
254111188	1	7640	356353039	1	7640
254111188	1	7640	434624081	1	7640
254111188	1	7640	435245362	1	7640
254111188	1	7640	154963133	1	7640
254111188	1	7640	195595679	1	7640
254111188	1	7640	227501384	1	7640
254111188	1	7640	50290215	1	7640
254111188	1	7640	35749958	1	7640
254111188	1	7640	79264162	1	7640
254111188	1	7640	108456084	1	7640
254111188	1	7640	413830663	1	7640
254111188	1	7640	6665881	1	7640
254111188	1	7640	20970751	1	7640
254111188	1	7640	79262764	1	7640
254111188	1	7640	166622549	1	7640
254111188	1	7640	282719625	1	7640
254111188	1	7640	442913547	1	7640
254111188	1	7640	6429960	1	7640
254111188	1	7640	122998800	1	7640
254111188	1	7640	341012321	1	7640
254111188	1	7640	384510785	1	7640
254111188	1	7640	183963226	1	7640
254111188	1	7640	139323468	1	7640
254111188	1	7640	262554158	1	7640
254111188	1	7640	374422942	1	7640
254111188	1	7640	103071076	1	7640
254111188	1	7640	335440942	1	7640
254111188	1	7640	233458871	1	7640
254111188	1	7640	29891703	1	7640
254111188	1	7640	399289098	1	7640
254111188	1	7640	248416122	1	7640
254111188	1	7640	312776010	1	7640
254111188	1	7640	21521074	1	7640
254111188	1	7640	181055079	1	7640
254111188	1	7640	50289890	1	7640
254111188	1	7640	166624169	1	7640
254111188	1	7640	233876722	1	7640
254111188	1	7640	379008785	1	7643
254111188	1	7640	15836260	1	7643
254111188	1	7640	123026014	1	7646
254111188	1	7640	361501982	1	7646
254111188	1	7640	465252656	1	7646
254111188	1	7640	300049796	1	7646
254111188	1	7640	445801638	1	7661
254111188	1	7640	151844765	1	7661
254111188	1	7640	438048625	1	7661
254111188	1	7640	384747441	1	7661
254111188	1	7640	261098811	1	7664
254111188	1	7640	335339712	1	7670
254111188	1	7640	259378371	1	7712
254111188	1	7640	297387966	1	7712
254111188	1	7640	175295630	1	7724
254111188	1	7640	146212681	1	7724
254111188	1	7640	248004051	1	7724
254111188	1	7640	451687837	1	7724
254111188	1	7640	1014597	1	7724
254111188	1	7640	320711615	1	7724
254111188	1	7640	102807277	1	7724
254111188	1	7640	306171277	1	7724
254111188	1	7640	108858131	1	7727
254111188	1	7640	189837773	1	7733
254111188	1	7640	370095459	1	7778
231634155	-1	12169	256365973	-1	12157
231634155	-1	12169	1226139	-1	12157
231634155	-1	12169	190147951	-1	12160
231634155	-1	12169	88177489	-1	12160
231634155	-1	12169	231634155	-1	12169
231634155	-1	12169	74003299	-1	12184
1162427	-1	12518	204474079	-1	12485
1162427	-1	12518	422741368	-1	12497
1162427	-1	12518	160819371	-1	12506
1162427	-1	12518	422744374	-1	12518
1162427	-1	12518	291870075	-1	12518
1162427	-1	12518	1162427	-1	12518
1162427	-1	12518	146453858	-1	12518
1162427	-1	12518	227664370	-1	12518
1162427	-1	12518	44662141	-1	12518
1162427	-1	12518	190152092	-1	12521
1162427	-1	12518	393852246	-1	12521
1162427	-1	12518	262784917	-1	12521
1162427	-1	12518	378972363	-1	12521
1162427	-1	12518	73745780	-1	12524
1162427	-1	12518	219160694	-1	12524
306247976	-1	13184	320989687	-1	13166
306247976	-1	13184	204450954	-1	13172
306247976	-1	13184	161019138	-1	13172
306247976	-1	13184	306434467	-1	13172
306247976	-1	13184	30121846	-1	13175
306247976	-1	13184	364575795	-1	13175
306247976	-1	13184	320950889	-1	13175
306247976	-1	13184	408032137	-1	13181
306247976	-1	13184	306247976	-1	13184
306247976	-1	13184	117489645	-1	13184
306247976	-1	13184	161114742	-1	13184
306247976	-1	13184	350077111	-1	13184
306247976	-1	13184	246555057	-1	13184
306247976	-1	13184	320925787	-1	13184
306247976	-1	13184	262521820	-1	13184
306247976	-1	13184	88177085	-1	13184
306247976	-1	13184	102718030	-1	13184
306247976	-1	13184	204676047	-1	13187
306247976	-1	13184	437247563	-1	13187
306247976	-1	13184	189909414	-1	13187
306247976	-1	13184	350167991	-1	13187
306247976	-1	13184	321085620	-1	13187
306247976	-1	13184	320790733	-1	13190
306247976	-1	13184	393579740	-1	13190
306247976	-1	13184	422679838	-1	13190
306247976	-1	13184	1270117	-1	13190
306247976	-1	13184	262921237	-1	13190
306247976	-1	13184	190191795	-1	13190
306247976	-1	13184	422874067	-1	13190
306247976	-1	13184	190078354	-1	13211
306247976	-1	13184	146451585	-1	13211
306247976	-1	13184	401705901	-1	13211
306247976	-1	13184	65394890	-1	13211
306247976	-1	13184	190145738	-1	13211
306247976	-1	13184	189944259	-1	13211
306247976	-1	13184	82072009	-1	13214
306247976	-1	13184	408415733	-1	13220
306247976	-1	13184	102678862	-1	13247
306247976	-1	13184	175535961	-1	13271
 