408106764	1	1	408106764	1	1
408106764	1	1	379194667	1	1
408106764	1	1	88162018	1	1
408106764	1	1	175409975	1	1
408106764	1	1	233452466	1	1
408106764	1	1	422616370	1	1
408106764	1	1	219034874	1	1
408106764	1	1	451699999	1	1
408106764	1	1	44537185	1	1
408106764	1	1	233522833	1	1
408106764	1	1	189908531	1	1
408106764	1	1	306285884	1	1
408106764	1	1	379197471	1	1
408106764	1	1	364654552	1	1
408106764	1	1	1163379	1	1
408106764	1	1	874590	1	1
408106764	1	1	15417527	1	1
408106764	1	1	422965807	1	1
408106764	1	1	161214909	1	1
408106764	1	1	393497285	1	1
408106764	1	1	875794	1	1
408106764	1	1	117207881	1	1
408106764	1	1	204457180	1	1
408106764	1	1	451663961	1	1
408106764	1	1	73582639	1	1
408106764	1	1	1063910	1	1
408106764	1	1	59040988	1	1
408106764	1	1	146327329	1	1
408106764	1	1	263006505	1	1
408106764	1	1	306249148	1	1
408106764	1	1	320886697	1	1
408106764	1	1	204840088	1	1
408106764	1	1	408412111	1	1
408106764	1	1	335427652	1	1
408106764	1	1	277262801	1	1
408106764	1	1	273894265	1	1
408106764	1	1	102853074	1	1
408106764	1	1	117445916	1	1
408106764	1	1	15339093	1	4
408106764	1	1	102751114	1	4
408106764	1	1	306245498	1	4
408106764	1	1	219263102	1	7
408106764	1	1	190195362	1	7
408106764	1	1	123806506	1	7
408106764	1	1	321030063	1	7
408106764	1	1	437363537	1	7
408106764	1	1	364653989	1	7
408106764	1	1	15799561	1	7
408106764	1	1	44451931	1	7
408106764	1	1	379237276	1	7
408106764	1	1	422864494	1	7
408106764	1	1	73596780	1	7
408106764	1	1	277406413	1	7
408106764	1	1	393780553	1	7
408106764	1	1	88509389	1	16
408106764	1	1	378956574	1	16
408106764	1	1	131846787	1	16
408106764	1	1	321028865	1	16
408106764	1	1	364513616	1	16
408106764	1	1	15416790	1	16
408106764	1	1	335429103	1	16
408106764	1	1	346629610	1	16
408106764	1	1	349820513	1	16
408106764	1	1	73682265	1	16
408106764	1	1	320789413	1	16
408106764	1	1	422831017	1	16
408106764	1	1	422878489	1	16
408106764	1	1	364787919	1	16
408106764	1	1	102806198	1	16
408106764	1	1	204754625	1	16
408106764	1	1	248081495	1	16
408106764	1	1	335332044	1	16
408106764	1	1	218999353	1	16
408106764	1	1	44834002	1	16
408106764	1	1	364512068	1	16
408106764	1	1	160832221	1	16
408106764	1	1	175472472	1	16
408106764	1	1	219096166	1	16
408106764	1	1	54658254	1	16
408106764	1	1	306593832	1	16
408106764	1	1	364311049	1	40
408106764	1	1	437122939	1	46
408106764	1	1	185365253	1	46
408106764	1	1	28877284	1	46
408106764	1	1	393597024	1	49
408106764	1	1	335253852	1	49
408106764	1	1	350112247	1	61
408106764	1	1	306487849	1	61
408106764	1	1	408280623	1	61
408106764	1	1	437122756	1	61
408106764	1	1	210419226	1	61
408106764	1	1	393787123	1	61
408106764	1	1	233829000	1	61
408106764	1	1	102751407	1	61
408106764	1	1	306536053	1	61
408106764	1	1	262722883	1	61
408106764	1	1	102666321	1	64
408106764	1	1	44499874	1	67
408106764	1	1	175374323	1	67
408106764	1	1	262624423	1	67
408106764	1	1	364415176	1	67
408106764	1	1	189916133	1	67
408106764	1	1	233827556	1	67
408106764	1	1	131990809	1	73
408106764	1	1	248322265	1	82
408106764	1	1	973997	1	82
408106764	1	1	30285837	1	85
408106764	1	1	88222068	1	85
408106764	1	1	219096963	1	85
408106764	1	1	408285896	1	91
408106764	1	1	291759593	1	94
408106764	1	1	248133671	1	94
408106764	1	1	219052631	1	94
408106764	1	1	160884434	1	94
408106764	1	1	356932275	1	94
408106764	1	1	44553142	1	94
408106764	1	1	262677191	1	94
408106764	1	1	15470890	1	94
408106764	1	1	219051387	1	94
408106764	1	1	117261039	1	94
408106764	1	1	131803138	1	94
408106764	1	1	233594404	1	94
408106764	1	1	262677085	1	94
408106764	1	1	437175488	1	94
408106764	1	1	59094006	1	103
408106764	1	1	408399376	1	103
408106764	1	1	233778306	1	109
408106764	1	1	335596915	1	112
408106764	1	1	248044101	1	112
408106764	1	1	335332239	1	112
408106764	1	1	248133609	1	112
408106764	1	1	277165003	1	118
408106764	1	1	189969399	1	118
408106764	1	1	306300332	1	118
408106764	1	1	335571209	1	133
408106764	1	1	175632550	1	133
408106764	1	1	364653329	1	154
408106764	1	1	422580840	1	178
408106764	1	1	437219293	1	178
408106764	1	1	233827686	1	187
408106764	1	1	335572934	1	208
408106764	1	1	437116512	1	343
408106764	1	1	262677248	1	343
408106764	1	1	161072475	1	343
408106764	1	1	364654826	1	343
408106764	1	1	393738252	1	343
408106764	1	1	146531325	1	343
408106764	1	1	161072217	1	343
408106764	1	1	161073944	1	343
408106764	1	1	379195745	1	343
408106764	1	1	393736899	1	343
408106764	1	1	1115386	1	343
408106764	1	1	349996637	1	343
408106764	1	1	44752062	1	343
408106764	1	1	233638001	1	343
408106764	1	1	204695409	1	343
408106764	1	1	117448268	1	343
408106764	1	1	117561836	1	343
408106764	1	1	30198145	1	343
408106764	1	1	88364825	1	343
408106764	1	1	364655621	1	343
408106764	1	1	393737124	1	343
408106764	1	1	219237539	1	343
408106764	1	1	422819778	1	343
408106764	1	1	131788642	1	343
408106764	1	1	320828909	1	343
408106764	1	1	437158810	1	343
408106764	1	1	378993768	1	343
408106764	1	1	291946805	1	343
408106764	1	1	204492615	1	343
408106764	1	1	73823864	1	343
408106764	1	1	219034638	1	343
408106764	1	1	15654850	1	343
408106764	1	1	175615248	1	343
408106764	1	1	204697135	1	343
408106764	1	1	30196875	1	343
408106764	1	1	30197306	1	343
408106764	1	1	59281422	1	343
408106764	1	1	190154042	1	343
408106764	1	1	248320128	1	343
408106764	1	1	1115602	1	343
408106764	1	1	161072779	1	343
408106764	1	1	190154510	1	343
408106764	1	1	248321427	1	343
408106764	1	1	262864851	1	343
408106764	1	1	321029944	1	343
408106764	1	1	408279767	1	343
408106764	1	1	44738592	1	343
408106764	1	1	146530431	1	343
408106764	1	1	291946683	1	343
408106764	1	1	451902167	1	343
408106764	1	1	1115135	1	343
408106764	1	1	44738456	1	343
408106764	1	1	73822204	1	343
408106764	1	1	88363783	1	343
408106764	1	1	102907540	1	343
408106764	1	1	146529278	1	343
408106764	1	1	161071872	1	343
408106764	1	1	219238572	1	343
408106764	1	1	233781471	1	343
408106764	1	1	262862123	1	343
408106764	1	1	422821131	1	343
408106764	1	1	437363692	1	343
408106764	1	1	451902623	1	343
408106764	1	1	131987774	1	343
408106764	1	1	190154962	1	343
408106764	1	1	233781879	1	343
408106764	1	1	262861937	1	343
408106764	1	1	44739002	1	343
408106764	1	1	204450883	1	343
408106764	1	1	204696724	1	343
408106764	1	1	233779749	1	343
408106764	1	1	277404266	1	343
408106764	1	1	379196256	1	343
408106764	1	1	408279545	1	343
408106764	1	1	146530196	1	343
408106764	1	1	291946787	1	343
408106764	1	1	306489126	1	343
408106764	1	1	59281344	1	343
408106764	1	1	88365555	1	343
408106764	1	1	117445713	1	343
408106764	1	1	161073752	1	343
408106764	1	1	408278351	1	343
408106764	1	1	146529126	1	343
408106764	1	1	1113386	1	343
408106764	1	1	321027913	1	343
408106764	1	1	379194875	1	343
408106764	1	1	408279644	1	343
408106764	1	1	340921518	1	343
408106764	1	1	364703307	1	343
408106764	1	1	204697649	1	343
408106764	1	1	437362117	1	343
408106764	1	1	350114511	1	343
408106764	1	1	422819179	1	343
408106764	1	1	379197438	1	343
408106764	1	1	291946781	1	343
408106764	1	1	1172443	1	343
408106764	1	1	335571673	1	343
408106764	1	1	44739243	1	343
408106764	1	1	335569550	1	343
408106764	1	1	15655742	1	343
408106764	1	1	73821838	1	343
408106764	1	1	262863530	1	343
408106764	1	1	59280138	1	343
408106764	1	1	321030432	1	343
408106764	1	1	422820868	1	343
408106764	1	1	59280303	1	343
408106764	1	1	117445969	1	343
408106764	1	1	1114404	1	343
408106764	1	1	291946318	1	343
408106764	1	1	59139372	1	343
408106764	1	1	364655167	1	343
408106764	1	1	44753020	1	343
408106764	1	1	190154797	1	343
408106764	1	1	277406617	1	343
408106764	1	1	321028467	1	343
408106764	1	1	364656073	1	343
408106764	1	1	350113918	1	346
408106764	1	1	1115634	1	346
408106764	1	1	408279942	1	346
408106764	1	1	262864669	1	346
408106764	1	1	59279633	1	346
408106764	1	1	277406481	1	346
408106764	1	1	44845627	1	349
408106764	1	1	146528862	1	349
408106764	1	1	131990342	1	349
408106764	1	1	117446340	1	349
408106764	1	1	233540311	1	352
408106764	1	1	127470502	1	352
408106764	1	1	287183328	1	352
408106764	1	1	277406334	1	352
408106764	1	1	335571606	1	352
408106764	1	1	88363282	1	352
408106764	1	1	146529351	1	352
408106764	1	1	335331274	1	352
408106764	1	1	175374513	1	352
408106764	1	1	306486981	1	352
408106764	1	1	161072078	1	352
408106764	1	1	88244732	1	352
408106764	1	1	59279588	1	352
408106764	1	1	422703595	1	352
408106764	1	1	335570349	1	352
408106764	1	1	437362661	1	352
408106764	1	1	437469130	1	352
408106764	1	1	248428067	1	352
408106764	1	1	277403719	1	352
408106764	1	1	364654080	1	352
408106764	1	1	437360859	1	352
408106764	1	1	190155220	1	352
408106764	1	1	277233194	1	352
408106764	1	1	233540651	1	352
408106764	1	1	306487592	1	352
408106764	1	1	146544317	1	355
408106764	1	1	233778547	1	355
408106764	1	1	451904225	1	355
408106764	1	1	59282011	1	355
408106764	1	1	161073669	1	355
408106764	1	1	321028588	1	355
408106764	1	1	262864521	1	355
408106764	1	1	393739182	1	355
408106764	1	1	175612104	1	355
408106764	1	1	292089775	1	355
408106764	1	1	437363419	1	355
408106764	1	1	59280022	1	355
408106764	1	1	321028503	1	355
408106764	1	1	175614827	1	358
408106764	1	1	378877745	1	361
408106764	1	1	44738040	1	361
408106764	1	1	335572879	1	385
348401258	1	1234	262571129	1	1204
348401258	1	1234	393445459	1	1204
348401258	1	1234	15347895	1	1204
348401258	1	1234	189972821	1	1204
348401258	1	1234	408097565	1	1204
348401258	1	1234	146219985	1	1204
348401258	1	1234	30048681	1	1216
348401258	1	1234	42926437	1	1225
348401258	1	1234	349929808	1	1225
348401258	1	1234	379045948	1	1228
348401258	1	1234	175278865	1	1231
348401258	1	1234	407988056	1	1231
348401258	1	1234	348401258	1	1234
348401258	1	1234	321144619	1	1234
348401258	1	1234	379311058	1	1237
348401258	1	1234	117562091	1	1237
348401258	1	1234	329782281	1	1237
348401258	1	1234	190096110	1	1240
348401258	1	1234	378848779	1	1243
348401258	1	1234	306194957	1	1246
348401258	1	1234	372666863	1	1267
348401258	1	1234	378900377	1	1267
348401258	1	1234	821816	1	1267
348401258	1	1234	204761062	1	1267
348401258	1	1234	233847187	1	1267
348401258	1	1234	393589421	1	1267
348401258	1	1234	420705775	1	1270
348401258	1	1234	184926251	1	1270
348401258	1	1234	437324407	1	1270
348401258	1	1234	1230026	1	1270
348401258	1	1234	407980946	1	1270
348401258	1	1234	291610786	1	1270
348401258	1	1234	117111370	1	1270
348401258	1	1234	131652741	1	1270
348401258	1	1234	29968599	1	1270
348401258	1	1234	88136013	1	1270
348401258	1	1234	408050029	1	1270
348401258	1	1234	451671604	1	1270
348401258	1	1234	146469383	1	1270
348401258	1	1234	437304403	1	1270
348401258	1	1234	422680277	1	1270
348401258	1	1234	335429343	1	1270
348401258	1	1234	146472641	1	1270
348401258	1	1234	73520879	1	1270
348401258	1	1234	349818720	1	1270
348401258	1	1234	437487410	1	1270
348401258	1	1234	30016459	1	1270
348401258	1	1234	277412077	1	1276
348401258	1	1234	335389778	1	1276
348401258	1	1234	277224137	1	1285
348401258	1	1234	131639499	1	1288
348401258	1	1234	15490752	1	1288
348401258	1	1234	15766299	1	1288
348401258	1	1234	176102576	1	1288
348401258	1	1234	379014987	1	1294
348401258	1	1234	291798260	1	1321
348401258	1	1234	222085	1	1649
348401258	1	1234	704314	1	1649
348401258	1	1234	291321523	1	1649
348401258	1	1234	96411637	1	1649
348401258	1	1234	430443642	1	1649
348401258	1	1234	73339029	1	1649
348401258	1	1234	29400140	1	1649
348401258	1	1234	29779517	1	1649
348401258	1	1234	291180144	1	1649
348401258	1	1234	232881884	1	1649
348401258	1	1234	160857451	1	1649
348401258	1	1234	160446811	1	1649
348401258	1	1234	301576561	1	1649
348401258	1	1234	117085459	1	1649
348401258	1	1234	110991163	1	1649
348401258	1	1234	370354440	1	1649
348401258	1	1234	335137760	1	1649
348401258	1	1234	87638501	1	1649
348401258	1	1234	320497047	1	1649
348401258	1	1234	436701488	1	1649
348401258	1	1234	233033128	1	1649
348401258	1	1234	204131413	1	1649
348401258	1	1234	73145220	1	1649
348401258	1	1234	102020508	1	1649
348401258	1	1234	276803390	1	1649
348401258	1	1234	276851491	1	1649
348401258	1	1234	189519535	1	1649
348401258	1	1234	262032743	1	1649
348401258	1	1234	407602232	1	1649
348401258	1	1234	291062511	1	1649
348401258	1	1234	183124229	1	1649
348401258	1	1234	233012194	1	1649
348401258	1	1234	403616787	1	1649
348401258	1	1234	145972856	1	1649
348401258	1	1234	335402870	1	1649
348401258	1	1234	145874576	1	1649
348401258	1	1234	436558224	1	1649
348401258	1	1234	80776226	1	1649
348401258	1	1234	247683266	1	1649
348401258	1	1234	349357505	1	1649
348401258	1	1234	422184405	1	1649
348401258	1	1234	58475746	1	1649
348401258	1	1234	436936120	1	1649
348401258	1	1234	174811837	1	1649
348401258	1	1234	87513701	1	1649
348401258	1	1234	335111034	1	1649
348401258	1	1234	349389368	1	1649
348401258	1	1234	233193979	1	1649
348401258	1	1234	73229281	1	1649
348401258	1	1234	334879219	1	1649
348401258	1	1234	363988550	1	1649
348401258	1	1234	436494713	1	1649
348401258	1	1234	364439326	1	1649
348401258	1	1234	174839058	1	1649
348401258	1	1234	378801699	1	1649
348401258	1	1234	88388833	1	1649
348401258	1	1234	451476632	1	1652
348401258	1	1234	40688919	1	1652
348401258	1	1234	65271731	1	1652
348401258	1	1234	256598776	1	1652
348401258	1	1234	218818332	1	1652
348401258	1	1234	233352424	1	1652
348401258	1	1234	632009	1	1652
348401258	1	1234	170678794	1	1652
348401258	1	1234	28901769	1	1652
348401258	1	1234	440521747	1	1652
348401258	1	1234	305871205	1	1652
348401258	1	1234	102265021	1	1652
348401258	1	1234	204321651	1	1652
348401258	1	1234	203866226	1	1652
348401258	1	1234	202802534	1	1652
348401258	1	1234	160604432	1	1652
348401258	1	1234	145733653	1	1652
348401258	1	1234	146121926	1	1652
348401258	1	1234	230312778	1	1652
348401258	1	1234	102493970	1	1652
348401258	1	1234	145660679	1	1652
348401258	1	1234	320418263	1	1652
348401258	1	1234	305658652	1	1652
348401258	1	1234	364114483	1	1652
348401258	1	1234	407551167	1	1652
348401258	1	1234	29702306	1	1652
348401258	1	1234	58559946	1	1652
348401258	1	1234	247684532	1	1652
348401258	1	1234	451194386	1	1652
348401258	1	1234	73167987	1	1652
348401258	1	1234	145663987	1	1652
348401258	1	1234	349708029	1	1652
348401258	1	1234	203966184	1	1652
348401258	1	1234	131428678	1	1652
348401258	1	1234	407844335	1	1652
348401258	1	1234	262518845	1	1652
348401258	1	1234	437018803	1	1652
348401258	1	1234	422476642	1	1652
348401258	1	1234	334839321	1	1652
348401258	1	1234	234171	1	1652
348401258	1	1234	87993039	1	1652
348401258	1	1234	457876	1	1652
348401258	1	1234	262281244	1	1652
348401258	1	1234	451492189	1	1652
348401258	1	1234	73479621	1	1652
348401258	1	1234	146115889	1	1652
348401258	1	1234	160599036	1	1652
348401258	1	1234	291136507	1	1652
348401258	1	1234	175270666	1	1652
348401258	1	1234	189605326	1	1652
348401258	1	1234	305951121	1	1652
348401258	1	1234	233334472	1	1652
348401258	1	1234	58586510	1	1652
348401258	1	1234	218852919	1	1652
348401258	1	1234	43839754	1	1652
37101944	1	1830	306048265	1	1827
37101944	1	1830	131082726	1	1827
37101944	1	1830	58576389	1	1827
37101944	1	1830	218331057	1	1827
37101944	1	1830	320118937	1	1827
37101944	1	1830	44364242	1	1827
37101944	1	1830	87681829	1	1827
37101944	1	1830	436769733	1	1827
37101944	1	1830	334694323	1	1827
37101944	1	1830	131409241	1	1827
37101944	1	1830	203841262	1	1827
37101944	1	1830	29776453	1	1827
37101944	1	1830	29551615	1	1827
37101944	1	1830	430921338	1	1827
37101944	1	1830	218894779	1	1827
37101944	1	1830	306144789	1	1827
37101944	1	1830	451055598	1	1827
37101944	1	1830	29868534	1	1827
37101944	1	1830	73920739	1	1827
37101944	1	1830	103004395	1	1827
37101944	1	1830	161170339	1	1827
37101944	1	1830	349783853	1	1827
37101944	1	1830	378867349	1	1827
37101944	1	1830	393835447	1	1827
37101944	1	1830	393835740	1	1827
37101944	1	1830	103004081	1	1827
37101944	1	1830	161170233	1	1827
37101944	1	1830	393835834	1	1827
37101944	1	1830	204336144	1	1827
37101944	1	1830	233878324	1	1827
37101944	1	1830	233408329	1	1827
37101944	1	1830	363906908	1	1827
37101944	1	1830	29869147	1	1827
37101944	1	1830	160213135	1	1827
37101944	1	1830	254900121	1	1827
37101944	1	1830	68313418	1	1827
37101944	1	1830	72952662	1	1827
37101944	1	1830	275892364	1	1827
37101944	1	1830	436051336	1	1827
37101944	1	1830	218760896	1	1827
37101944	1	1830	407765860	1	1827
37101944	1	1830	436894357	1	1827
37101944	1	1830	334812940	1	1827
37101944	1	1830	978094	1	1827
37101944	1	1830	59144215	1	1827
37101944	1	1830	190019102	1	1827
37101944	1	1830	408143015	1	1827
37101944	1	1830	73685808	1	1827
37101944	1	1830	58505298	1	1827
37101944	1	1830	335344175	1	1827
37101944	1	1830	262208791	1	1827
37101944	1	1830	335435755	1	1827
37101944	1	1830	73733851	1	1827
37101944	1	1830	350022308	1	1827
37101944	1	1830	131763455	1	1827
37101944	1	1830	44192263	1	1827
37101944	1	1830	451248408	1	1830
37101944	1	1830	501168	1	1830
37101944	1	1830	204154750	1	1830
37101944	1	1830	391067788	1	1830
37101944	1	1830	102210094	1	1830
37101944	1	1830	160576702	1	1830
37101944	1	1830	15276591	1	1830
37101944	1	1830	233120043	1	1830
37101944	1	1830	262162537	1	1830
37101944	1	1830	291412016	1	1830
37101944	1	1830	314888522	1	1830
37101944	1	1830	599354	1	1830
37101944	1	1830	233056801	1	1830
37101944	1	1830	276733588	1	1830
37101944	1	1830	392849055	1	1830
37101944	1	1830	436915333	1	1830
37101944	1	1830	391650812	1	1830
37101944	1	1830	379376633	1	1830
37101944	1	1830	437543565	1	1830
37101944	1	1830	59463630	1	1830
37101944	1	1830	362382482	1	1830
37101944	1	1830	218383584	1	1830
37101944	1	1830	291332362	1	1830
37101944	1	1830	392906310	1	1830
37101944	1	1830	451575052	1	1830
37101944	1	1830	160693978	1	1830
37101944	1	1830	189270224	1	1830
37101944	1	1830	189307308	1	1830
37101944	1	1830	291601699	1	1830
37101944	1	1830	364049670	1	1830
37101944	1	1830	270371824	1	1830
37101944	1	1830	276551495	1	1830
37101944	1	1830	115019434	1	1830
37101944	1	1830	364428234	1	1830
37101944	1	1830	174724159	1	1830
37101944	1	1830	276824222	1	1830
37101944	1	1830	407816908	1	1830
37101944	1	1830	407412540	1	1830
37101944	1	1830	37101944	1	1830
37101944	1	1830	291298428	1	1830
37101944	1	1830	175106305	1	1830
37101944	1	1830	102357855	1	1830
37101944	1	1830	204660705	1	1830
37101944	1	1830	321128310	1	1830
37101944	1	1830	117110913	1	1830
37101944	1	1830	131546731	1	1830
37101944	1	1830	1213590	1	1830
37101944	1	1830	174832030	1	1830
37101944	1	1830	247830756	1	1830
37101944	1	1830	364033396	1	1830
37101944	1	1830	393116632	1	1830
37101944	1	1830	175251528	1	1830
37101944	1	1830	436530826	1	1830
37101944	1	1830	15519858	1	1830
37101944	1	1830	422329790	1	1830
37101944	1	1830	305998288	1	1830
37101944	1	1830	451105199	1	1833
37101944	1	1830	315911244	1	2083
37101944	1	1830	407957778	1	2083
 