160857451	1	1262	204360678	1	947
160857451	1	1262	102755622	1	947
160857451	1	1262	379045948	1	947
160857451	1	1262	437324407	1	959
160857451	1	1262	437059660	1	962
160857451	1	1262	190096110	1	965
160857451	1	1262	393587117	1	971
160857451	1	1262	73673673	1	971
160857451	1	1262	408098921	1	977
160857451	1	1262	320846707	1	977
160857451	1	1262	408049889	1	980
160857451	1	1262	422762332	1	980
160857451	1	1262	379311058	1	980
160857451	1	1262	44559725	1	1010
160857451	1	1262	420705775	1	1010
160857451	1	1262	117111370	1	1010
160857451	1	1262	407980946	1	1013
160857451	1	1262	59100105	1	1013
160857451	1	1262	44453578	1	1013
160857451	1	1262	335389778	1	1019
160857451	1	1262	335419798	1	1022
160857451	1	1262	102581139	1	1046
160857451	1	1262	306153569	1	1046
160857451	1	1262	29779517	1	1262
160857451	1	1262	430443642	1	1262
160857451	1	1262	28901769	1	1262
160857451	1	1262	440521747	1	1262
160857451	1	1262	222085	1	1262
160857451	1	1262	15229754	1	1262
160857451	1	1262	96411637	1	1262
160857451	1	1262	704314	1	1262
160857451	1	1262	306048265	1	1262
160857451	1	1262	29400140	1	1262
160857451	1	1262	305626437	1	1262
160857451	1	1262	218818332	1	1262
160857451	1	1262	233352424	1	1262
160857451	1	1262	170678794	1	1262
160857451	1	1262	451476632	1	1262
160857451	1	1262	632009	1	1262
160857451	1	1262	378771762	1	1262
160857451	1	1262	73339029	1	1262
160857451	1	1262	87681829	1	1262
160857451	1	1262	436769733	1	1262
160857451	1	1262	334694323	1	1262
160857451	1	1262	102265021	1	1262
160857451	1	1262	204321651	1	1262
160857451	1	1262	160305413	1	1262
160857451	1	1262	204154750	1	1262
160857451	1	1262	232881884	1	1262
160857451	1	1262	364351706	1	1262
160857451	1	1262	145712688	1	1262
160857451	1	1262	72921382	1	1262
160857451	1	1262	44447300	1	1262
160857451	1	1262	232912095	1	1262
160857451	1	1262	72924744	1	1262
160857451	1	1262	160857451	1	1262
160857451	1	1262	111946547	1	1262
160857451	1	1262	262469357	1	1262
160857451	1	1262	72981076	1	1262
160857451	1	1262	102493970	1	1262
160857451	1	1262	146121926	1	1262
160857451	1	1262	320418263	1	1262
160857451	1	1262	305658652	1	1262
160857451	1	1262	160473701	1	1262
160857451	1	1262	145982837	1	1262
160857451	1	1262	103004081	1	1262
160857451	1	1262	29868534	1	1262
160857451	1	1262	73920739	1	1262
160857451	1	1262	103004395	1	1262
160857451	1	1262	349783853	1	1262
160857451	1	1262	378867349	1	1262
160857451	1	1262	393835740	1	1262
160857451	1	1262	393835834	1	1262
160857451	1	1262	270371824	1	1262
160857451	1	1262	291332362	1	1262
160857451	1	1262	393835447	1	1262
160857451	1	1262	233878324	1	1262
160857451	1	1262	306057868	1	1262
160857451	1	1262	407510295	1	1262
160857451	1	1262	247680608	1	1262
160857451	1	1262	335137760	1	1262
160857451	1	1262	407602232	1	1262
160857451	1	1262	276851491	1	1262
160857451	1	1262	58377414	1	1262
160857451	1	1262	44021201	1	1262
160857451	1	1262	276803390	1	1262
160857451	1	1262	233033128	1	1262
160857451	1	1262	393380609	1	1262
160857451	1	1262	87638501	1	1262
160857451	1	1262	155486585	1	1262
160857451	1	1262	110991163	1	1262
160857451	1	1262	204131413	1	1262
160857451	1	1262	291062511	1	1262
160857451	1	1262	102020508	1	1262
160857451	1	1262	262032743	1	1262
160857451	1	1262	145646170	1	1262
160857451	1	1262	451479443	1	1262
160857451	1	1262	73145220	1	1262
160857451	1	1262	400363080	1	1262
160857451	1	1262	349745043	1	1262
160857451	1	1262	291571639	1	1262
160857451	1	1262	306066891	1	1262
160857451	1	1262	183124229	1	1262
160857451	1	1262	335402870	1	1262
160857451	1	1262	102261815	1	1262
160857451	1	1262	403616787	1	1262
160857451	1	1262	145972856	1	1262
160857451	1	1262	174926611	1	1262
160857451	1	1262	378578772	1	1262
160857451	1	1262	407480346	1	1262
160857451	1	1262	102472171	1	1262
160857451	1	1262	116624233	1	1262
160857451	1	1262	218463739	1	1262
160857451	1	1262	320260055	1	1262
160857451	1	1262	334986280	1	1262
160857451	1	1262	436558224	1	1262
160857451	1	1262	413453925	1	1262
160857451	1	1262	145874576	1	1262
160857451	1	1262	161170339	1	1262
160857451	1	1262	407551167	1	1262
160857451	1	1262	457876	1	1262
160857451	1	1262	161170233	1	1262
160857451	1	1262	29822532	1	1262
160857451	1	1262	80776226	1	1262
160857451	1	1262	189255517	1	1262
160857451	1	1262	214396872	1	1262
160857451	1	1262	247683266	1	1262
160857451	1	1262	58559946	1	1262
160857451	1	1262	175180420	1	1262
160857451	1	1262	451164267	1	1262
160857451	1	1262	262098310	1	1262
160857451	1	1262	335111034	1	1262
160857451	1	1262	204014166	1	1262
160857451	1	1262	422184405	1	1262
160857451	1	1262	117110913	1	1268
160857451	1	1262	363988550	1	1268
160857451	1	1262	102036600	1	1268
160857451	1	1262	334879219	1	1268
160857451	1	1262	73229281	1	1268
160857451	1	1262	174839058	1	1268
160857451	1	1262	378801699	1	1268
160857451	1	1262	58475746	1	1268
160857451	1	1262	174811837	1	1268
160857451	1	1262	174711102	1	1393
160857451	1	1262	276733588	1	1450
160857451	1	1262	362382482	1	1450
160857451	1	1262	379376633	1	1450
160857451	1	1262	218383584	1	1450
160857451	1	1262	407412540	1	1450
160857451	1	1262	291298428	1	1450
160857451	1	1262	364049670	1	1450
160857451	1	1262	437543565	1	1450
160857451	1	1262	59463630	1	1450
160857451	1	1262	407816908	1	1450
160857451	1	1262	349274811	1	1450
160857451	1	1262	291601699	1	1450
160857451	1	1262	364428234	1	1450
160857451	1	1262	37101944	1	1450
160857451	1	1262	175106305	1	1450
160857451	1	1262	102357855	1	1450
160857451	1	1262	347201996	1	1450
160857451	1	1262	15409478	1	1450
160857451	1	1262	436530826	1	1450
160857451	1	1262	204660705	1	1450
160857451	1	1262	321128310	1	1450
160857451	1	1262	174992077	1	1450
160857451	1	1262	262667985	1	1450
160857451	1	1262	330936163	1	1453
160857451	1	1262	400960745	1	1453
160857451	1	1262	196048959	1	1453
160857451	1	1262	58576389	1	1453
160857451	1	1262	218331057	1	1453
160857451	1	1262	320118937	1	1453
160857451	1	1262	305871205	1	1453
160857451	1	1262	202802534	1	1453
160857451	1	1262	131082726	1	1453
160857451	1	1262	12935278	1	1453
160857451	1	1262	40688919	1	1453
160857451	1	1262	65271731	1	1453
160857451	1	1262	256598776	1	1453
160857451	1	1262	297784725	1	1453
160857451	1	1262	320489279	1	1453
160857451	1	1262	345985433	1	1453
160857451	1	1262	171449091	1	1453
160857451	1	1262	436499283	1	1453
160857451	1	1262	391067788	1	1453
160857451	1	1262	203866226	1	1453
160857451	1	1262	131409241	1	1453
160857451	1	1262	391650812	1	1453
160857451	1	1262	301576561	1	1453
160857451	1	1262	613230	1	1453
160857451	1	1262	68313418	1	1453
160857451	1	1262	72952662	1	1453
160857451	1	1262	102211118	1	1453
160857451	1	1262	214534035	1	1453
160857451	1	1262	275892364	1	1453
160857451	1	1262	363851692	1	1453
160857451	1	1262	189477065	1	1453
160857451	1	1262	146025315	1	1453
160857451	1	1262	364114483	1	1453
160857451	1	1262	363906908	1	1453
160857451	1	1262	407765860	1	1453
160857451	1	1262	116690867	1	1453
160857451	1	1262	145660679	1	1453
160857451	1	1262	247684532	1	1453
160857451	1	1262	276844479	1	1453
160857451	1	1262	29702306	1	1453
160857451	1	1262	189270224	1	1453
160857451	1	1262	189307308	1	1453
160857451	1	1262	392906310	1	1453
160857451	1	1262	116954581	1	1453
160857451	1	1262	306144789	1	1453
160857451	1	1262	233408329	1	1453
160857451	1	1262	218760896	1	1453
160857451	1	1262	407844335	1	1453
160857451	1	1262	131419263	1	1453
160857451	1	1262	262175589	1	1453
160857451	1	1262	291121672	1	1453
160857451	1	1262	146042549	1	1453
160857451	1	1262	407429303	1	1453
160857451	1	1262	451603911	1	1453
160857451	1	1262	15199217	1	1453
160857451	1	1262	84530030	1	1453
160857451	1	1262	247660140	1	1453
160857451	1	1262	257781383	1	1453
160857451	1	1262	416060452	1	1453
160857451	1	1262	247978394	1	1453
160857451	1	1262	393439517	1	1453
160857451	1	1262	58586510	1	1453
160857451	1	1262	218852919	1	1453
160857451	1	1262	131546731	1	1453
160857451	1	1262	174832030	1	1453
160857451	1	1262	364033396	1	1453
160857451	1	1262	393116632	1	1453
160857451	1	1262	451378275	1	1453
160857451	1	1262	43839754	1	1453
160857451	1	1262	364439326	1	1453
160857451	1	1262	334812940	1	1453
160857451	1	1262	305998288	1	1453
160857451	1	1262	44564991	1	1453
160857451	1	1262	247830756	1	1453
160857451	1	1262	335435755	1	1453
160857451	1	1262	978094	1	1453
160857451	1	1262	422329790	1	1453
160857451	1	1262	73733851	1	1453
160857451	1	1262	350022308	1	1453
160857451	1	1262	408143015	1	1453
160857451	1	1262	189689966	1	1462
160857451	1	1262	407957778	1	1712
160857451	1	1262	315911244	1	1721
160857451	1	1262	219061461	1	1721
160857451	1	1262	335393112	1	1721
 