222085	1	200	2.239E-49	3	20403	21039	464	105	0.726	1.451E-23	73	142	226	20403	20612	210	20391	20642
222085	1	200	2.239E-49	3	20403	21039	466	57	0.807	2.600E-07	138	170	226	20663	20761	99	20609	20797
222085	1	200	2.239E-49	3	20403	21039	469	60	0.800	7.414E-08	190	224	226	20935	21039	105	20794	21045
225348	1	182	5.870E-44	4	20006	21039	452	37	0.599	2.288E+00	6	33	302	20006	20092	87	19988	20137
225348	1	182	5.870E-44	4	20006	21039	464	104	0.707	5.156E-23	71	141	302	20400	20612	213	20391	20642
225348	1	182	5.870E-44	4	20006	21039	468	38	0.792	3.617E+00	164	185	302	20811	20876	66	20646	20915
225348	1	182	5.870E-44	4	20006	21039	469	58	0.771	4.988E-07	186	220	302	20935	21039	105	20794	21045
234171	1	170	2.404E-40	3	20009	20761	452	42	0.675	3.523E-02	5	33	231	20009	20092	84	19988	20137
234171	1	170	2.404E-40	3	20009	20761	464	111	0.759	1.718E-25	73	142	231	20403	20612	210	20391	20642
234171	1	170	2.404E-40	3	20009	20761	466	59	0.823	9.991E-08	138	170	231	20663	20761	99	20609	20797
457876	1	205	6.998E-51	3	20403	21039	464	107	0.735	4.085E-24	76	145	234	20403	20612	210	20391	20642
457876	1	205	6.998E-51	3	20403	21039	466	61	0.854	1.477E-08	141	173	234	20663	20761	99	20609	20797
457876	1	205	6.998E-51	3	20403	21039	469	59	0.786	1.923E-07	193	227	234	20935	21039	105	20794	21045
632009	1	268	7.587E-70	4	20225	21039	456	51	0.575	3.975E-05	138	178	330	20225	20353	129	20192	20356
632009	1	268	7.587E-70	4	20225	21039	464	113	0.774	2.566E-26	178	247	330	20406	20615	210	20391	20642
632009	1	268	7.587E-70	4	20225	21039	466	66	0.926	1.710E-10	242	274	330	20663	20761	99	20609	20797
632009	1	268	7.587E-70	4	20225	21039	469	60	0.800	7.414E-08	294	328	330	20935	21039	105	20794	21045
704314	1	212	5.467E-53	3	20403	21039	464	106	0.728	1.057E-23	72	141	225	20403	20612	210	20391	20642
704314	1	212	5.467E-53	3	20403	21039	466	64	0.743	8.403E-10	136	176	225	20660	20782	123	20609	20797
704314	1	212	5.467E-53	3	20403	21039	469	58	0.771	4.988E-07	189	223	225	20935	21039	105	20794	21045
898178	1	200	2.239E-49	4	20006	20876	452	34	0.548	1.577E+01	0	29	222	20006	20092	87	19988	20137
898178	1	200	2.239E-49	4	20006	20876	456	46	0.532	1.339E-03	29	71	222	20225	20353	129	20192	20356
898178	1	200	2.239E-49	4	20006	20876	464	104	0.712	2.735E-23	70	140	222	20403	20615	213	20391	20642
898178	1	200	2.239E-49	4	20006	20876	468	40	0.823	1.019E+00	166	187	222	20811	20876	66	20646	20915
971673	-1	145	8.068E-33	3	9037	33818	1104	53	0.368	4.875E-05	34	107	254	-33818	-33576	243	33857	33549
971673	-1	145	8.068E-33	3	9037	33818	1569	65	0.614	2.978E-10	126	177	254	-13504	-13349	156	13510	13346
971673	-1	145	8.068E-33	3	9037	33818	1682	45	0.789	6.450E-02	176	201	254	-9114	-9037	78	9135	8776
978094	1	150	2.521E-34	2	20225	20612	456	46	0.532	1.339E-03	1	43	114	20225	20353	129	20192	20356
978094	1	150	2.521E-34	2	20225	20612	464	106	0.724	5.608E-24	41	111	114	20400	20612	213	20391	20642
1165937	-1	123	3.384E-26	2	8929	13498	1569	68	0.661	2.331E-11	20	69	206	-13498	-13349	150	13510	13346
1165937	-1	123	3.384E-26	2	8929	13498	1682	55	0.470	1.370E-05	69	123	206	-9111	-8929	183	9135	8776
1213590	1	106	4.435E-21	1	20403	20612	464	106	0.728	1.057E-23	42	111	114	20403	20612	210	20391	20642
7880745	-1	169	4.809E-40	3	8932	33728	1104	59	0.510	3.101E-07	25	82	268	-33728	-33552	177	33857	33549
7880745	-1	169	4.809E-40	3	8932	33728	1569	68	0.640	2.331E-11	103	154	268	-13504	-13349	156	13510	13346
7880745	-1	169	4.809E-40	3	8932	33728	1682	61	0.510	1.226E-07	154	214	268	-9111	-8932	180	9135	8776
8371349	1	191	1.147E-46	4	20006	21039	452	39	0.616	3.329E-01	6	35	293	20006	20092	87	19988	20137
8371349	1	191	1.147E-46	4	20006	21039	464	106	0.719	1.057E-23	73	143	293	20400	20612	213	20391	20642
8371349	1	191	1.147E-46	4	20006	21039	468	38	0.776	6.812E+00	166	187	293	20811	20876	66	20646	20915
8371349	1	191	1.147E-46	4	20006	21039	469	63	0.834	8.024E-09	188	222	293	20935	21039	105	20794	21045
12935278	1	253	2.486E-65	4	20403	21039	464	109	0.752	4.444E-25	75	144	228	20403	20612	210	20391	20642
12935278	1	253	2.486E-65	4	20403	21039	466	57	0.786	2.600E-07	139	172	228	20660	20761	102	20609	20797
12935278	1	253	2.486E-65	4	20403	21039	468	35	0.630	4.545E+01	166	191	228	20799	20876	78	20646	20915
12935278	1	253	2.486E-65	4	20403	21039	469	61	0.810	3.928E-08	192	226	228	20935	21039	105	20794	21045
15229754	1	217	1.708E-54	3	20225	20761	456	53	0.587	5.848E-06	45	86	240	20225	20356	132	20192	20356
15229754	1	217	1.708E-54	3	20225	20761	464	104	0.776	3.755E-23	84	147	240	20403	20594	192	20391	20642
15229754	1	217	1.708E-54	3	20225	20761	466	66	0.942	3.233E-10	153	184	240	20666	20761	96	20609	20797
15678499	-1	150	2.521E-34	3	8986	33833	1104	59	0.369	5.837E-07	28	110	326	-33833	-33564	270	33857	33549
15678499	-1	150	2.521E-34	3	8986	33833	1569	62	0.570	3.809E-09	131	184	326	-13510	-13349	162	13510	13346
15678499	-1	150	2.521E-34	3	8986	33833	1682	49	0.555	2.831E-03	183	225	326	-9114	-8986	129	9135	8776
15792650	-1	201	1.120E-49	3	13346	33725	1104	91	0.750	3.133E-18	112	169	242	-33725	-33552	174	33857	33549
15792650	-1	201	1.120E-49	3	13346	33725	1119	37	0.462	4.286E+00	169	202	242	-32933	-32814	120	33002	32814
15792650	-1	201	1.120E-49	3	13346	33725	1569	86	0.770	1.954E-17	189	241	242	-13504	-13346	159	13510	13346
28901769	1	306	2.760E-81	5	20231	21039	456	41	0.494	1.186E-01	31	69	221	20231	20353	123	20192	20356
28901769	1	306	2.760E-81	5	20231	21039	464	111	0.762	1.251E-25	68	137	221	20403	20612	210	20391	20642
28901769	1	306	2.760E-81	5	20231	21039	466	67	0.768	1.244E-10	132	172	221	20660	20779	120	20609	20797
28901769	1	306	2.760E-81	5	20231	21039	468	41	0.621	5.409E-01	163	190	221	20811	20903	93	20646	20915
28901769	1	306	2.760E-81	5	20231	21039	469	64	0.849	3.094E-09	185	219	221	20935	21039	105	20794	21045
29513841	1	170	2.404E-40	3	20403	21039	464	102	0.709	1.334E-22	73	142	227	20403	20612	210	20391	20642
29513841	1	170	2.404E-40	3	20403	21039	468	39	0.594	2.635E+00	169	196	227	20811	20903	93	20646	20915
29513841	1	170	2.404E-40	3	20403	21039	469	59	0.781	2.642E-07	191	225	227	20935	21039	105	20794	21045
29514432	1	172	6.011E-41	3	20403	21039	464	102	0.709	1.334E-22	71	140	225	20403	20612	210	20391	20642
29514432	1	172	6.011E-41	3	20403	21039	468	36	0.744	2.415E+01	167	188	225	20811	20876	66	20646	20915
29514432	1	172	6.011E-41	3	20403	21039	469	58	0.776	3.630E-07	189	223	225	20935	21039	105	20794	21045
29551615	1	198	8.957E-49	3	20400	21039	464	107	0.726	4.085E-24	78	148	251	20400	20612	213	20391	20642
29551615	1	198	8.957E-49	3	20400	21039	466	56	0.792	6.765E-07	144	176	251	20663	20761	99	20609	20797
29551615	1	198	8.957E-49	3	20400	21039	469	57	0.761	9.416E-07	196	230	251	20935	21039	105	20794	21045
29702306	1	207	1.749E-51	3	20403	21042	464	100	0.697	6.510E-22	74	143	227	20403	20612	210	20391	20642
29702306	1	207	1.749E-51	3	20403	21042	466	62	0.714	7.809E-09	138	178	227	20660	20779	120	20609	20797
29702306	1	207	1.749E-51	3	20403	21042	469	61	0.790	3.928E-08	191	226	227	20935	21042	108	20794	21045
29779517	1	219	4.271E-55	3	20225	20761	456	53	0.587	5.848E-06	45	86	240	20225	20356	132	20192	20356
29779517	1	219	4.271E-55	3	20225	20761	464	106	0.787	1.057E-23	84	147	240	20403	20594	192	20391	20642
29779517	1	219	4.271E-55	3	20225	20761	466	66	0.942	3.233E-10	153	184	240	20666	20761	96	20609	20797
29868534	1	264	1.214E-68	4	20400	21039	464	109	0.738	8.376E-25	48	118	203	20400	20612	213	20391	20642
29868534	1	264	1.214E-68	4	20400	21039	466	67	0.931	1.244E-10	114	146	203	20663	20761	99	20609	20797
29868534	1	264	1.214E-68	4	20400	21039	468	37	0.582	1.283E+01	145	171	203	20814	20903	90	20646	20915
29868534	1	264	1.214E-68	4	20400	21039	469	60	0.800	7.414E-08	166	200	203	20935	21039	105	20794	21045
29869147	1	263	2.428E-68	4	20400	21039	464	104	0.710	3.755E-23	68	138	224	20400	20612	213	20391	20642
29869147	1	263	2.428E-68	4	20400	21039	466	61	0.848	2.031E-08	134	166	224	20663	20761	99	20609	20797
29869147	1	263	2.428E-68	4	20400	21039	468	38	0.792	3.617E+00	164	185	224	20811	20876	66	20646	20915
29869147	1	263	2.428E-68	4	20400	21039	469	64	0.854	2.252E-09	186	220	224	20935	21039	105	20794	21045
37101944	1	200	2.239E-49	3	20403	21039	464	106	0.730	7.699E-24	73	142	225	20403	20612	210	20391	20642
37101944	1	200	2.239E-49	3	20403	21039	466	58	0.812	1.890E-07	138	170	225	20663	20761	99	20609	20797
37101944	1	200	2.239E-49	3	20403	21039	469	58	0.771	4.988E-07	190	224	225	20935	21039	105	20794	21045
37206739	-1	176	3.757E-42	3	8971	33818	1104	67	0.413	5.543E-10	34	111	296	-33818	-33552	267	33857	33549
37206739	-1	176	3.757E-42	3	8971	33818	1569	67	0.630	6.059E-11	132	183	296	-13504	-13349	156	13510	13346
37206739	-1	176	3.757E-42	3	8971	33818	1682	61	0.632	1.226E-07	183	229	296	-9111	-8971	141	9135	8776
40688919	1	253	2.486E-65	4	20403	21039	464	109	0.752	4.444E-25	75	144	228	20403	20612	210	20391	20642
40688919	1	253	2.486E-65	4	20403	21039	466	57	0.786	2.600E-07	139	172	228	20660	20761	102	20609	20797
40688919	1	253	2.486E-65	4	20403	21039	468	35	0.630	4.545E+01	166	191	228	20799	20876	78	20646	20915
40688919	1	253	2.486E-65	4	20403	21039	469	61	0.810	3.928E-08	192	226	228	20935	21039	105	20794	21045
43839754	1	102	7.097E-20	1	20403	20612	464	102	0.704	2.515E-22	45	114	123	20403	20612	210	20391	20642
44364242	1	200	2.239E-49	3	20400	21039	464	106	0.719	1.057E-23	78	148	233	20400	20612	213	20391	20642
44364242	1	200	2.239E-49	3	20400	21039	466	59	0.801	9.991E-08	143	176	233	20660	20761	102	20609	20797
44364242	1	200	2.239E-49	3	20400	21039	469	58	0.776	3.630E-07	196	230	233	20935	21039	105	20794	21045
58383190	1	177	1.878E-42	3	20403	21039	464	106	0.728	1.057E-23	73	142	227	20403	20612	210	20391	20642
58383190	1	177	1.878E-42	3	20403	21039	468	42	0.632	2.870E-01	169	196	227	20811	20903	93	20646	20915
58383190	1	177	1.878E-42	3	20403	21039	469	59	0.781	2.642E-07	191	225	227	20935	21039	105	20794	21045
58475746	1	108	1.109E-21	1	20400	20612	464	108	0.733	1.579E-24	39	109	112	20400	20612	213	20391	20642
58505298	1	110	2.772E-22	1	20400	20612	464	110	0.745	3.237E-25	40	110	113	20400	20612	213	20391	20642
58576389	1	253	2.486E-65	4	20400	21039	464	106	0.719	1.057E-23	72	142	226	20400	20612	213	20391	20642
58576389	1	253	2.486E-65	4	20400	21039	466	58	0.791	1.890E-07	137	170	226	20660	20761	102	20609	20797
58576389	1	253	2.486E-65	4	20400	21039	468	36	0.644	2.415E+01	164	189	226	20799	20876	78	20646	20915
58576389	1	253	2.486E-65	4	20400	21039	469	62	0.820	2.081E-08	190	224	226	20935	21039	105	20794	21045
58586510	1	108	1.109E-21	1	20403	20612	464	108	0.745	1.150E-24	41	110	113	20403	20612	210	20391	20642
59144215	1	151	1.261E-34	2	20225	20612	456	46	0.532	1.339E-03	1	43	114	20225	20353	129	20192	20356
59144215	1	151	1.261E-34	2	20225	20612	464	107	0.726	4.085E-24	41	111	114	20400	20612	213	20391	20642
59300483	-1	59	6.242E-07	1	33549	33806	1104	59	0.382	4.254E-07	62	138	164	-33806	-33549	258	33857	33549
59463630	1	208	8.747E-52	3	20403	21039	464	105	0.714	1.992E-23	74	144	229	20403	20615	213	20391	20642
59463630	1	208	8.747E-52	3	20403	21039	466	66	0.916	3.233E-10	139	171	229	20663	20761	99	20609	20797
59463630	1	208	8.747E-52	3	20403	21039	469	60	0.800	7.414E-08	191	225	229	20935	21039	105	20794	21045
65271731	1	253	2.486E-65	4	20403	21039	464	109	0.752	4.444E-25	75	144	228	20403	20612	210	20391	20642
65271731	1	253	2.486E-65	4	20403	21039	466	57	0.786	2.600E-07	139	172	228	20660	20761	102	20609	20797
65271731	1	253	2.486E-65	4	20403	21039	468	35	0.630	4.545E+01	166	191	228	20799	20876	78	20646	20915
65271731	1	253	2.486E-65	4	20403	21039	469	61	0.810	3.928E-08	192	226	228	20935	21039	105	20794	21045
73167987	1	203	2.799E-50	3	20403	21039	464	108	0.745	1.150E-24	75	144	234	20403	20612	210	20391	20642
73167987	1	203	2.799E-50	3	20403	21039	466	59	0.811	5.282E-08	139	172	234	20660	20761	102	20609	20797
73167987	1	203	2.799E-50	3	20403	21039	469	59	0.786	1.923E-07	192	226	234	20935	21039	105	20794	21045
73229281	1	111	1.386E-22	1	20400	20615	464	111	0.741	1.718E-25	40	111	113	20400	20615	216	20391	20642
73240376	1	185	7.338E-45	3	20015	20612	452	33	0.591	5.723E+01	11	36	251	20015	20092	78	19988	20137
73240376	1	185	7.338E-45	3	20015	20612	456	42	0.479	4.533E-02	36	79	251	20225	20356	132	20192	20356
73240376	1	185	7.338E-45	3	20015	20612	464	112	0.766	6.639E-26	77	146	251	20403	20612	210	20391	20642
73339029	1	206	3.499E-51	4	20009	21039	452	38	0.577	1.203E+00	5	35	228	20009	20092	84	19988	20137
73339029	1	206	3.499E-51	4	20009	21039	464	107	0.718	4.085E-24	74	145	228	20400	20615	216	20391	20642
73339029	1	206	3.499E-51	4	20009	21039	466	61	0.836	1.074E-08	139	172	228	20660	20761	102	20609	20797
73339029	1	206	3.499E-51	4	20009	21039	469	60	0.795	1.019E-07	192	226	228	20935	21039	105	20794	21045
73461784	1	104	1.774E-20	1	20400	20612	464	104	0.712	2.735E-23	42	112	115	20400	20612	213	20391	20642
73479621	1	200	2.239E-49	3	20400	21039	464	104	0.712	2.735E-23	68	138	231	20400	20612	213	20391	20642
73479621	1	200	2.239E-49	3	20400	21039	466	61	0.854	1.477E-08	134	166	231	20663	20761	99	20609	20797
73479621	1	200	2.239E-49	3	20400	21039	469	57	0.757	1.294E-06	186	220	231	20935	21039	105	20794	21045
73888654	1	197	1.791E-48	3	20403	21039	464	109	0.738	8.376E-25	124	194	276	20403	20615	213	20391	20642
73888654	1	197	1.791E-48	3	20403	21039	468	40	0.523	1.399E+00	206	239	276	20766	20876	111	20646	20915
73888654	1	197	1.791E-48	3	20403	21039	469	57	0.757	1.294E-06	240	274	276	20935	21039	105	20794	21045
73920739	1	264	1.214E-68	4	20400	21039	464	109	0.738	8.376E-25	48	118	203	20400	20612	213	20391	20642
73920739	1	264	1.214E-68	4	20400	21039	466	67	0.931	1.244E-10	114	146	203	20663	20761	99	20609	20797
73920739	1	264	1.214E-68	4	20400	21039	468	37	0.582	1.283E+01	145	171	203	20814	20903	90	20646	20915
73920739	1	264	1.214E-68	4	20400	21039	469	60	0.800	7.414E-08	166	200	203	20935	21039	105	20794	21045
80776226	1	195	7.166E-48	3	20400	21039	464	105	0.717	1.451E-23	72	142	245	20400	20612	213	20391	20642
80776226	1	195	7.166E-48	3	20400	21039	466	56	0.792	6.765E-07	138	170	245	20663	20761	99	20609	20797
80776226	1	195	7.166E-48	3	20400	21039	469	56	0.747	2.443E-06	190	224	245	20935	21039	105	20794	21045
84530030	1	203	2.799E-50	3	20400	21039	464	106	0.719	1.057E-23	75	145	230	20400	20612	213	20391	20642
84530030	1	203	2.799E-50	3	20400	21039	466	61	0.826	2.031E-08	140	173	230	20660	20761	102	20609	20797
84530030	1	203	2.799E-50	3	20400	21039	469	59	0.791	1.400E-07	193	227	230	20935	21039	105	20794	21045
87677360	1	268	7.587E-70	4	20225	21039	456	51	0.575	3.975E-05	154	194	346	20225	20353	129	20192	20356
87677360	1	268	7.587E-70	4	20225	21039	464	113	0.774	2.566E-26	194	263	346	20406	20615	210	20391	20642
87677360	1	268	7.587E-70	4	20225	21039	466	66	0.926	1.710E-10	258	290	346	20663	20761	99	20609	20797
87677360	1	268	7.587E-70	4	20225	21039	469	60	0.800	7.414E-08	310	344	346	20935	21039	105	20794	21045
87681747	1	177	1.878E-42	3	20403	21039	464	106	0.728	1.057E-23	73	142	227	20403	20612	210	20391	20642
87681747	1	177	1.878E-42	3	20403	21039	468	42	0.632	2.870E-01	169	196	227	20811	20903	93	20646	20915
87681747	1	177	1.878E-42	3	20403	21039	469	59	0.781	2.642E-07	191	225	227	20935	21039	105	20794	21045
87681829	1	259	3.885E-67	4	20400	21039	464	109	0.729	8.376E-25	72	143	226	20400	20615	216	20391	20642
87681829	1	259	3.885E-67	4	20400	21039	466	61	0.831	1.477E-08	137	170	226	20660	20761	102	20609	20797
87681829	1	259	3.885E-67	4	20400	21039	468	34	0.713	8.551E+01	168	189	226	20811	20876	66	20646	20915
87681829	1	259	3.885E-67	4	20400	21039	469	61	0.810	3.928E-08	190	224	226	20935	21039	105	20794	21045
96411637	1	324	1.053E-86	5	20225	21039	456	49	0.553	1.037E-04	29	70	221	20225	20356	132	20192	20356
96411637	1	324	1.053E-86	5	20225	21039	464	112	0.759	4.836E-26	67	137	221	20400	20612	213	20391	20642
96411637	1	324	1.053E-86	5	20225	21039	466	66	0.896	2.352E-10	132	165	221	20660	20761	102	20609	20797
96411637	1	324	1.053E-86	5	20225	21039	468	40	0.823	1.019E+00	163	184	221	20811	20876	66	20646	20915
96411637	1	324	1.053E-86	5	20225	21039	469	64	0.844	4.251E-09	185	219	221	20935	21039	105	20794	21045
102006850	1	311	8.625E-83	5	20225	21039	456	46	0.518	1.844E-03	165	206	360	20225	20356	132	20192	20356
102006850	1	311	8.625E-83	5	20225	21039	464	107	0.784	4.085E-24	203	267	360	20400	20594	195	20391	20642
102006850	1	311	8.625E-83	5	20225	21039	466	64	0.915	1.589E-09	273	304	360	20666	20761	96	20609	20797
102006850	1	311	8.625E-83	5	20225	21039	468	36	0.744	2.415E+01	302	323	360	20811	20876	66	20646	20915
102006850	1	311	8.625E-83	5	20225	21039	469	64	0.844	4.251E-09	324	358	360	20935	21039	105	20794	21045
102036600	1	104	1.774E-20	1	20403	20612	464	104	0.718	3.755E-23	40	109	112	20403	20612	210	20391	20642
102357855	1	205	6.998E-51	3	20403	21039	464	108	0.740	2.167E-24	71	140	223	20403	20612	210	20391	20642
102357855	1	205	6.998E-51	3	20403	21039	466	59	0.823	9.991E-08	136	168	223	20663	20761	99	20609	20797
102357855	1	205	6.998E-51	3	20403	21039	469	60	0.795	1.019E-07	188	222	223	20935	21039	105	20794	21045
102493970	1	230	2.085E-58	3	20225	20761	456	46	0.524	2.539E-03	18	58	210	20225	20353	129	20192	20356
102493970	1	230	2.085E-58	3	20225	20761	464	119	0.810	2.215E-28	58	127	210	20406	20615	210	20391	20642
102493970	1	230	2.085E-58	3	20225	20761	466	70	0.978	7.097E-12	122	154	210	20663	20761	99	20609	20797
102690451	-1	296	2.826E-78	4	1857	32957	1119	55	0.719	1.761E-06	166	201	361	-32957	-32850	108	33002	32814
102690451	-1	296	2.826E-78	4	1857	32957	1682	113	0.793	1.351E-25	212	276	361	-9132	-8929	204	9135	8776
102690451	-1	296	2.826E-78	4	1857	32957	1792	61	0.859	3.461E-09	276	308	361	-3915	-3817	99	3915	3793
102690451	-1	296	2.826E-78	4	1857	32957	1837	75	0.684	1.998E-13	308	360	361	-2009	-1857	153	2060	1857
102762040	-1	91	1.453E-16	2	32856	33695	1104	51	0.529	2.365E-04	0	45	71	-33695	-33552	144	33857	33549
102762040	-1	91	1.453E-16	2	32856	33695	1119	40	0.716	2.398E-01	45	70	71	-32933	-32856	78	33002	32814
103003812	1	304	1.104E-80	5	20225	21039	456	38	0.449	1.120E+00	166	208	363	20225	20353	129	20192	20356
103003812	1	304	1.104E-80	5	20225	21039	464	108	0.733	1.579E-24	206	276	363	20400	20612	213	20391	20642
103003812	1	304	1.104E-80	5	20225	21039	466	68	0.952	3.483E-11	272	304	363	20663	20761	99	20609	20797
103003812	1	304	1.104E-80	5	20225	21039	468	38	0.593	6.812E+00	303	329	363	20814	20903	90	20646	20915
103003812	1	304	1.104E-80	5	20225	21039	469	62	0.820	2.081E-08	324	358	363	20935	21039	105	20794	21045
103004081	1	264	1.214E-68	4	20400	21039	464	109	0.738	8.376E-25	48	118	203	20400	20612	213	20391	20642
103004081	1	264	1.214E-68	4	20400	21039	466	67	0.931	1.244E-10	114	146	203	20663	20761	99	20609	20797
103004081	1	264	1.214E-68	4	20400	21039	468	37	0.582	1.283E+01	145	171	203	20814	20903	90	20646	20915
103004081	1	264	1.214E-68	4	20400	21039	469	60	0.795	1.019E-07	166	200	203	20935	21039	105	20794	21045
103004395	1	264	1.214E-68	4	20400	21039	464	109	0.738	8.376E-25	48	118	203	20400	20612	213	20391	20642
103004395	1	264	1.214E-68	4	20400	21039	466	67	0.931	1.244E-10	114	146	203	20663	20761	99	20609	20797
103004395	1	264	1.214E-68	4	20400	21039	468	37	0.582	1.283E+01	145	171	203	20814	20903	90	20646	20915
103004395	1	264	1.214E-68	4	20400	21039	469	60	0.800	7.414E-08	166	200	203	20935	21039	105	20794	21045
110642638	-1	571	4.656E-161	6	1857	33731	1104	124	0.967	6.496E-30	221	280	494	-33731	-33552	180	33857	33549
110642638	-1	571	4.656E-161	6	1857	33731	1119	52	0.799	2.261E-05	278	307	494	-32939	-32850	90	33002	32814
110642638	-1	571	4.656E-161	6	1857	33731	1569	105	0.938	4.709E-24	300	351	494	-13504	-13349	156	13510	13346
110642638	-1	571	4.656E-161	6	1857	33731	1682	127	0.955	2.121E-30	350	411	494	-9114	-8929	186	9135	8776
110642638	-1	571	4.656E-161	6	1857	33731	1792	64	0.895	3.718E-10	411	443	494	-3915	-3817	99	3915	3793
110642638	-1	571	4.656E-161	6	1857	33731	1837	106	0.961	4.831E-24	443	493	494	-2009	-1857	153	2060	1857
117110913	1	148	1.008E-33	2	20225	20612	456	41	0.468	1.186E-01	1	44	114	20225	20356	132	20192	20356
117110913	1	148	1.008E-33	2	20225	20612	464	109	0.752	4.444E-25	42	111	114	20403	20612	210	20391	20642
117413651	1	179	4.696E-43	5	20012	21039	452	40	0.680	2.415E-01	0	26	218	20012	20092	81	19988	20137
117413651	1	179	4.696E-43	5	20012	21039	456	44	0.561	9.136E-03	28	63	218	20231	20344	114	20192	20356
117413651	1	179	4.696E-43	5	20012	21039	466	59	0.828	7.264E-08	130	162	218	20663	20761	99	20609	20797
117413651	1	179	4.696E-43	5	20012	21039	468	40	0.815	1.399E+00	160	181	218	20811	20876	66	20646	20915
117413651	1	179	4.696E-43	5	20012	21039	469	59	0.786	1.923E-07	182	216	218	20935	21039	105	20794	21045
121719602	1	124	1.692E-26	3	20231	21039	456	44	0.523	1.258E-02	47	85	237	20231	20353	123	20192	20356
121719602	1	124	1.692E-26	3	20231	21039	466	61	0.578	1.477E-08	130	181	237	20621	20761	141	20609	20797
121719602	1	124	1.692E-26	3	20231	21039	469	63	0.594	8.024E-09	184	235	237	20902	21039	138	20794	21045
131082726	1	212	5.467E-53	3	20400	21039	464	110	0.745	3.237E-25	73	143	227	20400	20612	213	20391	20642
131082726	1	212	5.467E-53	3	20400	21039	466	61	0.836	1.074E-08	138	171	227	20660	20761	102	20609	20797
131082726	1	212	5.467E-53	3	20400	21039	469	64	0.844	4.251E-09	191	225	227	20935	21039	105	20794	21045
131428678	1	192	5.733E-47	3	20403	20876	464	104	0.721	2.735E-23	46	115	199	20403	20612	210	20391	20642
131428678	1	192	5.733E-47	3	20403	20876	466	59	0.823	9.991E-08	111	143	199	20663	20761	99	20609	20797
131428678	1	192	5.733E-47	3	20403	20876	468	39	0.697	1.920E+00	137	162	199	20799	20876	78	20646	20915
131739288	-1	125	8.460E-27	2	8929	13489	1569	61	0.628	9.910E-09	0	46	205	-13489	-13349	141	13510	13346
131739288	-1	125	8.460E-27	2	8929	13489	1682	64	0.530	1.353E-08	46	103	205	-9111	-8929	183	9135	8776
144666848	1	126	4.230E-27	3	20231	21039	456	44	0.523	1.258E-02	25	63	215	20231	20353	123	20192	20356
144666848	1	126	4.230E-27	3	20231	21039	466	63	0.597	2.184E-09	108	159	215	20621	20761	141	20609	20797
144666848	1	126	4.230E-27	3	20231	21039	469	63	0.594	8.024E-09	162	213	215	20902	21039	138	20794	21045
145656192	1	223	2.669E-56	4	20003	21039	452	35	0.553	1.143E+01	2	31	258	20003	20092	90	19988	20137
145656192	1	223	2.669E-56	4	20003	21039	456	47	0.526	9.722E-04	31	72	258	20225	20356	132	20192	20356
145656192	1	223	2.669E-56	4	20003	21039	464	105	0.708	1.451E-23	69	140	258	20400	20615	216	20391	20642
145656192	1	223	2.669E-56	4	20003	21039	469	63	0.591	1.102E-08	167	218	258	20902	21039	138	20794	21045
145660679	1	265	6.070E-69	4	20403	21039	464	112	0.769	4.836E-26	74	143	227	20403	20612	210	20391	20642
145660679	1	265	6.070E-69	4	20403	21039	466	63	0.880	3.003E-09	139	171	227	20663	20761	99	20609	20797
145660679	1	265	6.070E-69	4	20403	21039	468	36	0.637	3.313E+01	165	190	227	20799	20876	78	20646	20915
145660679	1	265	6.070E-69	4	20403	21039	469	62	0.820	2.081E-08	191	225	227	20935	21039	105	20794	21045
145874576	1	195	7.166E-48	3	20400	20876	464	108	0.727	1.150E-24	72	143	226	20400	20615	216	20391	20642
145874576	1	195	7.166E-48	3	20400	20876	466	61	0.826	2.031E-08	137	170	226	20660	20761	102	20609	20797
145874576	1	195	7.166E-48	3	20400	20876	468	34	0.713	8.551E+01	168	189	226	20811	20876	66	20646	20915
145972856	1	205	6.998E-51	3	20403	21045	464	106	0.730	7.699E-24	76	145	230	20403	20612	210	20391	20642
145972856	1	205	6.998E-51	3	20403	21045	466	62	0.864	7.809E-09	141	173	230	20663	20761	99	20609	20797
145972856	1	205	6.998E-51	3	20403	21045	469	59	0.753	1.400E-07	193	229	230	20935	21045	111	20794	21045
160215781	1	187	1.834E-45	3	20015	20612	452	33	0.597	4.146E+01	11	36	251	20015	20092	78	19988	20137
160215781	1	187	1.834E-45	3	20015	20612	456	44	0.495	1.258E-02	36	79	251	20225	20356	132	20192	20356
160215781	1	187	1.834E-45	3	20015	20612	464	112	0.766	6.639E-26	77	146	251	20403	20612	210	20391	20642
160305042	1	129	5.287E-28	4	20015	21042	452	40	0.703	2.415E-01	29	54	246	20015	20092	78	19988	20137
160305042	1	129	5.287E-28	4	20015	21042	456	50	0.567	7.532E-05	54	94	246	20225	20353	129	20192	20356
160305042	1	129	5.287E-28	4	20015	21042	466	58	0.791	1.890E-07	157	190	246	20660	20761	102	20609	20797
160305042	1	129	5.287E-28	4	20015	21042	469	59	0.762	2.642E-07	210	245	246	20935	21042	108	20794	21045
160898473	-1	122	6.768E-26	2	8929	13492	1569	64	0.642	1.065E-09	25	72	205	-13492	-13349	144	13510	13346
160898473	-1	122	6.768E-26	2	8929	13492	1682	58	0.486	2.079E-06	72	128	205	-9111	-8929	183	9135	8776
161036367	-1	162	6.155E-38	3	8962	33683	1104	49	0.535	1.572E-03	6	48	295	-33683	-33549	135	33857	33549
161036367	-1	162	6.155E-38	3	8962	33683	1569	73	0.657	5.117E-13	66	119	295	-13510	-13349	162	13510	13346
161036367	-1	162	6.155E-38	3	8962	33683	1682	57	0.554	3.898E-06	118	166	295	-9114	-8962	153	9135	8776
161170233	1	261	9.711E-68	4	20400	21039	464	109	0.738	8.376E-25	48	118	203	20400	20612	213	20391	20642
161170233	1	261	9.711E-68	4	20400	21039	466	65	0.905	6.111E-10	114	146	203	20663	20761	99	20609	20797
161170233	1	261	9.711E-68	4	20400	21039	468	36	0.576	1.760E+01	145	171	203	20814	20903	90	20646	20915
161170233	1	261	9.711E-68	4	20400	21039	469	60	0.800	7.414E-08	166	200	203	20935	21039	105	20794	21045
161170339	1	263	2.428E-68	4	20400	21039	464	109	0.738	8.376E-25	48	118	203	20400	20612	213	20391	20642
161170339	1	263	2.428E-68	4	20400	21039	466	67	0.931	1.244E-10	114	146	203	20663	20761	99	20609	20797
161170339	1	263	2.428E-68	4	20400	21039	468	36	0.576	1.760E+01	145	171	203	20814	20903	90	20646	20915
161170339	1	263	2.428E-68	4	20400	21039	469	60	0.800	7.414E-08	166	200	203	20935	21039	105	20794	21045
171449091	1	252	4.972E-65	4	20403	21039	464	108	0.745	1.150E-24	75	144	228	20403	20612	210	20391	20642
171449091	1	252	4.972E-65	4	20403	21039	466	57	0.786	2.600E-07	139	172	228	20660	20761	102	20609	20797
171449091	1	252	4.972E-65	4	20403	21039	468	35	0.630	4.545E+01	166	191	228	20799	20876	78	20646	20915
171449091	1	252	4.972E-65	4	20403	21039	469	61	0.810	3.928E-08	192	226	228	20935	21039	105	20794	21045
174724159	1	200	2.239E-49	3	20403	21039	464	106	0.730	7.699E-24	72	141	224	20403	20612	210	20391	20642
174724159	1	200	2.239E-49	3	20403	21039	466	57	0.802	3.576E-07	137	169	224	20663	20761	99	20609	20797
174724159	1	200	2.239E-49	3	20403	21039	469	59	0.786	1.923E-07	189	223	224	20935	21039	105	20794	21045
174764366	1	273	2.371E-71	4	20400	21039	464	109	0.732	6.101E-25	151	222	304	20400	20615	216	20391	20642
174764366	1	273	2.371E-71	4	20400	21039	466	66	0.896	2.352E-10	216	249	304	20660	20761	102	20609	20797
174764366	1	273	2.371E-71	4	20400	21039	468	41	0.847	3.940E-01	247	268	304	20811	20876	66	20646	20915
174764366	1	273	2.371E-71	4	20400	21039	469	63	0.830	1.102E-08	269	303	304	20935	21039	105	20794	21045
174811837	1	107	2.218E-21	1	20400	20612	464	107	0.729	2.975E-24	39	109	112	20400	20612	213	20391	20642
174832030	1	104	1.774E-20	1	20403	20612	464	104	0.718	3.755E-23	41	110	113	20403	20612	210	20391	20642
174839058	1	108	1.109E-21	1	20400	20615	464	108	0.727	1.150E-24	40	111	113	20400	20615	216	20391	20642
175270666	1	195	7.166E-48	3	20400	20903	464	104	0.712	2.735E-23	68	138	230	20400	20612	213	20391	20642
175270666	1	195	7.166E-48	3	20400	20903	466	60	0.838	3.841E-08	134	166	230	20663	20761	99	20609	20797
175270666	1	195	7.166E-48	3	20400	20903	468	37	0.572	9.348E+00	164	191	230	20811	20903	93	20646	20915
175279088	1	175	7.514E-42	3	20225	21039	456	54	0.610	2.244E-06	19	59	210	20225	20353	129	20192	20356
175279088	1	175	7.514E-42	3	20225	21039	464	107	0.726	4.085E-24	58	128	210	20403	20615	213	20391	20642
175279088	1	175	7.514E-42	3	20225	21039	469	59	0.791	1.400E-07	174	208	210	20935	21039	105	20794	21045
175646882	-1	202	5.598E-50	3	13346	33725	1104	91	0.750	3.133E-18	132	189	262	-33725	-33552	174	33857	33549
175646882	-1	202	5.598E-50	3	13346	33725	1119	37	0.462	4.286E+00	189	222	262	-32933	-32814	120	33002	32814
175646882	-1	202	5.598E-50	3	13346	33725	1569	87	0.776	1.035E-17	209	261	262	-13504	-13346	159	13510	13346
189307308	1	211	1.093E-52	3	20403	21039	464	108	0.736	1.150E-24	87	157	239	20403	20615	213	20391	20642
189307308	1	211	1.093E-52	3	20403	21039	466	62	0.894	5.679E-09	153	184	239	20666	20761	96	20609	20797
189307308	1	211	1.093E-52	3	20403	21039	469	63	0.839	5.840E-09	204	238	239	20935	21039	105	20794	21045
189568802	1	105	8.871E-21	1	20403	20612	464	105	0.723	1.992E-23	41	110	113	20403	20612	210	20391	20642
189605326	1	198	8.957E-49	3	20403	21039	464	103	0.714	7.079E-23	75	144	233	20403	20612	210	20391	20642
189605326	1	198	8.957E-49	3	20403	21039	466	59	0.811	5.282E-08	139	172	233	20660	20761	102	20609	20797
189605326	1	198	8.957E-49	3	20403	21039	469	59	0.786	1.923E-07	192	226	233	20935	21039	105	20794	21045
189689966	1	199	4.479E-49	3	20412	20876	464	104	0.789	2.735E-23	1	63	119	20412	20600	189	20391	20642
189689966	1	199	4.479E-49	3	20412	20876	466	64	0.920	1.155E-09	67	98	119	20666	20761	96	20609	20797
189689966	1	199	4.479E-49	3	20412	20876	468	35	0.729	4.545E+01	96	117	119	20811	20876	66	20646	20915
189826169	1	202	5.598E-50	3	20403	20876	464	103	0.781	7.079E-23	73	135	233	20403	20591	189	20391	20642
189826169	1	202	5.598E-50	3	20403	20876	466	57	0.761	3.576E-07	136	170	233	20657	20761	105	20609	20797
189826169	1	202	5.598E-50	3	20403	20876	468	42	0.892	2.870E-01	169	189	233	20814	20876	63	20646	20915
189879281	-1	61	1.561E-07	1	13349	13498	1569	61	0.594	1.363E-08	11	60	77	-13498	-13349	150	13510	13346
189953027	-1	123	3.384E-26	2	8929	13492	1569	65	0.653	4.095E-10	1	48	183	-13492	-13349	144	13510	13346
189953027	-1	123	3.384E-26	2	8929	13492	1682	58	0.489	1.518E-06	48	104	183	-9111	-8929	183	9135	8776
190001128	-1	136	4.131E-30	2	8947	13504	1569	67	0.630	6.059E-11	44	95	207	-13504	-13349	156	13510	13346
190001128	-1	136	4.131E-30	2	8947	13504	1682	69	0.617	2.252E-10	95	149	207	-9111	-8947	165	9135	8776
190019102	1	150	2.521E-34	2	20225	20612	456	46	0.532	1.339E-03	1	43	114	20225	20353	129	20192	20356
190019102	1	150	2.521E-34	2	20225	20612	464	106	0.722	7.699E-24	41	111	114	20400	20612	213	20391	20642
196048959	1	281	9.261E-74	4	20403	21039	464	111	0.823	1.251E-25	84	147	237	20403	20594	192	20391	20642
196048959	1	281	9.261E-74	4	20403	21039	466	63	0.856	3.003E-09	148	181	237	20660	20761	102	20609	20797
196048959	1	281	9.261E-74	4	20403	21039	468	39	0.800	2.635E+00	179	200	237	20811	20876	66	20646	20915
196048959	1	281	9.261E-74	4	20403	21039	469	67	0.883	3.350E-10	201	235	237	20935	21039	105	20794	21045
202802534	1	255	6.215E-66	4	20403	21039	464	111	0.759	1.718E-25	75	144	228	20403	20612	210	20391	20642
202802534	1	255	6.215E-66	4	20403	21039	466	57	0.786	2.600E-07	139	172	228	20660	20761	102	20609	20797
202802534	1	255	6.215E-66	4	20403	21039	468	35	0.630	4.545E+01	166	191	228	20799	20876	78	20646	20915
202802534	1	255	6.215E-66	4	20403	21039	469	61	0.810	3.928E-08	192	226	228	20935	21039	105	20794	21045
203916405	1	287	1.447E-75	5	20225	21039	456	48	0.551	2.705E-04	57	97	249	20225	20353	129	20192	20356
203916405	1	287	1.447E-75	5	20225	21039	464	102	0.700	1.334E-22	96	166	249	20403	20615	213	20391	20642
203916405	1	287	1.447E-75	5	20225	21039	466	58	0.796	1.374E-07	160	193	249	20660	20761	102	20609	20797
203916405	1	287	1.447E-75	5	20225	21039	468	36	0.570	2.415E+01	183	212	249	20787	20876	90	20646	20915
203916405	1	287	1.447E-75	5	20225	21039	469	57	0.766	6.853E-07	213	247	249	20935	21039	105	20794	21045
203966184	1	201	1.120E-49	3	20403	21039	464	104	0.718	3.755E-23	74	143	232	20403	20612	210	20391	20642
203966184	1	201	1.120E-49	3	20403	21039	466	61	0.836	1.074E-08	138	171	232	20660	20761	102	20609	20797
203966184	1	201	1.120E-49	3	20403	21039	469	59	0.791	1.400E-07	191	225	232	20935	21039	105	20794	21045
204154750	1	207	1.749E-51	3	20403	21039	464	109	0.747	8.376E-25	74	143	227	20403	20612	210	20391	20642
204154750	1	207	1.749E-51	3	20403	21039	466	61	0.836	1.074E-08	138	171	227	20660	20761	102	20609	20797
204154750	1	207	1.749E-51	3	20403	21039	469	60	0.800	7.414E-08	191	225	227	20935	21039	105	20794	21045
204303779	1	186	3.669E-45	4	20006	21039	452	38	0.599	8.724E-01	6	35	297	20006	20092	87	19988	20137
204303779	1	186	3.669E-45	4	20006	21039	464	104	0.710	3.755E-23	73	143	297	20400	20612	213	20391	20642
204303779	1	186	3.669E-45	4	20006	21039	468	36	0.737	3.313E+01	166	187	297	20811	20876	66	20646	20915
204303779	1	186	3.669E-45	4	20006	21039	469	63	0.834	8.024E-09	188	222	297	20935	21039	105	20794	21045
204564518	-1	220	2.136E-55	4	8947	33734	1104	58	0.555	8.008E-07	89	140	366	-33734	-33579	156	33857	33549
204564518	-1	220	2.136E-55	4	8947	33734	1119	42	0.521	4.839E-02	147	180	366	-32933	-32814	120	33002	32814
204564518	-1	220	2.136E-55	4	8947	33734	1569	66	0.623	1.145E-10	167	218	366	-13504	-13349	156	13510	13346
204564518	-1	220	2.136E-55	4	8947	33734	1682	71	0.629	6.382E-11	218	271	366	-9111	-8947	165	9135	8776
204652838	-1	108	1.109E-21	2	9028	13489	1569	57	0.592	2.404E-07	3	49	145	-13489	-13349	141	13510	13346
204652838	-1	108	1.109E-21	2	9028	13489	1682	51	0.843	3.159E-04	49	76	145	-9111	-9028	84	9135	8776
204660705	1	112	6.930E-23	1	20403	20612	464	112	0.766	6.639E-26	42	111	114	20403	20612	210	20391	20642
214044593	1	270	1.897E-70	4	20403	21039	464	103	0.771	7.079E-23	68	131	221	20403	20594	192	20391	20642
214044593	1	270	1.897E-70	4	20403	21039	466	62	0.841	7.809E-09	132	165	221	20660	20761	102	20609	20797
214044593	1	270	1.897E-70	4	20403	21039	468	41	0.839	5.409E-01	163	184	221	20811	20876	66	20646	20915
214044593	1	270	1.897E-70	4	20403	21039	469	63	0.834	8.024E-09	185	219	221	20935	21039	105	20794	21045
218331057	1	253	2.486E-65	4	20400	21039	464	106	0.719	1.057E-23	72	142	226	20400	20612	213	20391	20642
218331057	1	253	2.486E-65	4	20400	21039	466	58	0.791	1.890E-07	137	170	226	20660	20761	102	20609	20797
218331057	1	253	2.486E-65	4	20400	21039	468	36	0.644	2.415E+01	164	189	226	20799	20876	78	20646	20915
218331057	1	253	2.486E-65	4	20400	21039	469	62	0.820	2.081E-08	190	224	226	20935	21039	105	20794	21045
218383584	1	203	2.799E-50	3	20403	21039	464	105	0.726	1.451E-23	75	144	228	20403	20612	210	20391	20642
218383584	1	203	2.799E-50	3	20403	21039	466	60	0.821	2.793E-08	139	172	228	20660	20761	102	20609	20797
218383584	1	203	2.799E-50	3	20403	21039	469	61	0.805	5.396E-08	192	226	228	20935	21039	105	20794	21045
218755296	1	185	7.338E-45	3	20015	20612	452	34	0.617	1.577E+01	11	36	251	20015	20092	78	19988	20137
218755296	1	185	7.338E-45	3	20015	20612	456	44	0.503	6.633E-03	36	79	251	20225	20356	132	20192	20356
218755296	1	185	7.338E-45	3	20015	20612	464	109	0.747	8.376E-25	77	146	251	20403	20612	210	20391	20642
218760896	1	199	4.479E-49	3	20400	21039	464	104	0.712	2.735E-23	76	146	231	20400	20612	213	20391	20642
218760896	1	199	4.479E-49	3	20400	21039	466	58	0.791	1.890E-07	141	174	231	20660	20761	102	20609	20797
218760896	1	199	4.479E-49	3	20400	21039	469	60	0.800	7.414E-08	194	228	231	20935	21039	105	20794	21045
218852919	1	106	4.435E-21	1	20403	20612	464	106	0.733	5.608E-24	41	110	113	20403	20612	210	20391	20642
218902264	1	175	7.514E-42	3	20225	21039	456	54	0.610	2.244E-06	19	59	210	20225	20353	129	20192	20356
218902264	1	175	7.514E-42	3	20225	21039	464	107	0.726	4.085E-24	58	128	210	20403	20615	213	20391	20642
218902264	1	175	7.514E-42	3	20225	21039	469	59	0.791	1.400E-07	174	208	210	20935	21039	105	20794	21045
219061461	1	101	1.419E-19	2	20663	20876	466	65	0.905	6.111E-10	14	46	103	20663	20761	99	20609	20797
219061461	1	101	1.419E-19	2	20663	20876	468	37	0.793	1.283E+01	45	65	103	20814	20876	63	20646	20915
233160664	1	160	2.462E-37	2	20231	20612	456	57	0.660	3.308E-07	7	45	122	20231	20353	123	20192	20356
233160664	1	160	2.462E-37	2	20231	20612	464	104	0.716	5.156E-23	44	113	122	20403	20612	210	20391	20642
233193979	1	104	1.774E-20	1	20403	20612	464	104	0.718	3.755E-23	40	109	112	20403	20612	210	20391	20642
233361924	1	309	3.450E-82	5	20225	21039	456	46	0.518	1.844E-03	169	210	364	20225	20356	132	20192	20356
233361924	1	309	3.450E-82	5	20225	21039	464	106	0.781	5.608E-24	207	271	364	20400	20594	195	20391	20642
233361924	1	309	3.450E-82	5	20225	21039	466	64	0.920	1.155E-09	277	308	364	20666	20761	96	20609	20797
233361924	1	309	3.450E-82	5	20225	21039	468	36	0.744	2.415E+01	306	327	364	20811	20876	66	20646	20915
233361924	1	309	3.450E-82	5	20225	21039	469	63	0.839	5.840E-09	328	362	364	20935	21039	105	20794	21045
233619984	-1	196	3.583E-48	3	13346	33725	1104	87	0.724	5.410E-17	98	155	228	-33725	-33552	174	33857	33549
233619984	-1	196	3.583E-48	3	13346	33725	1119	37	0.462	4.286E+00	155	188	228	-32933	-32814	120	33002	32814
233619984	-1	196	3.583E-48	3	13346	33725	1569	85	0.763	3.688E-17	175	227	228	-13504	-13346	159	13510	13346
233846682	1	176	3.757E-42	3	20225	21039	456	60	0.670	1.875E-08	96	136	287	20225	20353	129	20192	20356
233846682	1	176	3.757E-42	3	20225	21039	464	105	0.708	1.451E-23	134	205	287	20400	20615	216	20391	20642
233846682	1	176	3.757E-42	3	20225	21039	469	57	0.766	6.853E-07	251	285	287	20935	21039	105	20794	21045
233878324	1	261	9.711E-68	4	20400	21039	464	106	0.719	1.057E-23	48	118	203	20400	20612	213	20391	20642
233878324	1	261	9.711E-68	4	20400	21039	466	67	0.931	1.244E-10	114	146	203	20663	20761	99	20609	20797
233878324	1	261	9.711E-68	4	20400	21039	468	37	0.582	1.283E+01	145	171	203	20814	20903	90	20646	20915
233878324	1	261	9.711E-68	4	20400	21039	469	60	0.800	7.414E-08	166	200	203	20935	21039	105	20794	21045
247554478	1	220	2.136E-55	3	20400	21033	464	102	0.692	1.334E-22	68	139	219	20400	20615	216	20391	20642
247554478	1	220	2.136E-55	3	20400	21033	466	64	0.976	1.155E-09	134	163	219	20663	20752	90	20609	20797
247554478	1	220	2.136E-55	3	20400	21033	469	58	0.531	3.630E-07	164	218	219	20887	21033	147	20794	21045
247698582	1	316	2.695E-84	5	20225	21039	456	46	0.532	1.339E-03	169	210	362	20225	20353	129	20192	20356
247698582	1	316	2.695E-84	5	20225	21039	464	120	0.797	8.566E-29	208	279	362	20400	20615	216	20391	20642
247698582	1	316	2.695E-84	5	20225	21039	466	61	0.836	1.074E-08	273	306	362	20660	20761	102	20609	20797
247698582	1	316	2.695E-84	5	20225	21039	468	41	0.730	3.940E-01	300	325	362	20799	20876	78	20646	20915
247698582	1	316	2.695E-84	5	20225	21039	469	59	0.791	1.400E-07	326	360	362	20935	21039	105	20794	21045
247978394	1	198	8.957E-49	3	20403	20876	464	102	0.773	1.832E-22	71	133	231	20403	20591	189	20391	20642
247978394	1	198	8.957E-49	3	20403	20876	466	60	0.795	3.841E-08	134	168	231	20657	20761	105	20609	20797
247978394	1	198	8.957E-49	3	20403	20876	468	37	0.768	9.348E+00	166	187	231	20811	20876	66	20646	20915
256598776	1	253	2.486E-65	4	20403	21039	464	109	0.752	4.444E-25	75	144	228	20403	20612	210	20391	20642
256598776	1	253	2.486E-65	4	20403	21039	466	57	0.786	2.600E-07	139	172	228	20660	20761	102	20609	20797
256598776	1	253	2.486E-65	4	20403	21039	468	35	0.630	4.545E+01	166	191	228	20799	20876	78	20646	20915
256598776	1	253	2.486E-65	4	20403	21039	469	61	0.810	3.928E-08	192	226	228	20935	21039	105	20794	21045
257781383	1	201	1.120E-49	3	20400	21039	464	106	0.719	1.057E-23	75	145	230	20400	20612	213	20391	20642
257781383	1	201	1.120E-49	3	20400	21039	466	59	0.811	5.282E-08	140	173	230	20660	20761	102	20609	20797
257781383	1	201	1.120E-49	3	20400	21039	469	59	0.791	1.400E-07	193	227	230	20935	21039	105	20794	21045
262194244	1	129	5.287E-28	2	20403	21039	464	103	0.714	7.079E-23	48	117	218	20403	20612	210	20391	20642
262194244	1	129	5.287E-28	2	20403	21039	469	65	0.747	1.639E-09	158	198	218	20920	21039	120	20794	21045
262281244	1	210	2.187E-52	3	20400	21039	464	108	0.736	1.150E-24	74	144	233	20400	20612	213	20391	20642
262281244	1	210	2.187E-52	3	20400	21039	466	61	0.848	2.031E-08	140	172	233	20663	20761	99	20609	20797
262281244	1	210	2.187E-52	3	20400	21039	469	63	0.834	8.024E-09	192	226	233	20935	21039	105	20794	21045
262667985	1	104	1.774E-20	1	20403	20612	464	104	0.716	5.156E-23	42	111	114	20403	20612	210	20391	20642
270371824	1	254	1.243E-65	4	20403	21039	464	104	0.710	3.755E-23	75	145	228	20403	20615	213	20391	20642
270371824	1	254	1.243E-65	4	20403	21039	466	61	0.826	2.031E-08	139	172	228	20660	20761	102	20609	20797
270371824	1	254	1.243E-65	4	20403	21039	468	36	0.752	1.760E+01	170	191	228	20811	20876	66	20646	20915
270371824	1	254	1.243E-65	4	20403	21039	469	59	0.791	1.400E-07	192	226	228	20935	21039	105	20794	21045
272315848	1	214	1.367E-53	4	20006	20876	452	38	0.605	6.327E-01	1	30	223	20006	20092	87	19988	20137
272315848	1	214	1.367E-53	4	20006	20876	456	47	0.539	7.061E-04	30	72	223	20225	20353	129	20192	20356
272315848	1	214	1.367E-53	4	20006	20876	464	114	0.760	1.362E-26	70	141	223	20400	20615	216	20391	20642
272315848	1	214	1.367E-53	4	20006	20876	468	40	0.823	1.019E+00	167	188	223	20811	20876	66	20646	20915
276677665	1	254	1.243E-65	4	20400	21039	464	108	0.731	2.167E-24	76	146	306	20400	20612	213	20391	20642
276677665	1	254	1.243E-65	4	20400	21039	466	56	0.792	6.765E-07	142	174	306	20663	20761	99	20609	20797
276677665	1	254	1.243E-65	4	20400	21039	468	35	0.729	4.545E+01	172	193	306	20811	20876	66	20646	20915
276677665	1	254	1.243E-65	4	20400	21039	469	59	0.791	1.400E-07	194	228	306	20935	21039	105	20794	21045
276824222	1	207	1.749E-51	3	20403	21039	464	104	0.721	2.735E-23	60	129	216	20403	20612	210	20391	20642
276824222	1	207	1.749E-51	3	20403	21039	466	60	0.838	3.841E-08	125	157	216	20663	20761	99	20609	20797
276824222	1	207	1.749E-51	3	20403	21039	469	65	0.859	1.639E-09	177	211	216	20935	21039	105	20794	21045
276937126	1	104	1.774E-20	1	20403	20612	464	104	0.716	5.156E-23	43	112	115	20403	20612	210	20391	20642
283356773	1	203	2.799E-50	3	20400	21039	464	106	0.719	1.057E-23	75	145	230	20400	20612	213	20391	20642
283356773	1	203	2.799E-50	3	20400	21039	466	61	0.826	2.031E-08	140	173	230	20660	20761	102	20609	20797
283356773	1	203	2.799E-50	3	20400	21039	469	59	0.791	1.400E-07	193	227	230	20935	21039	105	20794	21045
284043565	1	200	2.239E-49	3	20400	21039	464	108	0.731	2.167E-24	76	146	231	20400	20612	213	20391	20642
284043565	1	200	2.239E-49	3	20400	21039	466	57	0.776	4.918E-07	141	174	231	20660	20761	102	20609	20797
284043565	1	200	2.239E-49	3	20400	21039	469	58	0.776	3.630E-07	194	228	231	20935	21039	105	20794	21045
291298428	1	202	5.598E-50	3	20403	21039	464	107	0.735	4.085E-24	73	142	225	20403	20612	210	20391	20642
291298428	1	202	5.598E-50	3	20403	21039	466	58	0.812	1.890E-07	138	170	225	20663	20761	99	20609	20797
291298428	1	202	5.598E-50	3	20403	21039	469	59	0.781	2.642E-07	190	224	225	20935	21039	105	20794	21045
291332362	1	206	3.499E-51	4	20015	21039	452	40	0.710	1.752E-01	8	33	226	20015	20092	78	19988	20137
291332362	1	206	3.499E-51	4	20015	21039	464	104	0.718	3.755E-23	73	142	226	20403	20612	210	20391	20642
291332362	1	206	3.499E-51	4	20015	21039	466	61	0.826	2.031E-08	137	170	226	20660	20761	102	20609	20797
291332362	1	206	3.499E-51	4	20015	21039	469	61	0.810	3.928E-08	190	224	226	20935	21039	105	20794	21045
291601699	1	266	3.035E-69	4	20403	21039	464	106	0.728	1.057E-23	69	138	225	20403	20612	210	20391	20642
291601699	1	266	3.035E-69	4	20403	21039	466	67	0.936	9.050E-11	134	166	225	20663	20761	99	20609	20797
291601699	1	266	3.035E-69	4	20403	21039	468	40	0.622	1.399E+00	165	191	225	20814	20903	90	20646	20915
291601699	1	266	3.035E-69	4	20403	21039	469	62	0.825	1.514E-08	186	220	225	20935	21039	105	20794	21045
297784725	1	253	2.486E-65	4	20403	21039	464	109	0.752	4.444E-25	75	144	228	20403	20612	210	20391	20642
297784725	1	253	2.486E-65	4	20403	21039	466	57	0.786	2.600E-07	139	172	228	20660	20761	102	20609	20797
297784725	1	253	2.486E-65	4	20403	21039	468	35	0.630	4.545E+01	166	191	228	20799	20876	78	20646	20915
297784725	1	253	2.486E-65	4	20403	21039	469	61	0.810	3.928E-08	192	226	228	20935	21039	105	20794	21045
301576561	1	325	5.265E-87	5	20012	21039	452	37	0.617	2.288E+00	16	43	241	20012	20092	81	19988	20137
301576561	1	325	5.265E-87	5	20012	21039	456	68	0.730	4.407E-11	43	84	241	20225	20356	132	20192	20356
301576561	1	325	5.265E-87	5	20012	21039	464	123	0.834	9.329E-30	82	151	241	20403	20612	210	20391	20642
301576561	1	325	5.265E-87	5	20012	21039	466	64	0.866	1.589E-09	146	179	241	20660	20761	102	20609	20797
301576561	1	325	5.265E-87	5	20012	21039	469	56	0.752	1.778E-06	199	233	241	20935	21039	105	20794	21045
303395484	-1	182	5.870E-44	4	8929	33728	1104	46	0.476	1.431E-02	102	149	363	-33728	-33582	147	33857	33549
303395484	-1	182	5.870E-44	4	8929	33728	1119	37	0.505	3.110E+00	166	195	363	-32921	-32814	108	33002	32814
303395484	-1	182	5.870E-44	4	8929	33728	1569	64	0.604	7.744E-10	182	233	363	-13504	-13349	156	13510	13346
303395484	-1	182	5.870E-44	4	8929	33728	1682	62	0.514	8.948E-08	233	289	363	-9111	-8929	183	9135	8776
303949988	-1	225	6.674E-57	4	8962	33644	1104	47	0.704	7.614E-03	0	30	209	-33644	-33552	93	33857	33549
303949988	-1	225	6.674E-57	4	8962	33644	1119	37	0.466	3.110E+00	30	63	209	-32933	-32814	120	33002	32814
303949988	-1	225	6.674E-57	4	8962	33644	1569	83	0.760	1.807E-16	50	101	209	-13504	-13349	156	13510	13346
303949988	-1	225	6.674E-57	4	8962	33644	1682	70	0.678	8.748E-11	101	147	209	-9111	-8962	150	9135	8776
305626437	1	196	3.583E-48	3	20403	21039	464	103	0.714	7.079E-23	73	142	226	20403	20612	210	20391	20642
305626437	1	196	3.583E-48	3	20403	21039	466	57	0.807	2.600E-07	138	170	226	20663	20761	99	20609	20797
305626437	1	196	3.583E-48	3	20403	21039	469	58	0.776	3.630E-07	190	224	226	20935	21039	105	20794	21045
305658652	1	203	2.799E-50	3	20400	20876	464	110	0.745	3.237E-25	73	143	227	20400	20612	213	20391	20642
305658652	1	203	2.799E-50	3	20400	20876	466	66	0.901	1.710E-10	138	171	227	20660	20761	102	20609	20797
305658652	1	203	2.799E-50	3	20400	20876	468	38	0.677	4.964E+00	165	190	227	20799	20876	78	20646	20915
305871205	1	208	8.747E-52	3	20403	21039	464	111	0.762	1.251E-25	74	143	227	20403	20612	210	20391	20642
305871205	1	208	8.747E-52	3	20403	21039	466	61	0.826	2.031E-08	138	171	227	20660	20761	102	20609	20797
305871205	1	208	8.747E-52	3	20403	21039	469	59	0.791	1.400E-07	191	225	227	20935	21039	105	20794	21045
305930434	1	123	3.384E-26	3	20009	21039	452	40	0.640	2.415E-01	5	33	225	20009	20092	84	19988	20137
305930434	1	123	3.384E-26	3	20009	21039	464	102	0.698	1.832E-22	71	141	225	20400	20612	213	20391	20642
305930434	1	123	3.384E-26	3	20009	21039	469	63	0.834	8.024E-09	189	223	225	20935	21039	105	20794	21045
305951121	1	200	2.239E-49	3	20403	21039	464	105	0.726	1.451E-23	75	144	233	20403	20612	210	20391	20642
305951121	1	200	2.239E-49	3	20403	21039	466	60	0.821	2.793E-08	139	172	233	20660	20761	102	20609	20797
305951121	1	200	2.239E-49	3	20403	21039	469	58	0.771	4.988E-07	192	226	233	20935	21039	105	20794	21045
305998288	1	106	4.435E-21	1	20403	20612	464	106	0.728	1.057E-23	43	112	115	20403	20612	210	20391	20642
306048265	1	207	1.749E-51	3	20400	21039	464	111	0.752	1.251E-25	73	143	227	20400	20612	213	20391	20642
306048265	1	207	1.749E-51	3	20400	21039	466	61	0.826	2.031E-08	138	171	227	20660	20761	102	20609	20797
306048265	1	207	1.749E-51	3	20400	21039	469	58	0.771	4.988E-07	191	225	227	20935	21039	105	20794	21045
306113209	1	177	1.878E-42	3	20015	20612	452	33	0.597	4.146E+01	10	35	250	20015	20092	78	19988	20137
306113209	1	177	1.878E-42	3	20015	20612	456	38	0.445	8.127E-01	35	78	250	20225	20356	132	20192	20356
306113209	1	177	1.878E-42	3	20015	20612	464	108	0.740	2.167E-24	76	145	250	20403	20612	210	20391	20642
306144789	1	258	7.769E-67	4	20400	21039	464	103	0.703	9.719E-23	68	138	228	20400	20612	213	20391	20642
306144789	1	258	7.769E-67	4	20400	21039	466	63	0.851	4.130E-09	133	166	228	20660	20761	102	20609	20797
306144789	1	258	7.769E-67	4	20400	21039	468	39	0.800	2.635E+00	164	185	228	20811	20876	66	20646	20915
306144789	1	258	7.769E-67	4	20400	21039	469	58	0.771	4.988E-07	186	220	228	20935	21039	105	20794	21045
306300983	-1	169	4.809E-40	3	8962	33818	1104	67	0.408	7.607E-10	81	158	365	-33818	-33549	270	33857	33549
306300983	-1	169	4.809E-40	3	8962	33818	1569	61	0.560	9.910E-09	176	229	365	-13510	-13349	162	13510	13346
306300983	-1	169	4.809E-40	3	8962	33818	1682	57	0.566	2.846E-06	229	275	365	-9111	-8962	150	9135	8776
306552061	1	240	2.037E-61	4	20225	21039	456	43	0.496	2.388E-02	73	113	264	20225	20353	129	20192	20356
306552061	1	240	2.037E-61	4	20225	21039	464	109	0.738	8.376E-25	112	182	264	20403	20615	213	20391	20642
306552061	1	240	2.037E-61	4	20225	21039	468	40	0.523	1.399E+00	194	227	264	20766	20876	111	20646	20915
306552061	1	240	2.037E-61	4	20225	21039	469	57	0.757	1.294E-06	228	262	264	20935	21039	105	20794	21045
306609676	-1	190	2.293E-46	4	8950	33728	1104	51	0.451	2.365E-04	101	156	368	-33728	-33552	177	33857	33549
306609676	-1	190	2.293E-46	4	8950	33728	1119	36	0.492	8.139E+00	166	195	368	-32921	-32814	108	33002	32814
306609676	-1	190	2.293E-46	4	8950	33728	1569	63	0.591	2.770E-09	182	233	368	-13504	-13349	156	13510	13346
306609676	-1	190	2.293E-46	4	8950	33728	1682	60	0.554	3.150E-07	233	283	368	-9111	-8950	162	9135	8776
320118937	1	253	2.486E-65	4	20400	21039	464	106	0.719	1.057E-23	72	142	226	20400	20612	213	20391	20642
320118937	1	253	2.486E-65	4	20400	21039	466	58	0.791	1.890E-07	137	170	226	20660	20761	102	20609	20797
320118937	1	253	2.486E-65	4	20400	21039	468	36	0.644	2.415E+01	164	189	226	20799	20876	78	20646	20915
320118937	1	253	2.486E-65	4	20400	21039	469	62	0.820	2.081E-08	190	224	226	20935	21039	105	20794	21045
320569319	1	190	2.293E-46	4	20006	21039	452	39	0.616	3.329E-01	6	35	293	20006	20092	87	19988	20137
320569319	1	190	2.293E-46	4	20006	21039	464	105	0.717	1.451E-23	73	143	293	20400	20612	213	20391	20642
320569319	1	190	2.293E-46	4	20006	21039	468	38	0.776	6.812E+00	166	187	293	20811	20876	66	20646	20915
320569319	1	190	2.293E-46	4	20006	21039	469	63	0.834	8.024E-09	188	222	293	20935	21039	105	20794	21045
321048133	-1	123	3.384E-26	2	8950	13498	1569	63	0.610	2.770E-09	14	63	198	-13498	-13349	150	13510	13346
321048133	-1	123	3.384E-26	2	8950	13498	1682	60	0.551	4.315E-07	63	113	198	-9111	-8950	162	9135	8776
321128310	1	112	6.930E-23	1	20403	20612	464	112	0.766	6.639E-26	42	111	114	20403	20612	210	20391	20642
328438202	-1	167	1.924E-39	3	8839	33734	1104	59	0.537	4.254E-07	142	196	385	-33734	-33573	162	33857	33549
328438202	-1	167	1.924E-39	3	8839	33734	1569	69	0.643	1.696E-11	222	273	385	-13504	-13349	156	13510	13346
328438202	-1	167	1.924E-39	3	8839	33734	1682	63	0.366	3.480E-08	273	370	385	-9111	-8839	273	9135	8776
330936163	1	319	3.369E-85	5	20231	21039	456	40	0.490	1.634E-01	47	85	237	20231	20353	123	20192	20356
330936163	1	319	3.369E-85	5	20231	21039	464	108	0.740	2.167E-24	84	153	237	20403	20612	210	20391	20642
330936163	1	319	3.369E-85	5	20231	21039	466	66	0.896	2.352E-10	148	181	237	20660	20761	102	20609	20797
330936163	1	319	3.369E-85	5	20231	21039	468	40	0.831	7.424E-01	179	200	237	20811	20876	66	20646	20915
330936163	1	319	3.369E-85	5	20231	21039	469	70	0.927	1.923E-11	201	235	237	20935	21039	105	20794	21045
333162494	-1	182	5.870E-44	4	8929	33728	1104	46	0.476	1.431E-02	40	87	301	-33728	-33582	147	33857	33549
333162494	-1	182	5.870E-44	4	8929	33728	1119	37	0.505	3.110E+00	104	133	301	-32921	-32814	108	33002	32814
333162494	-1	182	5.870E-44	4	8929	33728	1569	64	0.604	7.744E-10	120	171	301	-13504	-13349	156	13510	13346
333162494	-1	182	5.870E-44	4	8929	33728	1682	62	0.514	8.948E-08	171	227	301	-9111	-8929	183	9135	8776
334694323	1	261	9.711E-68	4	20400	21039	464	111	0.743	1.251E-25	72	143	226	20400	20615	216	20391	20642
334694323	1	261	9.711E-68	4	20400	21039	466	61	0.831	1.477E-08	137	170	226	20660	20761	102	20609	20797
334694323	1	261	9.711E-68	4	20400	21039	468	34	0.713	8.551E+01	168	189	226	20811	20876	66	20646	20915
334694323	1	261	9.711E-68	4	20400	21039	469	61	0.810	3.928E-08	190	224	226	20935	21039	105	20794	21045
334812940	1	111	1.386E-22	1	20400	20612	464	111	0.752	1.251E-25	40	110	113	20400	20612	213	20391	20642
334879219	1	114	1.733E-23	1	20403	20615	464	114	0.771	9.919E-27	41	111	113	20403	20615	213	20391	20642
335044516	1	201	1.120E-49	3	20403	21039	464	106	0.728	1.057E-23	73	142	231	20403	20612	210	20391	20642
335044516	1	201	1.120E-49	3	20403	21039	466	59	0.811	5.282E-08	137	170	231	20660	20761	102	20609	20797
335044516	1	201	1.120E-49	3	20403	21039	469	59	0.791	1.400E-07	190	224	231	20935	21039	105	20794	21045
335344175	1	109	5.544E-22	1	20400	20612	464	109	0.741	6.101E-25	40	110	113	20400	20612	213	20391	20642
335393112	1	101	1.419E-19	2	20663	20876	466	65	0.905	6.111E-10	5	37	94	20663	20761	99	20609	20797
335393112	1	101	1.419E-19	2	20663	20876	468	37	0.793	1.283E+01	36	56	94	20814	20876	63	20646	20915
335402091	1	56	4.994E-06	1	24436	24555	549	56	0.652	4.602E-07	26	66	78	24436	24555	120	24418	24564
335402870	1	280	1.852E-73	4	20012	20761	452	34	0.591	2.176E+01	5	31	224	20012	20092	81	19988	20137
335402870	1	280	1.852E-73	4	20012	20761	456	65	0.703	4.095E-10	31	72	224	20225	20356	132	20192	20356
335402870	1	280	1.852E-73	4	20012	20761	464	121	0.809	6.240E-29	70	140	224	20403	20615	213	20391	20642
335402870	1	280	1.852E-73	4	20012	20761	466	67	0.906	1.244E-10	134	167	224	20660	20761	102	20609	20797
335435755	1	147	2.017E-33	2	20225	20612	456	45	0.520	3.497E-03	1	43	114	20225	20353	129	20192	20356
335435755	1	147	2.017E-33	2	20225	20612	464	104	0.707	5.156E-23	41	111	114	20400	20612	213	20391	20642
335669239	1	265	6.070E-69	4	20403	21039	464	109	0.752	4.444E-25	69	138	225	20403	20612	210	20391	20642
335669239	1	265	6.070E-69	4	20403	21039	466	68	0.952	3.483E-11	134	166	225	20663	20761	99	20609	20797
335669239	1	265	6.070E-69	4	20403	21039	468	36	0.570	2.415E+01	165	191	225	20814	20903	90	20646	20915
335669239	1	265	6.070E-69	4	20403	21039	469	61	0.805	5.396E-08	186	220	225	20935	21039	105	20794	21045
345985433	1	253	2.486E-65	4	20403	21039	464	109	0.752	4.444E-25	75	144	228	20403	20612	210	20391	20642
345985433	1	253	2.486E-65	4	20403	21039	466	57	0.786	2.600E-07	139	172	228	20660	20761	102	20609	20797
345985433	1	253	2.486E-65	4	20403	21039	468	35	0.630	4.545E+01	166	191	228	20799	20876	78	20646	20915
345985433	1	253	2.486E-65	4	20403	21039	469	61	0.810	3.928E-08	192	226	228	20935	21039	105	20794	21045
349389368	1	103	3.548E-20	1	20403	20612	464	103	0.714	7.079E-23	40	109	112	20403	20612	210	20391	20642
349617177	1	180	2.348E-43	3	20015	20612	452	33	0.597	4.146E+01	10	35	250	20015	20092	78	19988	20137
349617177	1	180	2.348E-43	3	20015	20612	456	40	0.464	1.634E-01	35	78	250	20225	20356	132	20192	20356
349617177	1	180	2.348E-43	3	20015	20612	464	109	0.752	4.444E-25	76	145	250	20403	20612	210	20391	20642
349708029	1	249	3.978E-64	4	20403	21039	464	110	0.757	2.358E-25	74	143	232	20403	20612	210	20391	20642
349708029	1	249	3.978E-64	4	20403	21039	466	59	0.811	5.282E-08	138	171	232	20660	20761	102	20609	20797
349708029	1	249	3.978E-64	4	20403	21039	468	35	0.494	4.545E+01	165	196	232	20799	20903	105	20646	20915
349708029	1	249	3.978E-64	4	20403	21039	469	60	0.800	7.414E-08	191	225	232	20935	21039	105	20794	21045
349783853	1	264	1.214E-68	4	20400	21039	464	109	0.738	8.376E-25	67	137	224	20400	20612	213	20391	20642
349783853	1	264	1.214E-68	4	20400	21039	466	67	0.931	1.244E-10	133	165	224	20663	20761	99	20609	20797
349783853	1	264	1.214E-68	4	20400	21039	468	37	0.582	1.283E+01	164	190	224	20814	20903	90	20646	20915
349783853	1	264	1.214E-68	4	20400	21039	469	60	0.800	7.414E-08	185	219	224	20935	21039	105	20794	21045
349898166	1	65	9.753E-09	1	24436	24564	549	65	0.721	2.186E-10	19	59	60	24436	24564	129	24418	24564
350164833	-1	175	7.514E-42	3	8971	33728	1104	62	0.530	3.388E-08	25	82	269	-33728	-33552	177	33857	33549
350164833	-1	175	7.514E-42	3	8971	33728	1569	68	0.640	2.331E-11	103	154	269	-13504	-13349	156	13510	13346
350164833	-1	175	7.514E-42	3	8971	33728	1682	64	0.654	1.854E-08	154	200	269	-9111	-8971	141	9135	8776
362382482	1	213	2.733E-53	3	20403	21039	464	112	0.757	6.639E-26	74	144	227	20403	20615	213	20391	20642
362382482	1	213	2.733E-53	3	20403	21039	466	66	0.896	2.352E-10	138	171	227	20660	20761	102	20609	20797
362382482	1	213	2.733E-53	3	20403	21039	469	59	0.791	1.400E-07	191	225	227	20935	21039	105	20794	21045
363810379	1	197	1.791E-48	3	20403	21039	464	102	0.706	1.832E-22	76	145	248	20403	20612	210	20391	20642
363810379	1	197	1.791E-48	3	20403	21039	466	58	0.817	1.374E-07	141	173	248	20663	20761	99	20609	20797
363810379	1	197	1.791E-48	3	20403	21039	469	59	0.791	1.400E-07	193	227	248	20935	21039	105	20794	21045
363969132	1	178	9.392E-43	3	20403	21039	464	106	0.733	5.608E-24	73	142	227	20403	20612	210	20391	20642
363969132	1	178	9.392E-43	3	20403	21039	468	42	0.632	2.870E-01	169	196	227	20811	20903	93	20646	20915
363969132	1	178	9.392E-43	3	20403	21039	469	60	0.795	1.019E-07	191	225	227	20935	21039	105	20794	21045
363988550	1	115	8.663E-24	1	20400	20615	464	115	0.764	7.226E-27	40	111	113	20400	20615	216	20391	20642
364033396	1	103	3.548E-20	1	20403	20612	464	103	0.714	7.079E-23	45	114	123	20403	20612	210	20391	20642
364049670	1	197	1.791E-48	3	20403	21039	464	101	0.702	3.453E-22	75	144	228	20403	20612	210	20391	20642
364049670	1	197	1.791E-48	3	20403	21039	466	59	0.806	7.264E-08	139	172	228	20660	20761	102	20609	20797
364049670	1	197	1.791E-48	3	20403	21039	469	60	0.795	1.019E-07	192	226	228	20935	21039	105	20794	21045
364114483	1	210	2.187E-52	3	20403	21039	464	111	0.762	1.251E-25	75	144	233	20403	20612	210	20391	20642
364114483	1	210	2.187E-52	3	20403	21039	466	61	0.826	2.031E-08	139	172	233	20660	20761	102	20609	20797
364114483	1	210	2.187E-52	3	20403	21039	469	61	0.810	3.928E-08	192	226	233	20935	21039	105	20794	21045
364428234	1	260	1.942E-67	4	20403	21039	464	106	0.728	1.057E-23	50	119	204	20403	20612	210	20391	20642
364428234	1	260	1.942E-67	4	20403	21039	466	67	0.936	9.050E-11	115	147	204	20663	20761	99	20609	20797
364428234	1	260	1.942E-67	4	20403	21039	468	40	0.570	7.424E-01	146	176	204	20814	20915	102	20646	20915
364428234	1	260	1.942E-67	4	20403	21039	469	60	0.800	7.414E-08	167	201	204	20935	21039	105	20794	21045
364439326	1	132	6.609E-29	2	20006	20594	452	42	0.675	3.523E-02	0	28	125	20006	20092	87	19988	20137
364439326	1	132	6.609E-29	2	20006	20594	464	121	0.892	3.312E-29	61	124	125	20403	20594	192	20391	20642
370354440	1	166	3.847E-39	2	20400	21039	464	104	0.710	3.755E-23	55	125	217	20400	20612	213	20391	20642
370354440	1	166	3.847E-39	2	20400	21039	469	65	0.423	1.639E-09	122	204	217	20809	21039	231	20794	21045
378711609	1	188	9.172E-46	3	20403	20876	464	105	0.726	1.451E-23	69	138	219	20403	20612	210	20391	20642
378711609	1	188	9.172E-46	3	20403	20876	466	59	0.806	7.264E-08	133	166	219	20660	20761	102	20609	20797
378711609	1	188	9.172E-46	3	20403	20876	468	35	0.630	4.545E+01	160	185	219	20799	20876	78	20646	20915
378771762	1	268	7.587E-70	4	20225	21039	456	51	0.575	3.975E-05	146	186	338	20225	20353	129	20192	20356
378771762	1	268	7.587E-70	4	20225	21039	464	113	0.774	2.566E-26	186	255	338	20406	20615	210	20391	20642
378771762	1	268	7.587E-70	4	20225	21039	466	66	0.926	1.710E-10	250	282	338	20663	20761	99	20609	20797
378771762	1	268	7.587E-70	4	20225	21039	469	60	0.800	7.414E-08	302	336	338	20935	21039	105	20794	21045
378801699	1	103	3.548E-20	1	20403	20615	464	103	0.703	9.719E-23	41	111	113	20403	20615	213	20391	20642
378867349	1	263	2.428E-68	4	20400	21039	464	109	0.738	8.376E-25	67	137	224	20400	20612	213	20391	20642
378867349	1	263	2.428E-68	4	20400	21039	466	67	0.931	1.244E-10	133	165	224	20663	20761	99	20609	20797
378867349	1	263	2.428E-68	4	20400	21039	468	36	0.576	1.760E+01	164	190	224	20814	20903	90	20646	20915
378867349	1	263	2.428E-68	4	20400	21039	469	60	0.800	7.414E-08	185	219	224	20935	21039	105	20794	21045
379376633	1	356	2.451E-96	6	20012	21039	452	34	0.591	2.176E+01	7	33	229	20012	20092	81	19988	20137
379376633	1	356	2.451E-96	6	20012	21039	456	42	0.483	3.290E-02	33	76	229	20225	20356	132	20192	20356
379376633	1	356	2.451E-96	6	20012	21039	464	115	0.776	5.264E-27	74	144	229	20403	20615	213	20391	20642
379376633	1	356	2.451E-96	6	20012	21039	466	70	0.978	7.097E-12	139	171	229	20663	20761	99	20609	20797
379376633	1	356	2.451E-96	6	20012	21039	468	36	0.744	2.415E+01	169	190	229	20811	20876	66	20646	20915
379376633	1	356	2.451E-96	6	20012	21039	469	64	0.844	4.251E-09	191	225	229	20935	21039	105	20794	21045
391067788	1	255	6.215E-66	4	20403	21039	464	111	0.764	9.114E-26	73	142	226	20403	20612	210	20391	20642
391067788	1	255	6.215E-66	4	20403	21039	466	57	0.781	3.576E-07	137	170	226	20660	20761	102	20609	20797
391067788	1	255	6.215E-66	4	20403	21039	468	37	0.663	9.348E+00	164	189	226	20799	20876	78	20646	20915
391067788	1	255	6.215E-66	4	20403	21039	469	59	0.791	1.400E-07	190	224	226	20935	21039	105	20794	21045
391650812	1	462	3.022E-128	6	20006	21039	452	50	0.794	5.839E-05	0	28	223	20006	20092	87	19988	20137
391650812	1	462	3.022E-128	6	20006	21039	456	96	1.000	6.964E-21	28	71	223	20225	20356	132	20192	20356
391650812	1	462	3.022E-128	6	20006	21039	464	128	0.856	1.107E-31	69	139	223	20403	20615	213	20391	20642
391650812	1	462	3.022E-128	6	20006	21039	466	74	1.000	2.949E-13	133	166	223	20660	20761	102	20609	20797
391650812	1	462	3.022E-128	6	20006	21039	468	47	0.957	4.655E-03	164	185	223	20811	20876	66	20646	20915
391650812	1	462	3.022E-128	6	20006	21039	469	73	0.961	2.084E-12	186	220	223	20935	21039	105	20794	21045
392849055	1	196	3.583E-48	3	20403	21039	464	102	0.709	1.334E-22	74	143	226	20403	20612	210	20391	20642
392849055	1	196	3.583E-48	3	20403	21039	466	58	0.812	1.890E-07	139	171	226	20663	20761	99	20609	20797
392849055	1	196	3.583E-48	3	20403	21039	469	58	0.771	4.988E-07	191	225	226	20935	21039	105	20794	21045
393116632	1	103	3.548E-20	1	20403	20612	464	103	0.714	7.079E-23	45	114	123	20403	20612	210	20391	20642
393380609	1	180	2.348E-43	3	20400	21039	464	108	0.731	2.167E-24	72	142	234	20400	20612	213	20391	20642
393380609	1	180	2.348E-43	3	20400	21039	468	35	0.729	4.545E+01	166	187	234	20811	20876	66	20646	20915
393380609	1	180	2.348E-43	3	20400	21039	469	58	0.776	3.630E-07	188	222	234	20935	21039	105	20794	21045
393688699	-1	202	5.598E-50	3	13346	33725	1104	91	0.750	3.133E-18	109	166	239	-33725	-33552	174	33857	33549
393688699	-1	202	5.598E-50	3	13346	33725	1119	37	0.462	4.286E+00	166	199	239	-32933	-32814	120	33002	32814
393688699	-1	202	5.598E-50	3	13346	33725	1569	87	0.776	1.035E-17	186	238	239	-13504	-13346	159	13510	13346
393835447	1	264	1.214E-68	4	20400	21039	464	109	0.738	8.376E-25	48	118	203	20400	20612	213	20391	20642
393835447	1	264	1.214E-68	4	20400	21039	466	67	0.931	1.244E-10	114	146	203	20663	20761	99	20609	20797
393835447	1	264	1.214E-68	4	20400	21039	468	37	0.582	1.283E+01	145	171	203	20814	20903	90	20646	20915
393835447	1	264	1.214E-68	4	20400	21039	469	60	0.800	7.414E-08	166	200	203	20935	21039	105	20794	21045
393835740	1	223	2.669E-56	3	20400	21039	464	109	0.738	8.376E-25	48	118	203	20400	20612	213	20391	20642
393835740	1	223	2.669E-56	3	20400	21039	466	67	0.756	9.050E-11	114	155	203	20663	20785	123	20609	20797
393835740	1	223	2.669E-56	3	20400	21039	469	60	0.800	7.414E-08	166	200	203	20935	21039	105	20794	21045
393835834	1	207	1.749E-51	3	20400	20876	464	109	0.738	8.376E-25	48	118	203	20400	20612	213	20391	20642
393835834	1	207	1.749E-51	3	20400	20876	466	67	0.931	1.244E-10	114	146	203	20663	20761	99	20609	20797
393835834	1	207	1.749E-51	3	20400	20876	468	36	0.776	2.415E+01	145	165	203	20814	20876	63	20646	20915
400960745	1	322	4.212E-86	5	20231	21039	456	40	0.490	1.634E-01	47	85	237	20231	20353	123	20192	20356
400960745	1	322	4.212E-86	5	20231	21039	464	108	0.740	2.167E-24	84	153	237	20403	20612	210	20391	20642
400960745	1	322	4.212E-86	5	20231	21039	466	66	0.896	2.352E-10	148	181	237	20660	20761	102	20609	20797
400960745	1	322	4.212E-86	5	20231	21039	468	43	0.879	1.109E-01	179	200	237	20811	20876	66	20646	20915
400960745	1	322	4.212E-86	5	20231	21039	469	70	0.927	1.923E-11	201	235	237	20935	21039	105	20794	21045
403616787	1	207	1.749E-51	3	20403	21045	464	108	0.740	2.167E-24	76	145	230	20403	20612	210	20391	20642
403616787	1	207	1.749E-51	3	20403	21045	466	62	0.864	7.809E-09	141	173	230	20663	20761	99	20609	20797
403616787	1	207	1.749E-51	3	20403	21045	469	59	0.753	1.400E-07	193	229	230	20935	21045	111	20794	21045
405728290	-1	166	3.847E-39	3	8824	33731	1104	52	0.453	9.170E-05	119	177	391	-33731	-33552	180	33857	33549
405728290	-1	166	3.847E-39	3	8824	33731	1569	63	0.594	2.014E-09	198	249	391	-13504	-13349	156	13510	13346
405728290	-1	166	3.847E-39	3	8824	33731	1682	70	0.403	1.199E-10	249	344	391	-9111	-8824	288	9135	8776
405844439	-1	227	1.668E-57	4	8947	33749	1104	65	0.566	3.701E-09	90	146	374	-33749	-33579	171	33857	33549
405844439	-1	227	1.668E-57	4	8947	33749	1119	42	0.521	4.839E-02	153	186	374	-32933	-32814	120	33002	32814
405844439	-1	227	1.668E-57	4	8947	33749	1569	66	0.617	2.166E-10	173	224	374	-13504	-13349	156	13510	13346
405844439	-1	227	1.668E-57	4	8947	33749	1682	71	0.629	6.382E-11	224	277	374	-9111	-8947	165	9135	8776
407412540	1	202	5.598E-50	3	20403	21039	464	104	0.721	2.735E-23	70	139	222	20403	20612	210	20391	20642
407412540	1	202	5.598E-50	3	20403	21039	466	57	0.797	4.918E-07	135	167	222	20663	20761	99	20609	20797
407412540	1	202	5.598E-50	3	20403	21039	469	63	0.839	5.840E-09	187	221	222	20935	21039	105	20794	21045
407510295	1	205	6.998E-51	3	20403	21039	464	102	0.709	1.334E-22	75	144	233	20403	20612	210	20391	20642
407510295	1	205	6.998E-51	3	20403	21039	466	61	0.836	1.074E-08	139	172	233	20660	20761	102	20609	20797
407510295	1	205	6.998E-51	3	20403	21039	469	65	0.864	1.193E-09	192	226	233	20935	21039	105	20794	21045
407551167	1	258	7.769E-67	4	20400	21039	464	108	0.736	1.150E-24	73	143	232	20400	20612	213	20391	20642
407551167	1	258	7.769E-67	4	20400	21039	466	61	0.848	2.031E-08	139	171	232	20663	20761	99	20609	20797
407551167	1	258	7.769E-67	4	20400	21039	468	35	0.624	6.234E+01	165	190	232	20799	20876	78	20646	20915
407551167	1	258	7.769E-67	4	20400	21039	469	62	0.825	1.514E-08	191	225	232	20935	21039	105	20794	21045
407670644	1	205	6.998E-51	3	20400	21039	464	107	0.726	4.085E-24	76	146	249	20400	20612	213	20391	20642
407670644	1	205	6.998E-51	3	20400	21039	466	57	0.797	4.918E-07	142	174	249	20663	20761	99	20609	20797
407670644	1	205	6.998E-51	3	20400	21039	469	63	0.839	5.840E-09	194	228	249	20935	21039	105	20794	21045
407816908	1	199	4.479E-49	3	20403	21039	464	103	0.711	9.719E-23	73	142	225	20403	20612	210	20391	20642
407816908	1	199	4.479E-49	3	20403	21039	466	57	0.802	3.576E-07	138	170	225	20663	20761	99	20609	20797
407816908	1	199	4.479E-49	3	20403	21039	469	61	0.805	5.396E-08	190	224	225	20935	21039	105	20794	21045
407844335	1	201	1.120E-49	3	20403	21039	464	101	0.702	3.453E-22	74	143	232	20403	20612	210	20391	20642
407844335	1	201	1.120E-49	3	20403	21039	466	61	0.836	1.074E-08	138	171	232	20660	20761	102	20609	20797
407844335	1	201	1.120E-49	3	20403	21039	469	62	0.820	2.081E-08	191	225	232	20935	21039	105	20794	21045
408143015	1	149	5.042E-34	2	20225	20612	456	45	0.520	3.497E-03	1	43	114	20225	20353	129	20192	20356
408143015	1	149	5.042E-34	2	20225	20612	464	106	0.722	7.699E-24	41	111	114	20400	20612	213	20391	20642
408356847	-1	115	8.663E-24	2	8917	13498	1569	65	0.631	4.095E-10	38	87	219	-13498	-13349	150	13510	13346
408356847	-1	115	8.663E-24	2	8917	13498	1682	51	0.414	4.322E-04	86	145	219	-9114	-8917	198	9135	8776
416060452	1	204	1.400E-50	3	20400	21039	464	106	0.719	1.057E-23	75	145	230	20400	20612	213	20391	20642
416060452	1	204	1.400E-50	3	20400	21039	466	61	0.826	2.031E-08	140	173	230	20660	20761	102	20609	20797
416060452	1	204	1.400E-50	3	20400	21039	469	60	0.795	1.019E-07	193	227	230	20935	21039	105	20794	21045
422310890	1	199	4.479E-49	3	20403	21039	464	104	0.716	5.156E-23	80	149	266	20403	20612	210	20391	20642
422310890	1	199	4.479E-49	3	20403	21039	466	58	0.791	1.890E-07	144	177	266	20660	20761	102	20609	20797
422310890	1	199	4.479E-49	3	20403	21039	469	60	0.795	1.019E-07	197	231	266	20935	21039	105	20794	21045
422329790	1	100	2.839E-19	1	20403	20612	464	100	0.697	6.510E-22	45	114	117	20403	20612	210	20391	20642
430443642	1	321	8.423E-86	5	20225	21039	456	43	0.500	1.734E-02	29	69	221	20225	20353	129	20192	20356
430443642	1	321	8.423E-86	5	20225	21039	464	109	0.750	6.101E-25	68	137	221	20403	20612	210	20391	20642
430443642	1	321	8.423E-86	5	20225	21039	466	67	0.911	9.050E-11	132	165	221	20660	20761	102	20609	20797
430443642	1	321	8.423E-86	5	20225	21039	468	40	0.815	1.399E+00	163	184	221	20811	20876	66	20646	20915
430443642	1	321	8.423E-86	5	20225	21039	469	67	0.883	3.350E-10	185	219	221	20935	21039	105	20794	21045
430921338	1	199	4.479E-49	3	20400	21039	464	103	0.705	7.079E-23	76	146	249	20400	20612	213	20391	20642
430921338	1	199	4.479E-49	3	20400	21039	466	55	0.781	1.280E-06	142	174	249	20663	20761	99	20609	20797
430921338	1	199	4.479E-49	3	20400	21039	469	63	0.830	1.102E-08	194	228	249	20935	21039	105	20794	21045
436051336	1	196	3.583E-48	3	20400	21039	464	105	0.714	1.992E-23	76	146	230	20400	20612	213	20391	20642
436051336	1	196	3.583E-48	3	20400	21039	466	55	0.761	1.280E-06	141	174	230	20660	20761	102	20609	20797
436051336	1	196	3.583E-48	3	20400	21039	469	59	0.786	1.923E-07	194	228	230	20935	21039	105	20794	21045
436494713	1	106	4.435E-21	1	20403	20612	464	106	0.728	1.057E-23	40	109	112	20403	20612	210	20391	20642
436558224	1	197	1.791E-48	3	20400	21039	464	105	0.717	1.451E-23	74	144	247	20400	20612	213	20391	20642
436558224	1	197	1.791E-48	3	20400	21039	466	57	0.807	2.600E-07	140	172	247	20663	20761	99	20609	20797
436558224	1	197	1.791E-48	3	20400	21039	469	57	0.766	6.853E-07	192	226	247	20935	21039	105	20794	21045
436769733	1	259	3.885E-67	4	20400	21039	464	109	0.729	8.376E-25	72	143	226	20400	20615	216	20391	20642
436769733	1	259	3.885E-67	4	20400	21039	466	61	0.831	1.477E-08	137	170	226	20660	20761	102	20609	20797
436769733	1	259	3.885E-67	4	20400	21039	468	34	0.713	8.551E+01	168	189	226	20811	20876	66	20646	20915
436769733	1	259	3.885E-67	4	20400	21039	469	61	0.810	3.928E-08	190	224	226	20935	21039	105	20794	21045
436936120	1	102	7.097E-20	1	20403	20612	464	102	0.704	2.515E-22	40	109	112	20403	20612	210	20391	20642
437034441	1	200	2.239E-49	3	20403	20876	464	105	0.792	1.992E-23	73	135	233	20403	20591	189	20391	20642
437034441	1	200	2.239E-49	3	20403	20876	466	57	0.761	3.576E-07	136	170	233	20657	20761	105	20609	20797
437034441	1	200	2.239E-49	3	20403	20876	468	38	0.826	3.617E+00	169	189	233	20814	20876	63	20646	20915
437324407	1	267	1.517E-69	4	20225	21039	456	47	0.526	9.722E-04	122	163	315	20225	20356	132	20192	20356
437324407	1	267	1.517E-69	4	20225	21039	464	109	0.741	6.101E-25	161	231	315	20403	20615	213	20391	20642
437324407	1	267	1.517E-69	4	20225	21039	466	74	1.000	5.571E-13	226	258	315	20663	20761	99	20609	20797
437324407	1	267	1.517E-69	4	20225	21039	469	61	0.815	2.859E-08	278	312	315	20935	21039	105	20794	21045
437410739	-1	59	6.242E-07	1	13349	13489	1569	59	0.614	3.547E-08	9	55	70	-13489	-13349	141	13510	13346
437543565	1	214	1.367E-53	3	20403	21039	464	110	0.745	3.237E-25	73	143	228	20403	20615	213	20391	20642
437543565	1	214	1.367E-53	3	20403	21039	466	66	0.926	1.710E-10	138	170	228	20663	20761	99	20609	20797
437543565	1	214	1.367E-53	3	20403	21039	469	61	0.815	2.859E-08	190	224	228	20935	21039	105	20794	21045
440521747	1	306	2.760E-81	5	20231	21039	456	41	0.494	1.186E-01	47	85	237	20231	20353	123	20192	20356
440521747	1	306	2.760E-81	5	20231	21039	464	111	0.762	1.251E-25	84	153	237	20403	20612	210	20391	20642
440521747	1	306	2.760E-81	5	20231	21039	466	67	0.768	1.244E-10	148	188	237	20660	20779	120	20609	20797
440521747	1	306	2.760E-81	5	20231	21039	468	41	0.621	5.409E-01	179	206	237	20811	20903	93	20646	20915
440521747	1	306	2.760E-81	5	20231	21039	469	64	0.849	3.094E-09	201	235	237	20935	21039	105	20794	21045
451105199	1	120	2.707E-25	2	20406	21039	464	108	0.714	2.167E-24	31	103	188	20406	20624	219	20391	20642
451105199	1	120	2.707E-25	2	20406	21039	469	57	0.766	6.853E-07	150	184	188	20935	21039	105	20794	21045
451575052	1	266	3.035E-69	4	20403	21039	464	109	0.752	4.444E-25	69	138	225	20403	20612	210	20391	20642
451575052	1	266	3.035E-69	4	20403	21039	466	68	0.952	3.483E-11	134	166	225	20663	20761	99	20609	20797
451575052	1	266	3.035E-69	4	20403	21039	468	36	0.570	2.415E+01	165	191	225	20814	20903	90	20646	20915
451575052	1	266	3.035E-69	4	20403	21039	469	62	0.825	1.514E-08	186	220	225	20935	21039	105	20794	21045
452024061	-1	162	6.155E-38	3	9034	33806	1104	59	0.384	5.837E-07	51	123	318	-33806	-33552	255	33857	33549
452024061	-1	162	6.155E-38	3	9034	33806	1569	72	0.672	9.669E-13	143	194	318	-13504	-13349	156	13510	13346
452024061	-1	162	6.155E-38	3	9034	33806	1682	50	0.852	8.089E-04	193	219	318	-9114	-9034	81	9135	8776
452073508	-1	202	5.598E-50	3	13346	33725	1104	90	0.741	8.097E-18	98	155	228	-33725	-33552	174	33857	33549
452073508	-1	202	5.598E-50	3	13346	33725	1119	37	0.462	4.286E+00	155	188	228	-32933	-32814	120	33002	32814
452073508	-1	202	5.598E-50	3	13346	33725	1569	88	0.789	2.905E-18	175	227	228	-13504	-13346	159	13510	13346
 