391650812	1	20006	145656192	1	20003
391650812	1	20006	391650812	1	20006
391650812	1	20006	8371349	1	20006
391650812	1	20006	320569319	1	20006
391650812	1	20006	204303779	1	20006
391650812	1	20006	225348	1	20006
391650812	1	20006	272315848	1	20006
391650812	1	20006	898178	1	20006
391650812	1	20006	364439326	1	20006
391650812	1	20006	73339029	1	20009
391650812	1	20006	305930434	1	20009
391650812	1	20006	234171	1	20009
391650812	1	20006	379376633	1	20012
391650812	1	20006	301576561	1	20012
391650812	1	20006	117413651	1	20012
391650812	1	20006	335402870	1	20012
391650812	1	20006	160305042	1	20015
391650812	1	20006	291332362	1	20015
391650812	1	20006	160215781	1	20015
391650812	1	20006	73240376	1	20015
391650812	1	20006	218755296	1	20015
391650812	1	20006	349617177	1	20015
391650812	1	20006	306113209	1	20015
391650812	1	20006	96411637	1	20225
391650812	1	20006	430443642	1	20225
391650812	1	20006	247698582	1	20225
391650812	1	20006	102006850	1	20225
391650812	1	20006	233361924	1	20225
391650812	1	20006	103003812	1	20225
391650812	1	20006	203916405	1	20225
391650812	1	20006	632009	1	20225
391650812	1	20006	87677360	1	20225
391650812	1	20006	378771762	1	20225
391650812	1	20006	437324407	1	20225
391650812	1	20006	306552061	1	20225
391650812	1	20006	233846682	1	20225
391650812	1	20006	175279088	1	20225
391650812	1	20006	218902264	1	20225
391650812	1	20006	102493970	1	20225
391650812	1	20006	29779517	1	20225
391650812	1	20006	15229754	1	20225
391650812	1	20006	59144215	1	20225
391650812	1	20006	978094	1	20225
391650812	1	20006	190019102	1	20225
391650812	1	20006	408143015	1	20225
391650812	1	20006	117110913	1	20225
391650812	1	20006	335435755	1	20225
391650812	1	20006	400960745	1	20231
391650812	1	20006	330936163	1	20231
391650812	1	20006	28901769	1	20231
391650812	1	20006	440521747	1	20231
391650812	1	20006	144666848	1	20231
391650812	1	20006	121719602	1	20231
391650812	1	20006	233160664	1	20231
391650812	1	20006	174764366	1	20400
391650812	1	20006	29868534	1	20400
391650812	1	20006	73920739	1	20400
391650812	1	20006	103004081	1	20400
391650812	1	20006	103004395	1	20400
391650812	1	20006	349783853	1	20400
391650812	1	20006	393835447	1	20400
391650812	1	20006	29869147	1	20400
391650812	1	20006	161170339	1	20400
391650812	1	20006	378867349	1	20400
391650812	1	20006	161170233	1	20400
391650812	1	20006	233878324	1	20400
391650812	1	20006	334694323	1	20400
391650812	1	20006	87681829	1	20400
391650812	1	20006	436769733	1	20400
391650812	1	20006	306144789	1	20400
391650812	1	20006	407551167	1	20400
391650812	1	20006	276677665	1	20400
391650812	1	20006	58576389	1	20400
391650812	1	20006	218331057	1	20400
391650812	1	20006	320118937	1	20400
391650812	1	20006	393835740	1	20400
391650812	1	20006	131082726	1	20400
391650812	1	20006	262281244	1	20400
391650812	1	20006	306048265	1	20400
391650812	1	20006	407670644	1	20400
391650812	1	20006	416060452	1	20400
391650812	1	20006	84530030	1	20400
391650812	1	20006	283356773	1	20400
391650812	1	20006	257781383	1	20400
391650812	1	20006	44364242	1	20400
391650812	1	20006	73479621	1	20400
391650812	1	20006	284043565	1	20400
391650812	1	20006	218760896	1	20400
391650812	1	20006	430921338	1	20400
391650812	1	20006	29551615	1	20400
391650812	1	20006	436558224	1	20400
391650812	1	20006	436051336	1	20400
391650812	1	20006	80776226	1	20400
391650812	1	20006	393380609	1	20400
391650812	1	20006	370354440	1	20400
391650812	1	20006	247554478	1	20400
391650812	1	20006	175270666	1	20400
391650812	1	20006	393835834	1	20400
391650812	1	20006	305658652	1	20400
391650812	1	20006	145874576	1	20400
391650812	1	20006	363988550	1	20400
391650812	1	20006	73229281	1	20400
391650812	1	20006	174839058	1	20400
391650812	1	20006	334812940	1	20400
391650812	1	20006	58505298	1	20400
391650812	1	20006	335344175	1	20400
391650812	1	20006	58475746	1	20400
391650812	1	20006	174811837	1	20400
391650812	1	20006	73461784	1	20400
391650812	1	20006	403616787	1	20403
391650812	1	20006	145972856	1	20403
391650812	1	20006	29702306	1	20403
391650812	1	20006	196048959	1	20403
391650812	1	20006	214044593	1	20403
391650812	1	20006	291601699	1	20403
391650812	1	20006	451575052	1	20403
391650812	1	20006	145660679	1	20403
391650812	1	20006	335669239	1	20403
391650812	1	20006	364428234	1	20403
391650812	1	20006	202802534	1	20403
391650812	1	20006	391067788	1	20403
391650812	1	20006	270371824	1	20403
391650812	1	20006	12935278	1	20403
391650812	1	20006	40688919	1	20403
391650812	1	20006	65271731	1	20403
391650812	1	20006	256598776	1	20403
391650812	1	20006	297784725	1	20403
391650812	1	20006	345985433	1	20403
391650812	1	20006	171449091	1	20403
391650812	1	20006	349708029	1	20403
391650812	1	20006	437543565	1	20403
391650812	1	20006	362382482	1	20403
391650812	1	20006	704314	1	20403
391650812	1	20006	189307308	1	20403
391650812	1	20006	364114483	1	20403
391650812	1	20006	59463630	1	20403
391650812	1	20006	305871205	1	20403
391650812	1	20006	204154750	1	20403
391650812	1	20006	276824222	1	20403
391650812	1	20006	457876	1	20403
391650812	1	20006	102357855	1	20403
391650812	1	20006	407510295	1	20403
391650812	1	20006	73167987	1	20403
391650812	1	20006	218383584	1	20403
391650812	1	20006	291298428	1	20403
391650812	1	20006	407412540	1	20403
391650812	1	20006	203966184	1	20403
391650812	1	20006	335044516	1	20403
391650812	1	20006	407844335	1	20403
391650812	1	20006	222085	1	20403
391650812	1	20006	37101944	1	20403
391650812	1	20006	174724159	1	20403
391650812	1	20006	305951121	1	20403
391650812	1	20006	407816908	1	20403
391650812	1	20006	422310890	1	20403
391650812	1	20006	189605326	1	20403
391650812	1	20006	73888654	1	20403
391650812	1	20006	363810379	1	20403
391650812	1	20006	364049670	1	20403
391650812	1	20006	305626437	1	20403
391650812	1	20006	392849055	1	20403
391650812	1	20006	363969132	1	20403
391650812	1	20006	58383190	1	20403
391650812	1	20006	87681747	1	20403
391650812	1	20006	29514432	1	20403
391650812	1	20006	29513841	1	20403
391650812	1	20006	262194244	1	20403
391650812	1	20006	189826169	1	20403
391650812	1	20006	437034441	1	20403
391650812	1	20006	247978394	1	20403
391650812	1	20006	131428678	1	20403
391650812	1	20006	378711609	1	20403
391650812	1	20006	334879219	1	20403
391650812	1	20006	378801699	1	20403
391650812	1	20006	204660705	1	20403
391650812	1	20006	321128310	1	20403
391650812	1	20006	58586510	1	20403
391650812	1	20006	1213590	1	20403
391650812	1	20006	218852919	1	20403
391650812	1	20006	305998288	1	20403
391650812	1	20006	436494713	1	20403
391650812	1	20006	189568802	1	20403
391650812	1	20006	102036600	1	20403
391650812	1	20006	174832030	1	20403
391650812	1	20006	233193979	1	20403
391650812	1	20006	262667985	1	20403
391650812	1	20006	276937126	1	20403
391650812	1	20006	349389368	1	20403
391650812	1	20006	364033396	1	20403
391650812	1	20006	393116632	1	20403
391650812	1	20006	43839754	1	20403
391650812	1	20006	436936120	1	20403
391650812	1	20006	422329790	1	20403
391650812	1	20006	451105199	1	20406
391650812	1	20006	189689966	1	20412
219061461	1	20663	219061461	1	20663
219061461	1	20663	335393112	1	20663
349898166	1	24436	349898166	1	24436
349898166	1	24436	335402091	1	24436
110642638	-1	1857	110642638	-1	1857
110642638	-1	1857	102690451	-1	1857
110642638	-1	1857	405728290	-1	8824
110642638	-1	1857	328438202	-1	8839
110642638	-1	1857	408356847	-1	8917
110642638	-1	1857	303395484	-1	8929
110642638	-1	1857	333162494	-1	8929
110642638	-1	1857	1165937	-1	8929
110642638	-1	1857	189953027	-1	8929
110642638	-1	1857	160898473	-1	8929
110642638	-1	1857	131739288	-1	8929
110642638	-1	1857	7880745	-1	8932
110642638	-1	1857	405844439	-1	8947
110642638	-1	1857	204564518	-1	8947
110642638	-1	1857	190001128	-1	8947
110642638	-1	1857	306609676	-1	8950
110642638	-1	1857	321048133	-1	8950
110642638	-1	1857	306300983	-1	8962
110642638	-1	1857	161036367	-1	8962
110642638	-1	1857	303949988	-1	8962
110642638	-1	1857	37206739	-1	8971
110642638	-1	1857	350164833	-1	8971
110642638	-1	1857	15678499	-1	8986
110642638	-1	1857	204652838	-1	9028
110642638	-1	1857	452024061	-1	9034
110642638	-1	1857	971673	-1	9037
110642638	-1	1857	175646882	-1	13346
110642638	-1	1857	393688699	-1	13346
110642638	-1	1857	452073508	-1	13346
110642638	-1	1857	15792650	-1	13346
110642638	-1	1857	233619984	-1	13346
110642638	-1	1857	189879281	-1	13349
110642638	-1	1857	437410739	-1	13349
110642638	-1	1857	102762040	-1	32856
110642638	-1	1857	59300483	-1	33549
 