117489348	1	8223	170422614	1	8223
117489348	1	8223	117489348	1	8223
117489348	1	8223	422743177	1	8223
117489348	1	8223	262843405	1	8223
117489348	1	8223	117465528	1	8223
117489348	1	8223	248244609	1	8223
117489348	1	8223	291943259	1	8223
117489348	1	8223	379187356	1	8223
117489348	1	8223	321022274	1	8223
117489348	1	8223	131982794	1	8223
117489348	1	8223	379064896	1	8223
117489348	1	8223	102824355	1	8223
117489348	1	8223	59198226	1	8223
117489348	1	8223	99880320	1	8223
117489348	1	8223	88153790	1	8223
117489348	1	8223	59052443	1	8223
117489348	1	8223	408201845	1	8223
117489348	1	8223	233471350	1	8223
117489348	1	8223	393660822	1	8223
117489348	1	8223	95407240	1	8223
117489348	1	8223	88154201	1	8223
117489348	1	8223	195107732	1	8226
117489348	1	8223	267816688	1	8226
117489348	1	8223	248111575	1	8226
117489348	1	8223	262676879	1	8226
117489348	1	8223	393917031	1	8226
117489348	1	8223	59328498	1	8226
117489348	1	8223	1075386	1	8226
117489348	1	8223	59198401	1	8226
117489348	1	8223	15836739	1	8226
117489348	1	8223	152532057	1	8232
117489348	1	8223	85832180	1	8232
117489348	1	8223	461216382	1	8232
117489348	1	8223	98478874	1	8232
117489348	1	8223	321028260	1	8232
117489348	1	8223	231811123	1	8232
117489348	1	8223	138242884	1	8232
117489348	1	8223	233774013	1	8244
117489348	1	8223	44801234	1	8247
117489348	1	8223	451895692	1	8247
117489348	1	8223	277397744	1	8247
117489348	1	8223	306482841	1	8247
117489348	1	8223	88065588	1	8247
117489348	1	8223	233772054	1	8247
117489348	1	8223	146525525	1	8259
117489348	1	8223	408275070	1	8262
117489348	1	8223	59029951	1	8262
117489348	1	8223	219108708	1	8265
117489348	1	8223	153167946	1	8268
117489348	1	8223	274718143	1	8271
117489348	1	8223	298951746	1	8274
117489348	1	8223	154588062	1	8274
117489348	1	8223	373811163	1	8274
117489348	1	8223	21371566	1	8274
117489348	1	8223	393484329	1	8274
117489348	1	8223	30335113	1	8274
117489348	1	8223	342734091	1	8277
117489348	1	8223	335242901	1	8617
117489348	1	8223	131787947	1	8617
117489348	1	8223	233451958	1	8617
379303083	1	18725	233867628	1	18692
379303083	1	18725	379303083	1	18725
379303083	1	18725	15762635	1	18725
146316134	1	19636	146316134	1	19636
146316134	1	19636	241476761	1	19800
146316134	1	19636	231758695	1	19815
146316134	1	19636	197553300	1	19815
146316134	1	19636	204668284	1	19815
146316134	1	19636	127687421	1	19815
146316134	1	19636	197733482	1	19815
146316134	1	19636	256048482	1	19815
146316134	1	19636	444955780	1	19815
146316134	1	19636	30039259	1	19815
146316134	1	19636	15769952	1	19815
146316134	1	19636	186543468	1	19818
146316134	1	19636	88554403	1	19818
146316134	1	19636	66098222	1	19818
146316134	1	19636	24650100	1	19821
146316134	1	19636	216017884	1	19821
146316134	1	19636	9418012	1	19821
146316134	1	19636	26119202	1	19821
146316134	1	19636	372733250	1	19821
146316134	1	19636	1299806	1	19821
146316134	1	19636	461392198	1	19821
146316134	1	19636	204574185	1	19821
146316134	1	19636	319430347	1	19821
146316134	1	19636	204523772	1	19821
146316134	1	19636	248147891	1	19821
146316134	1	19636	73933382	1	19821
146316134	1	19636	88429078	1	19821
146316134	1	19636	319739388	1	19821
146316134	1	19636	233836704	1	19821
146316134	1	19636	321220421	1	19821
146316134	1	19636	129123495	1	19821
146316134	1	19636	138604574	1	19821
146316134	1	19636	359732245	1	19821
146316134	1	19636	129198749	1	19821
146316134	1	19636	145095383	1	19821
146316134	1	19636	283799164	1	19821
146316134	1	19636	115070376	1	19821
146316134	1	19636	290492863	1	19821
146316134	1	19636	171129509	1	19821
146316134	1	19636	248267163	1	19821
146316134	1	19636	69509294	1	19821
146316134	1	19636	273489490	1	19821
146316134	1	19636	302262699	1	19821
146316134	1	19636	315085014	1	19821
146316134	1	19636	37031958	1	19821
146316134	1	19636	346140530	1	19821
146316134	1	19636	370589793	1	19821
146316134	1	19636	437475965	1	19821
146316134	1	19636	55850365	1	19821
146316134	1	19636	67734338	1	19821
146316134	1	19636	83266773	1	19821
146316134	1	19636	358578000	1	19821
146316134	1	19636	436021911	1	19821
146316134	1	19636	460936519	1	19821
146316134	1	19636	361391534	1	19821
146316134	1	19636	184224763	1	19821
146316134	1	19636	43388020	1	19821
146316134	1	19636	52832568	1	19821
146316134	1	19636	102664426	1	19821
146316134	1	19636	103072417	1	19821
146316134	1	19636	109248937	1	19821
146316134	1	19636	218996967	1	19821
146316134	1	19636	219183708	1	19821
146316134	1	19636	288082177	1	19821
146316134	1	19636	349783812	1	19821
146316134	1	19636	406020294	1	19821
146316134	1	19636	15362821	1	19821
146316134	1	19636	113750727	1	19821
146316134	1	19636	233870235	1	19821
146316134	1	19636	422714891	1	19821
146316134	1	19636	437256470	1	19821
146316134	1	19636	109327108	1	19821
146316134	1	19636	435305925	1	19821
146316134	1	19636	103058623	1	19821
146316134	1	19636	15812793	1	19821
146316134	1	19636	255257156	1	19821
146316134	1	19636	451561106	1	19821
146316134	1	19636	117356024	1	19821
146316134	1	19636	316259241	1	19821
146316134	1	19636	344745233	1	19821
146316134	1	19636	145083884	1	19821
146316134	1	19636	12271180	1	19821
146316134	1	19636	39453070	1	19821
146316134	1	19636	40408002	1	19821
146316134	1	19636	379130838	1	19821
146316134	1	19636	283634794	1	19821
146316134	1	19636	379282475	1	19821
146316134	1	19636	334231136	1	19821
146316134	1	19636	335723655	1	19821
146316134	1	19636	145104806	1	19821
146316134	1	19636	59044601	1	19821
146316134	1	19636	88141636	1	19821
146316134	1	19636	373572942	1	19821
146316134	1	19636	82021884	1	19821
146316134	1	19636	343707684	1	19821
146316134	1	19636	462661242	1	19821
146316134	1	19636	15746869	1	19821
146316134	1	19636	378895094	1	19821
146316134	1	19636	405592149	1	19821
146316134	1	19636	319512968	1	19821
146316134	1	19636	290803214	1	19821
146316134	1	19636	437351072	1	19821
146316134	1	19636	117246601	1	19821
146316134	1	19636	175690639	1	19821
146316134	1	19636	306599059	1	19821
146316134	1	19636	225390929	1	19821
146316134	1	19636	113771322	1	19824
146316134	1	19636	117257370	1	19824
146316134	1	19636	29880283	1	19824
146316134	1	19636	152955089	1	19824
146316134	1	19636	321081436	1	19824
146316134	1	19636	431339423	1	19824
146316134	1	19636	161017466	1	19824
146316134	1	19636	415920936	1	19824
146316134	1	19636	416226005	1	19824
146316134	1	19636	449634896	1	19824
146316134	1	19636	15502931	1	19824
146316134	1	19636	306453704	1	19824
146316134	1	19636	292117382	1	19824
146316134	1	19636	130437586	1	19824
146316134	1	19636	402892215	1	19824
146316134	1	19636	55195460	1	19824
146316134	1	19636	289691574	1	19824
146316134	1	19636	160822349	1	19824
146316134	1	19636	361963819	1	19824
146316134	1	19636	102771620	1	19824
146316134	1	19636	202236655	1	19824
146316134	1	19636	155917986	1	19824
146316134	1	19636	21413554	1	19824
146316134	1	19636	85629716	1	19824
146316134	1	19636	126102414	1	19824
146316134	1	19636	52107392	1	19824
146316134	1	19636	248299626	1	19824
146316134	1	19636	360462541	1	19824
146316134	1	19636	291856754	1	19824
146316134	1	19636	428825951	1	19824
146316134	1	19636	112483790	1	19824
146316134	1	19636	285750939	1	19824
146316134	1	19636	25222156	1	19824
146316134	1	19636	204538126	1	19824
146316134	1	19636	387070011	1	19824
146316134	1	19636	73733322	1	19824
146316134	1	19636	66870978	1	19824
146316134	1	19636	197322526	1	19824
146316134	1	19636	316090269	1	19824
146316134	1	19636	364348046	1	19824
146316134	1	19636	160791942	1	19824
146316134	1	19636	44684499	1	19827
146316134	1	19636	146189522	1	19827
146316134	1	19636	433596166	1	19827
146316134	1	19636	97233970	1	19827
146316134	1	19636	318639213	1	19827
146316134	1	19636	335719881	1	19827
146316134	1	19636	214274257	1	19827
146316134	1	19636	111362405	1	19827
146316134	1	19636	27221944	1	19827
146316134	1	19636	1204947	1	19827
146316134	1	19636	146584246	1	19827
146316134	1	19636	430704927	1	19827
146316134	1	19636	190010627	1	19827
226438503	1	22825	88418909	1	22825
226438503	1	22825	131953478	1	22825
226438503	1	22825	24734904	1	22825
226438503	1	22825	175556965	1	22825
226438503	1	22825	320973261	1	22825
226438503	1	22825	59222545	1	22825
226438503	1	22825	226438503	1	22825
226438503	1	22825	117235069	1	22825
226438503	1	22825	437255716	1	22834
226438503	1	22825	393630953	1	22855
291731984	-1	24562	291731984	-1	24562
389545143	-1	26174	389545143	-1	26174
389545143	-1	26174	925001	-1	26174
389545143	-1	26174	364488416	-1	26174
389545143	-1	26174	248068596	-1	26177
389545143	-1	26174	420514035	-1	26177
389545143	-1	26174	277446106	-1	26177
389545143	-1	26174	59060350	-1	26183
389545143	-1	26174	374316425	-1	26183
389545143	-1	26174	262731857	-1	26210
389545143	-1	26174	335338965	-1	26219
389545143	-1	26174	29967765	-1	26243
389545143	-1	26174	377464084	-1	26252
389545143	-1	26174	98218852	-1	26297
389545143	-1	26174	102804009	-1	26306
389545143	-1	26174	181918195	-1	26339
389545143	-1	26174	330872179	-1	26339
389545143	-1	26174	73511533	-1	26348
389545143	-1	26174	360877133	-1	26348
389545143	-1	26174	393548404	-1	26348
389545143	-1	26174	445728075	-1	26348
389545143	-1	26174	335432900	-1	26354
389545143	-1	26174	166645559	-1	26357
389545143	-1	26174	131855794	-1	26372
389545143	-1	26174	218987251	-1	26417
389545143	-1	26174	364695193	-1	26420
389545143	-1	26174	437404427	-1	26420
389545143	-1	26174	117598336	-1	26426
389545143	-1	26174	88476739	-1	26468
389545143	-1	26174	161183996	-1	26468
 